EDR/create_files/QSO_8_clustering_data.ecsv
# %ECSV 1.0
# ---
# datatype:
# - {name: TARGETID, datatype: int64}
# - {name: X, unit: Mpc, datatype: float64}
# - {name: Y, unit: Mpc, datatype: float64}
# - {name: Z, unit: Mpc, datatype: float64}
# schema: astropy-2.0
TARGETID X Y Z
[from data line 633]
39627782308761186 -3697.030010085192 -2674.2708393074986 -13.030900994700007
39627782329729692 -4360.999084785701 -3289.4048070266995 -28.86608794074148
39627752113964848 -2641.397091447988 -1924.4817952831688 -84.47574101434485
39627776294127236 -2478.604127405558 -1890.2244562856408 -29.275985475821148
39627758141182473 -3944.353303118055 -2811.0686732378713 -115.14126062226798
39627752113965598 -3808.780685106283 -2778.23456228818 -128.30307863389893
39627782304569772 -2828.9420622254033 -2034.3371794748448 -10.473323709182415
39627794413520510 -3862.0765561045864 -2944.081625131157 12.31971215505995
39627788356944377 -3858.6342132862587 -2831.9246279944555 -4.102712374215627
39627776285737642 -5124.694579805499 -3831.141762334275 -60.15562382685577
39627800419766032 -3977.3602113288207 -2825.8770339474095 42.067985908222575
39627770212389911 -4436.354725519837 -3100.848332021074 -66.04079720923552
39627764172588608 -3363.7487031305955 -2339.3850821201754 -66.61951564441304
39627770237553112 -4010.084264185694 -2951.337221727872 -69.44591832883488
39627770250135209 -4588.352380447174 -3466.890505775464 -74.8468366919281
39627770233361053 -4736.341161955818 -3466.6493807738652 -85.71388202282971
39627782291983597 -4784.766263546778 -3334.8213583401475 -31.036841470442262
39627770250135522 -5172.1600961745135 -3910.123635818786 -81.99007137031798
39627770241746902 -2430.3987723802593 -1804.350495362963 -36.019428100307444
39627758174734908 -3830.0711420275084 -2925.3619546096375 -105.24693657734718
39627782338119751 -4732.9312127091725 -3644.0092712863498 -36.0620342091594
39627746086751156 -4017.2547556027425 -3013.5774488528095 -145.54401912280392
39627776294129548 -2923.7984249916335 -2238.390265961766 -28.11967018142834
39627770224968976 -4614.906104101447 -3297.564944564074 -83.05682823883299
39627764193562707 -3993.286293531501 -2921.239621533983 -82.37503397271551
39627758157956748 -5423.5705225581 -3985.5643489557533 -148.68511061129857
39627788340169594 -3074.4366713858412 -2180.894588526243 -2.495697047283582
39627758166344931 -3949.4195716563745 -2954.6547966778176 -104.2720213313988
39627800444933825 -4664.970370461774 -3512.6929414754127 60.72288184059245
39627794409325649 -3512.615237316531 -2651.40476332291 21.05984967048008
39627746082557098 -1985.8796168758768 -1476.4121542037014 -78.75152547191892
39627800428154410 -3193.5827912295053 -2312.956795633366 37.41115242716709
39627794388358350 -4564.183029900247 -3307.421737223464 19.093000970411758
39627782291985246 -5375.4636350343935 -3755.600574158528 -15.308358753712124
39627800415572168 -5208.360386016714 -3669.6873815511713 45.08110238122343
39627812511943289 -2857.071750205312 -2085.4570529837715 56.583203409712226
39627788356945403 -4128.772482085413 -3035.1316877866575 4.315346635550603
39627800419762469 -3753.692820538851 -2653.7127565684355 43.08659611632319
39627764197753331 -4077.348742355101 -2991.6857258225523 -94.84797046790447
39627788340170496 -4088.764454155516 -2903.645921293477 -7.991239033281796
39627770258526411 -4693.135804588265 -3627.2559175527113 -67.65591234080871
39627788340166794 -3945.232500070028 -2788.6227673766625 -1.537619456585803
39627788335978978 -5082.825401264227 -3590.4038828058688 2.124022712821461
39627812516137542 -3519.0743997319355 -2590.779597330558 68.16060797117377
39627770254331176 -3905.054531199226 -2984.383706301891 -56.81837589721505
39627788340166991 -3953.736508854157 -2795.355302662072 -0.8195070849105005
39627770258526432 -2540.105408124438 -1963.261946912628 -37.46365492774182
39627764201947991 -4397.767055404196 -3259.401874612199 -105.16098096139507
39627812511940656 -4534.875766107853 -3294.859466965783 90.84282976691287
39627794409324704 -4026.044788423772 -3034.561814506362 29.15616707740802
39627788377917808 -3661.5692057296933 -2820.9568736932315 6.978612038254706
39627758178928889 -3437.8893853041045 -2647.5396754251274 -92.75673111591381
39627800440736575 -4127.566092026882 -3069.104306036534 41.45380626893073
39627746065779824 -4028.282604428423 -2889.9701776925026 -149.5697272790423
39627746086750345 -4070.5932126570856 -3049.8299326919805 -149.3904958045463
39627770250137205 -3711.5719250338793 -2812.8178013995703 -60.79042064388771
39627794388360263 -3711.5200268953845 -2696.0287095907142 10.613976018980225
39627770250136195 -3067.365207506754 -2321.361339606903 -44.8495399104606
39627806463760056 -4816.368201844051 -3466.6537071652133 70.44740761489506
39627782338119992 -4437.100166936991 -3417.621375017365 -33.52602694515207
39627812511941029 -2657.514252603647 -1932.1870319362426 54.82783004850675
39627746061583900 -5327.20851493332 -3773.3903221237474 -190.58077388055705
39627770212388879 -4571.650581102847 -3190.8883710687855 -69.86274367536656
39627800415570310 -4566.785977324364 -3209.783841554916 46.0843521299301
39627800419763868 -2190.3032380398895 -1551.3113753236976 29.029625003716262
39627812516140310 -3345.4018248022153 -2474.2828546096794 68.83648553742712
39627776273155792 -3960.4137796732225 -2885.486180155575 -51.289403515743544
39627806463757551 -3033.043469886502 -2174.1795258126235 47.43535238991347
39627776285739266 -4419.234978305843 -3311.94332333554 -53.81817602284684
39627788331783172 -5011.957290459213 -3508.3314745024095 -6.874624008661992
39627770241748093 -3673.435432562832 -2732.370755780615 -54.20878388832367
39627776277353143 -3448.6693561548786 -2549.6928049029348 -33.348601712713354
39627800415573441 -3035.5047813463543 -2142.8487532061367 36.88051439313266
39627800444928748 -4785.765945451884 -3577.1639552266856 62.980785200771145
39627800415569783 -3760.5709346104513 -2641.067064992318 35.562224025842625
39627800415572432 -4148.103485637818 -2923.789612308471 39.30681261874361
39627806488921672 -3781.871646024758 -2857.0913802325686 57.222575187064265
39627806488922771 -3779.6113546506135 -2860.160197467842 58.10238322964606
39627806467948671 -4366.478586036907 -3143.9261610912963 68.34477759040054
39627788331783255 -4372.647736329776 -3061.2273502044623 -3.876359699229915
39627782291983546 -3222.8260991666125 -2246.008496755737 -13.700338298476725
39627776281542721 -2874.1448354310555 -2126.825665821224 -28.088883459948505
39627770237552668 -4833.053033448884 -3554.4458684597166 -89.1583456251394
39627758174735691 -3886.5597518067502 -2972.277819529651 -111.40067719240122
39627758174735304 -3202.215832474301 -2447.491817652278 -92.03560640947376
39627776285742337 -3239.537671087001 -2440.762253876829 -39.47437948234635
39627782291985647 -4603.137784114522 -3217.998554027241 -36.61884251650722
39627782333924295 -4540.787421995284 -3457.1581286569794 -27.936443218024284
39627752122357596 -3181.2418179862048 -2372.4966015515233 -112.09949561304734
39627800444930523 -3470.1118491446705 -2600.0239364594577 34.19174863144842
39627770254328921 -3267.7787153586078 -2488.776540138019 -48.547351206358606
39627794409325145 -2083.462342821885 -1571.473067549442 8.314631808988784
39627788344361722 -1962.3693313455037 -1401.0718223911817 -2.6148467001540783
39627770250135487 -4241.556149348932 -3206.4111374367603 -72.5559207058453
39627806472144628 -3377.0389757298 -2460.1479060599013 53.548349637789826
39627800419765571 -4366.976175855409 -3100.6104106497182 38.79885759072845
39627794388359677 -4430.81337567336 -3215.904339032391 26.645619395300198
39627788340171843 -4098.503968087448 -2915.1174710546316 -4.076782321932559
39627752101385545 -3731.5936585195373 -2661.337738904884 -111.87389307413619
39627764193558922 -3308.3274228278588 -2405.00078560175 -68.56939103366071
39627782312955221 -2724.241881890727 -1988.8202634823267 -9.616482402534485
39627764197753369 -4280.554569191194 -3140.925302570352 -81.7345593788967
39627776289931494 -3666.1508379872644 -2763.847525177521 -42.779874571301434
39627776285738283 -4150.011431639737 -3105.636990178264 -51.88460766583192
39627758166346155 -3635.3684295306457 -2725.057066667188 -107.09730519528415
39627794405131259 -5128.534147238634 -3835.3626376467932 27.640040088209425
39627740046951424 -3955.0222383791197 -2957.409633183693 -162.3473729222432
39627752101381095 -2187.351898616929 -1548.5619636763395 -67.69248845383635
39627770229167348 -3722.0022287684897 -2700.093519635167 -56.11879337249617
39627794379967066 -4550.8906399932985 -3225.56472824303 16.433666378705446
39627752101380612 -4223.477695368399 -2987.4797332322605 -125.9672980713615
39627776289931905 -3057.9401612748 -2306.9224570502824 -36.5388611001745
39627794400941165 -4709.903638380153 -3513.205447446205 24.311830274100988
39627770237553578 -3716.8623092849143 -2737.628698085819 -58.10449893718075
39627788373722750 -1836.4733372227488 -1399.9872665309047 1.1458391563525556
39627788331781441 -2897.853863518876 -2022.3050876536568 -5.376298608595229
39627794396742507 -3572.30897661598 -2622.7758139629805 17.21584559109987
39627806476339156 -4117.1581543685 -3028.406689173411 72.44302068540802
39627740030176054 -3584.4831013892426 -2592.874298987404 -153.02819301831335
39627782291984310 -4221.6793395817995 -2945.649480235196 -13.565532991685547
39627758174735610 -3566.3299813721324 -2727.0147217707063 -99.2317722362595
39627806476341025 -3252.813868799144 -2399.5864667021037 61.49124549303953
39627800428153765 -4975.98142435611 -3599.939240030522 48.57699975115657
39627770229166656 -3290.291651616598 -2384.6088045764236 -48.399663095824536
39627770229166486 -4843.689503567791 -3509.5087631323795 -72.91566444174576
39627746082559843 -2651.673890331072 -1979.6979888775174 -98.17877419752884
39627806484729103 -5108.74139862805 -3831.0279251233437 69.98294814002413
39627782304567091 -3221.572278996621 -2309.4696992669446 -19.128680628762815
39627776256378050 -3064.986163206985 -2149.450411365264 -24.530760614069703
39627794392549043 -4515.6348005238715 -3288.823030761892 22.712534716347157
39627776285742035 -3703.3356377933774 -2788.57607481976 -37.83327485556489
39627746082559556 -4587.370227121508 -3423.0931132530945 -168.592368428358
39627752105575343 -2929.364906413568 -2092.4987707377722 -96.9924773324033
39627782296176211 -4184.624786837419 -2936.54560006709 -23.304595203788374
39627806459563792 -4734.496570557709 -3363.1167191572927 66.92152575438271
39627800415573145 -3808.604709972715 -2687.392406290767 44.49711099486588
39627806463754954 -3454.8046779385813 -2466.7816951499312 62.21084281529151
39627740030175439 -4879.421854359461 -3525.2747561522765 -208.39860383032314
39627806459565478 -4577.488202034818 -3259.0565944900677 69.80018639447742
39627794413524388 -3937.24345843668 -3020.757147308357 24.483748009115192
39627812503556581 -4524.46435577544 -3251.818910190462 88.26583383801105
39627800444929247 -4225.041118884666 -3160.201515694972 35.61893611062612
39627752118162538 -3790.2350552944176 -2798.7394810249702 -127.62035146050853
39627794384159597 -2975.68711436814 -2124.6504090939675 21.816207796487234
39627764172590418 -4608.584079599129 -3214.6997956650453 -88.83327998094776
39627800453317010 -3705.863450989093 -2819.6114931196466 33.657581768499114
39627758178927684 -2969.840998362188 -2282.9249527343313 -74.72462551344304
39627770258527263 -4325.308455903261 -3347.22542649879 -81.05886985379341
39627752126547885 -2627.52100313149 -1967.2210819541062 -89.75997935808017
39627752126548232 -4907.9063977738015 -3676.3165418001586 -167.65115832297917
39627770220775892 -3558.812634729895 -2523.8613829506594 -59.71533327561719
39627746078363378 -3992.2685434274963 -2942.147535578758 -149.5161268402323
39627800444933558 -3690.4071202991645 -2777.8137548159443 40.223812004615574
39627746078364046 -3668.2126836819352 -2706.1136542399017 -139.11300470105977
39627770220778075 -5072.672091984391 -3608.7520273158657 -91.15120105433748
39627770245941044 -3381.512550807983 -2532.8926126598076 -51.32941390483124
39627770220780014 -4477.748546758053 -3193.699545415345 -77.72872445873337
39627746061587843 -3052.7524459487445 -2177.490807846612 -107.69401798182054
39627770216581332 -3065.391903325099 -2153.270913094036 -45.351265573194866
39627788361142092 -3278.927659533223 -2440.8503891338864 8.591963956977379
39627758162152508 -2566.831229038164 -1909.3889593627496 -63.73648349221613
39627800423958070 -3951.9816145262885 -2825.5241496665617 37.58954425658974
39627764201947774 -3609.7036378199823 -2674.0286974590545 -79.51546176964868
39627782300369817 -2345.6352806600426 -1659.6440213421217 -13.056635853362218
39627782333926924 -5470.643607132541 -4181.543632230929 -15.391525245275941
39627758136985467 -2437.028800611197 -1711.3894315714206 -68.8999733833919
39627788356944683 -4558.660167848831 -3347.284355601596 -10.988462493865924
39627764201947792 -3612.912531837225 -2676.4854172804944 -79.31686858960825
39627788361141756 -3999.287275658595 -2975.6980068773873 8.03904711262
39627782300371985 -3543.1839928198115 -2514.4521435008805 -21.02270197593551
39627758157958593 -2605.8142068074326 -1919.9879308108973 -64.4518575951545
39627764185175921 -3481.827388867042 -2505.52763775442 -71.10670743045185
39627764201951000 -2955.60239911678 -2202.9066250354294 -62.50756991862959
39627746082558460 -3031.4059187446137 -2258.218618298855 -112.97385937819391
39627770262717618 -4017.930027481703 -3116.543488319107 -72.67353164151585
39627740042759680 -2952.7547505757952 -2197.424678522485 -126.15653615672079
39627788356945304 -4228.141594740392 -3107.6602691995886 -10.692336692631422
39627788356945493 -4312.079275119739 -3170.3691769643697 -11.523522480151073
39627806472144065 -3482.4013327374482 -2534.7800621869774 48.972565744363095
39627806472144215 -2740.5285752084815 -1995.230062027743 38.427100028181165
39627806472145149 -3875.237006105399 -2825.4397883123415 63.76428319555098
39627806472145285 -3995.5718678042776 -2913.7825033985264 65.88638041168248
39627806476340111 -3056.557728458462 -2251.4069425887888 49.17342261001765
39627788348560937 -3698.6762265405696 -2683.7280751875546 -3.776720282007041
39627800440735087 -2397.0788942434724 -1777.951370723389 31.792518844270596
39627794384165229 -4897.473119617188 -3521.463376785813 33.805796837625095
39627740042758938 -3719.8372293836132 -2765.696948373721 -158.48450758497694
39627800428151098 -2459.3275300251566 -1771.2517686005826 27.865372985051444
39627746082554282 -4352.787051189229 -3222.9200063250723 -154.69345812889924
39627788352749648 -3930.797672543304 -2856.045490304396 -7.65435655195162
39627794405132010 -2890.1018675932805 -2163.629082067124 15.899099187935363
39627764222920001 -3727.4179277866115 -2891.7802671269237 -72.2436088167589
39627764222919967 -3449.9173091830066 -2676.373476396406 -67.01627153921889
39627776281547590 -4473.332033337522 -3340.0991966910815 -58.68549151379599
39627776285737110 -3697.1276847974095 -2761.363829242402 -48.97517098439732
39627746082556222 -3665.7368256478253 -2721.764103725855 -141.55551580923958
39627752126551774 -4886.58453326047 -3680.4785322118096 -164.9842521751411
39627806476343025 -3325.8721440498525 -2460.9212744899614 59.0986911604511
39627776268965550 -3542.304472684155 -2569.374218933225 -36.63067971756677
39627788373721724 -4174.191759040014 -3177.153979360819 9.613430706411572
39627752126547661 -4781.7819623659425 -3579.038768503943 -150.35463079482147
39627770229165209 -4313.245319409067 -3118.9963360363768 -74.18164608332046
39627794388359696 -3012.0274727760834 -2186.1871720825216 14.754385112651748
39627752130743328 -4520.729134543221 -3422.632068959014 -142.19631771849845
39627800440735113 -4647.443038328115 -3447.2455114463146 39.65772148739329
39627794405136336 -3478.3349139320803 -2620.412843670996 27.509871459454423
39627782308758866 -4912.662800292093 -3542.929015653161 -35.64113329935423
39627770224967858 -3180.0907186530376 -2268.6301447332216 -52.48191168270583
39627764201951518 -2352.8935944272735 -1755.318704736968 -50.90080109280829
39627746078365933 -3783.387359477474 -2798.561991998404 -146.88212970923024
