EDR/create_files/QSO_8_clustering_data.ecsv
# %ECSV 1.0
# ---
# datatype:
# - {name: TARGETID, datatype: int64}
# - {name: X, unit: Mpc, datatype: float64}
# - {name: Y, unit: Mpc, datatype: float64}
# - {name: Z, unit: Mpc, datatype: float64}
# schema: astropy-2.0
TARGETID X Y Z
[from data line 844]
39627788348560866 -3047.9670110741536 -2211.371558569771 -1.540316380468348
39627758149567505 -4734.381960394505 -3413.066528436439 -126.81428492522618
39627806480533031 -2515.7178602379213 -1865.726114401504 38.25931704723296
39627794384164439 -3027.855121019427 -2174.764912911692 8.443223863358241
39627752130743395 -3753.0461269143475 -2841.664470560696 -115.55759300411695
39627782338121957 -4807.680230344422 -3715.2666161531483 -32.55089640405374
39627794413522920 -3884.453986197624 -2973.3115121984665 29.146602314292537
39627740038563864 -2809.9152488956724 -2066.8193690605367 -119.65498886368901
39627752109770923 -2562.1947639459117 -1851.8183581368908 -85.35544849477154
39627746061585444 -3937.7284569555 -2796.8923575544163 -144.36690970337267
39627758145375007 -4473.227005218446 -3206.681829208922 -121.63355154080718
39627758166347250 -4410.9214632596 -3313.155498920251 -109.83393895946871
39627752105576291 -3711.0902573053404 -2655.1823148072276 -120.14080077409331
39627788348561782 -4904.998055111083 -3563.1722051407373 1.4166264679825367
39627800453318771 -3220.7688470974936 -2457.299662373567 27.406712369054475
39627788356945726 -3646.0222747347275 -2681.586029920278 -4.889132792037304
39627764172589481 -3412.5298382677424 -2376.655638659144 -67.88483256965478
39627764172589262 -2799.8540503919867 -1949.2389814959204 -54.8823314039105
39627758145373070 -4982.919836933506 -3559.8185392260343 -138.00004736298558
39627776268962831 -2919.8878906802443 -2110.158938737543 -24.665131336295442
39627770245940393 -3733.5593320272847 -2793.6137007607254 -64.254810578579
39627752101383398 -5058.6226305281325 -3595.589187896914 -166.0736476539828
39627776298324717 -3886.86078100948 -3006.688184426595 -43.97105683252935
39627788373725826 -2989.0350204182205 -2288.138740986904 7.425010228725363
39627776260577550 -3315.449567693437 -2364.7827657254325 -38.94401834708403
39627746069974053 -4718.718421420577 -3416.6466009212054 -177.05948738599142
39627776289931843 -4982.360683817735 -3758.287174584308 -47.88750775609557
39627770233359169 -4809.077793592361 -3510.080628864535 -81.20544327676224
39627782329731729 -4342.143869715135 -3286.8212265758916 -16.846899043932073
39627794400937504 -3910.0430761177527 -2900.3644313489367 30.644133452685065
39627758174734661 -3847.138119584499 -2937.166337051432 -100.88016728822693
39627788361139128 -3895.1242682369725 -2886.664112732233 -3.8203943870758716
39627776302515121 -3350.0341137301302 -2598.3473285483415 -45.18486016118995
39627770220779439 -4710.87905866801 -3357.536611821995 -72.12868749194615
39627758170543086 -2914.2316958575684 -2214.5994336310105 -85.6912338089506
39627752134935932 -3252.4031174733686 -2478.982856207872 -100.82775235054862
39627788365337554 -4118.553072038364 -3098.936614293957 -3.02666747190902
39627776273154774 -3694.314429527174 -2687.0366684543164 -47.177017140619036
39627782321343094 -5334.850091675314 -3964.90046944579 -15.51188628688854
39627800449126045 -3859.9526194356595 -2924.9553103267012 45.5321177778555
39627758149570566 -3917.103106003222 -2837.492627279356 -104.71752928905191
39627776268964686 -2124.6740853280676 -1539.2712231971852 -28.03379644439905
39627770220777730 -2508.2987857375024 -1783.6444490812983 -46.38631296284797
39627758174736459 -3417.5432676853443 -2617.019899715035 -90.40365403220919
39627794388357761 -4742.331837886236 -3433.9854563711015 28.874357344450182
39627788356949191 -4034.8499729284044 -2985.431741058197 2.905976285924212
39627758174736682 -3550.676008809853 -2719.8824740225245 -94.8232958699737
39627758174736405 -4163.4505917313245 -3187.8667838628385 -109.36363512960345
39627770262717467 -2898.7023524059973 -2247.9325301214462 -41.25508061539004
39627770262717413 -3724.6983416980725 -2888.276910854584 -53.17655667113973
39627806480535159 -3470.7129962882436 -2581.402711230433 56.216047857730445
39627758170540008 -2876.305594565341 -2174.226688058667 -82.84715765694686
39627782312952355 -4301.619223388372 -3127.531499370531 -13.728692522563056
39627782312952281 -1925.647823927082 -1399.8932304903378 -5.669217252675855
39627770233358763 -3832.941076661496 -2795.8059267428184 -68.00820244228723
39627788352749795 -3861.468532568137 -2806.3042416822564 9.347930575953512
39627794384165971 -3747.7499019172838 -2697.583522668238 28.302049520265655
39627752101385106 -4119.96442357084 -2936.3030510097806 -126.78725559002487
39627800453321339 -4205.347964355195 -3224.2010571612423 36.16076146959654
39627806488925093 -2714.0219078684763 -2061.3825432558556 38.99529039359951
39627746086749257 -2029.7802897013783 -1518.2593339101595 -75.44791087644104
39627776273154438 -2516.1353157998537 -1829.0138350996565 -30.721845112287852
39627770220778601 -4399.609751432198 -3132.2334224006086 -73.66780265069798
39627746086749374 -3293.744766459653 -2464.0703750848324 -124.03779514340998
39627776252188177 -4323.630223451312 -3023.0087230630284 -55.8045538038792
39627752134939450 -3008.983471218314 -2306.718434193227 -100.10557081700425
39627788335977278 -3913.6876102788683 -2757.49522276232 4.3435985851193815
39627770237551450 -4038.2212805416934 -2964.8420922205587 -58.88089536091633
39627770233360055 -3854.29576699806 -2816.9065977506825 -61.23016023546978
39627806480537278 -4459.482091429695 -3324.500164167371 66.92480489116726
39627776298322692 -3885.4276583517876 -2994.79945748562 -37.90780232674696
39627764201950015 -3690.339655984008 -2745.4542537622624 -81.75909613572578
39627758162153772 -3461.41473894071 -2580.171760541942 -88.09222098130321
39627800419766076 -4745.7097179733155 -3371.9956012899147 41.511438749882096
39627752126551128 -5494.530877774891 -4133.891190384627 -179.43481377227553
39627776264769491 -5179.649421245673 -3714.9417626263726 -47.49157636953417
39627794384164531 -2135.926868848221 -1534.352583377515 15.209061624851694
39627794384164961 -3717.1658744612864 -2671.7108069488017 20.93755500641908
39627794400936421 -3483.915707535158 -2579.700692745947 26.806437137773845
39627776298324205 -2548.5269372778266 -1969.5816249926022 -29.562617805266516
39627794413521680 -4793.267794852663 -3661.5371491561987 36.99332119452288
39627758170541057 -4239.850158475398 -3210.55341901806 -116.04395885063845
39627782338118794 -4594.4921506359 -3531.3669316161545 -35.045851547685295
39627752139129986 -4017.3264269721253 -3088.035845829474 -126.78297835315702
39627800423956884 -4557.669444917294 -3252.4931241265754 51.77280453757289
39627788377917805 -3480.2001773772618 -2681.2185867155576 -5.209016174631087
39627758178931380 -3954.8353326507904 -3055.9800798598476 -103.40297878926769
39627746095138241 -3285.418316376963 -2504.779737274073 -127.93672244838622
39627758178932359 -3710.624347016232 -2871.183501179146 -98.06654851803081
39627788352750232 -4578.705114522629 -3329.5563044951346 10.689847592928965
39627740030174624 -4177.5728479322215 -3014.308499340702 -178.2029375911584
39627770224970637 -4808.196706462692 -3443.506513356244 -66.61067303301311
39627794388353733 -4586.921021793528 -3304.875126757979 33.345697739886404
39627782317149427 -4937.033865456006 -3639.9662427716153 -30.396785626139977
39627740042760361 -4474.422104487199 -3332.715113659837 -201.0742228250864
39627770262718921 -3672.3125924703563 -2853.8893285645377 -65.84323145803259
39627794413521593 -5114.32834423265 -3906.236968377263 36.785833594038074
39627776273158072 -3276.4497543250336 -2396.199289092058 -40.26867964642229
39627752134936506 -4418.880089900878 -3371.3012130599277 -137.36784375586336
39627758149571764 -3699.3775518087896 -2685.089595406855 -100.32092909106711
39627788373725527 -3479.318456333971 -2662.494115246836 7.234493704320367
39627782317147700 -1836.9652213028226 -1350.4791946576288 -11.863413289358554
39627782317147715 -5572.403639932601 -4096.755273759698 -35.7638961479356
39627746090947651 -4172.59923748912 -3172.028459559882 -168.6038332476952
39627770262719177 -3876.0749193637007 -3013.3310665984436 -71.35331866752568
39627776294125677 -3890.216437954812 -2958.6501943720277 -41.570529257281414
39627782325538325 -3660.5661841120677 -2747.5331877524345 -14.244550538552415
39627776285739000 -3976.753643257126 -2979.081540047737 -51.959370346437
39627770262719453 -3984.9303905776055 -3098.9549000195884 -75.49098305469936
39627770262719950 -4126.561037064997 -3211.1465518250893 -62.94460751501006
39627776273156183 -3117.0034718819225 -2272.41206752422 -41.27984351314917
39627752101384904 -2172.4847091575602 -1547.884598724132 -65.73281036977677
39627788352750598 -2957.9923730751934 -2152.2193477009255 -4.821475711001118
39627758149570141 -4196.6654592177365 -3037.6144399093396 -115.5974959652219
39627782325540614 -3795.341132738007 -2858.445789643571 -26.240225138261927
39627770229167456 -4148.671996731062 -3010.092819527118 -69.53250448674669
39627782317148931 -3651.0105599411613 -2689.5418918767396 -26.395793686256205
39627752139129703 -4203.141112314467 -3229.4237734475873 -144.6543367207782
39627764222922226 -3972.8277462084047 -3092.7421140974916 -83.39013208827225
39627800453319951 -2700.0562232474435 -2064.8277205608433 32.20918013263025
39627800453321100 -2961.0580802588606 -2269.2331911562087 29.785488473951016
39627770262720349 -2664.1005043843747 -2074.142415086572 -46.51266798050995
39627770262720216 -3449.656001381339 -2685.255493302891 -54.084589278353754
39627740046951158 -3920.8033577163496 -2930.7893406140824 -173.16985884597474
39627764222921061 -2910.255764320322 -2261.35833202824 -65.06019256024159
39627764222921494 -3361.453783587093 -2613.7706688794233 -74.96070926200004
39627764222921623 -3671.000453640635 -2854.956713349666 -80.12708045618272
39627758178932581 -4509.655909566738 -3490.5139321108454 -126.5555656688775
39627758178932655 -3934.7679856571094 -3045.8469649403132 -110.47926545915716
39627782342313418 -2834.8251630438544 -2200.326652167524 -17.015343709753193
39627770262719171 -4837.4465581384065 -3760.6926833255543 -81.32480226779596
39627770262719390 -3927.7320372050535 -3054.219722995458 -65.49662023639661
39627788377918580 -3926.770893325495 -3029.0289166333914 10.520370158939214
39627752109769990 -3897.4942271186987 -2812.4309222488405 -115.87614348061382
39627770212390891 -4280.643953825407 -2996.7745648207124 -76.98087542754537
39627776289935892 -2127.9964051718985 -1616.3002327123752 -23.56128922905994
39627788361143377 -4877.42222336136 -3637.1987333991024 -5.668486875580806
39627776256379866 -4364.097800876297 -3068.2272282941876 -54.87992262215445
39627794384164586 -3463.856766815703 -2488.484402670482 21.259023251473295
39627776268962585 -3946.2541640433637 -2851.101176566169 -52.633171846827544
39627782296178777 -3026.473930991324 -2131.642222962409 -22.684349774046698
39627764189364631 -4914.776936162728 -3540.177880650028 -96.5795634645829
39627794400940917 -3706.213785113213 -2763.492792609384 28.769362432381424
39627752134938646 -2891.7754111014656 -2213.9264734219664 -89.45444484812398
39627752134938504 -4182.758110761511 -3201.455053380127 -127.1851665094856
39627788340167976 -3058.856027151334 -2165.289032250776 5.514777193377739
39627770250139153 -5307.286893470132 -4035.4112690099523 -78.54358158134525
39627746069972410 -2971.528577855024 -2145.265913901851 -108.37753830751984
39627800419766417 -4994.038460799578 -3550.373135078462 65.72837872160099
39627788340167713 -3050.9315929019267 -2158.9780836389664 3.207771275295895
39627746074166184 -2543.8840736646603 -1851.38862166089 -99.01534085372583
39627800440737735 -5172.039485654832 -3852.294069631283 60.53837120749501
39627764180978522 -3340.134416277243 -2369.7689997991943 -63.92297661596385
39627770216581242 -2241.3763626005743 -1574.2840957828137 -32.44610733861251
39627752126551975 -4888.197085909994 -3682.988781393498 -165.04280372024564
39627770216581940 -4434.135862670595 -3117.011950194527 -65.26668062612222
39627788340168557 -4872.17104003636 -3451.385061069507 -2.2488737013737587
39627788377918609 -2781.1783732419035 -2145.414277546732 -0.6041999394652693
39627770216579304 -4276.269402838573 -2994.9918680887818 -75.24527102374738
39627806476343003 -5460.813374330279 -4040.5242621015514 96.98558224401492
39627788344365919 -3364.392319882125 -2415.192851210064 -3.9673121388993575
39627788373726797 -4868.915908463456 -3732.836311524892 10.883954744078064
39627794400936355 -4273.643354236576 -3164.1370081345435 32.01133408211164
39627788373726846 -5069.193598199365 -3886.7836524703844 12.675597436506543
39627776285737818 -3551.4363954985115 -2655.765185863995 -40.621944695265725
39627752109771650 -4103.632331102554 -2969.3109109442435 -135.29457688087652
39627770216579164 -3332.7281403279526 -2333.733775360573 -44.74548149664491
39627770250134015 -4689.923127276944 -3536.72054060883 -66.25022784879373
39627764206145364 -5373.2531257471455 -4038.4325564458836 -108.5062317293564
39627776302515991 -4374.6330606920255 -3398.3774106622045 -58.570431528513794
39627806488925399 -4705.820657694713 -3575.835342962058 79.15214042601274
39627806488924327 -3467.13656943842 -2630.311130675846 56.84308155524043
39627806493116419 -4803.934900591726 -3663.637149232111 66.53612878986874
39627806493114425 -2246.9730776044676 -1708.680280543963 33.167079327035395
39627776281545567 -3655.905266763634 -2719.169468895085 -33.76225737104147
39627794413523539 -4882.310589877819 -3740.8558382233837 17.600679272833766
39627788340167822 -4785.0690025223985 -3386.5888637719017 8.37321439261436
39627788340167484 -3371.44659214896 -2385.174177590621 4.9139940396381085
39627788340167118 -3646.3514420680294 -2578.4853685239987 6.260727156396177
39627806493115084 -3192.4506807799694 -2429.985807927439 48.157203752044616
39627806493115567 -4975.006262767314 -3789.2491414226115 73.01560392810909
39627806493116024 -3281.6708527567203 -2501.1307457364874 48.57927831140455
39627806480537786 -4222.546214974017 -3149.673310180609 70.99012602968568
39627788377916503 -4649.4895817906945 -3574.316687229452 6.57703322388464
39627788348561013 -2040.1450412090792 -1480.441652372883 -5.196276454962042
39627770237552362 -3480.3690988059357 -2558.4583520789647 -54.97884452814052
39627788340168623 -3625.7276139196033 -2568.612055713771 1.5777484537406063
39627788340168376 -3600.4558648734446 -2549.962359212253 0.7093786779198027
39627806463758263 -4729.913113178631 -3394.283731700081 79.80282100954508
39627806488924501 -3198.746642699933 -2427.317770440512 48.101063149197074
39627812511943279 -3626.9532675782425 -2647.3574692919606 75.75632839917657
39627800453317229 -3410.0242517575266 -2595.3237164471857 43.8765950318682
39627782338122159 -4407.806457352672 -3407.521049983633 -26.102447482865813
39627806488923525 -2941.936636950927 -2228.8812721640143 44.05276193932975
39627806484731439 -4194.701528822461 -3156.6023443965482 61.88116592276166
39627788335975384 -3883.240055897731 -2729.9117008289127 7.7664176245675405
39627806484727164 -2255.6091992222987 -1687.0004982355981 36.258310865796616
39627788377917721 -5380.814339096278 -4144.89231999866 8.215950190394057
39627806484730948 -4356.196219421662 -3275.7220536374575 62.65156142848174
39627812511941302 -5237.6198854207505 -3809.964269572098 119.50918496304163
39627776294126144 -3062.9011188072027 -2331.3703916400355 -34.761747833837134
39627800419765777 -4775.496878590403 -3391.7023483209505 63.85561595921346
39627794413521567 -4551.597577739576 -3476.2838255620295 27.457612507643077
39627770250138396 -3780.7233178375773 -2871.1792516953033 -55.17085382155514
39627770245940585 -3965.1486663970513 -2967.8187087945685 -57.97520871941823
39627806484730286 -4004.427901633582 -3008.095918931144 60.65179664949293
39627812511943065 -3406.0390431459364 -2485.306782169305 77.36245653879787
39627806463755174 -4593.765034315329 -3281.2563962070412 84.5792949915147
39627788335972868 -4897.286909101298 -3431.777953856216 7.9313190816308206
39627806484729570 -4006.677520051711 -3006.690532119069 64.13630529820394
