EDR/create_files/QSO_14_clustering_data.ecsv
# %ECSV 1.0
# ---
# datatype:
# - {name: TARGETID, datatype: int64}
# - {name: X, unit: Mpc, datatype: float64}
# - {name: Y, unit: Mpc, datatype: float64}
# - {name: Z, unit: Mpc, datatype: float64}
# schema: astropy-2.0
TARGETID X Y Z
[from data line 637]
39632976903930511 -1231.532701333032 -4322.906016430197 3123.0172886825662
39632981840629060 -756.1239345931255 -2385.174867522777 1753.4450976634214
39632951851355952 -1100.631614479695 -3793.4158087529563 2624.2078606884547
39632956855157775 -1719.2324974742912 -5038.613935348557 3571.6598472513483
39632961892516861 -906.3992380048493 -2838.9468999440933 2018.4364005639825
39632986810877838 -647.6103673023359 -2267.1949649180337 1661.494932569141
39632991743379243 -1284.078110147927 -4440.7024635916505 3282.392795883414
39632976891349139 -842.465326937196 -2805.658620118931 2038.0856985223961
39632966921489903 -1128.3385668463798 -3882.608073484566 2759.7524270399817
39632966921490057 -1128.8937934979722 -3886.767953279789 2762.2475594817365
39632981840626354 -1506.5880867695812 -4699.941557485848 3464.5801250503714
39632971883352891 -1280.5808053033338 -3803.7778907840957 2745.9520912474595
39632976899740557 -1260.9672892364808 -4411.573826189168 3177.656240052239
39632966925683336 -900.5093446756252 -3151.1334779499102 2234.7520192643324
39632956850967099 -1371.9219395146135 -4003.5156823163234 2833.7276057101412
39633001549660517 -808.8590403836665 -2557.1729921173705 1943.6523529309766
39633001553855198 -1178.969147038095 -3804.5284350990196 2884.4379086062436
39632951851355931 -821.5107145915027 -2831.1176583998786 1958.8074380034407
39632956867740509 -1331.9433432152587 -4108.541855147507 2884.2342164856227
39632981836434660 -1619.71683785844 -5018.473428646277 3693.126543412971
39632996663296263 -1486.0005475877795 -5093.162741494755 3804.124676795394
39632996638131190 -1065.200364565647 -3266.613648005348 2473.8964450195203
39632986810878726 -945.311230822294 -3320.950402914435 2431.6879978951583
39632986768934384 -1413.9217550489793 -4109.958190780617 3062.4175240910154
39632996659106731 -785.086093550917 -2687.217885649877 2008.6382342142872
39632996659105085 -732.1927207897779 -2490.972152903172 1867.1408600340437
39632951826189420 -1335.3693920808078 -4102.691971465137 2865.791529935463
39632996650717306 -740.8726036529326 -2432.5683108623407 1830.5450386548694
39632966929876740 -812.5844137217915 -2885.48800659125 2034.969595838185
39632981857404040 -1144.8691359915554 -3855.158083352495 2817.7883608225593
39632981857404067 -1149.7809148211875 -3871.9403951116033 2830.0654031225663
39633001549664078 -1623.0147964505143 -5199.725453329628 3968.4232787390056
39632981823848721 -1264.0715538108077 -3667.832385324503 2725.8788370356806
39632971921098184 -1203.8380499376208 -4175.524280765742 2972.881839112621
39633001545466854 -1582.3163948084862 -4921.2520523968215 3766.119007936087
39632976857795041 -1551.9728485075968 -4477.590446895677 3284.0926776812453
39632981857405913 -1327.26661092036 -4497.414499300985 3286.145191446346
39633001553855605 -860.0369329432027 -2779.9982468320704 2108.5439195414583
39632971925294562 -1026.0682022601818 -3655.7649209608912 2605.0904180605535
39632966900518717 -1417.5054768973905 -4439.832067754398 3164.5996832565675
39632996659104163 -824.1012585453169 -2794.3786547459254 2100.2327568380824
39632996654908127 -1535.067238548437 -5067.43469595785 3811.9772320655243
39632996654910941 -1085.2330607607298 -3621.8930443435515 2725.337020239856
39632976887153121 -1566.6206931810839 -5085.679652840179 3677.479477089151
39632986768934907 -1317.3695787806143 -3836.883387845233 2860.996155575731
39632996629743016 -940.0010629619682 -2786.584376260026 2108.0408303502713
39632981844822999 -951.5599045764335 -3052.8972066802517 2236.397010454456
39632986806681754 -873.1653990406436 -2977.6005927814253 2197.6386192075515
39632956867743423 -806.4253272319692 -2513.3662276068526 1769.1327053297666
39632956867742466 -1515.3192290016104 -4707.107669347038 3302.0367051450776
39632986794100319 -1291.9652817485144 -4185.981183702655 3098.6850301999957
39632966908903653 -1418.15793085684 -4545.756136233564 3236.692242810397
39632961892518675 -1339.8407111431218 -4222.988340834656 2982.67941547502
39632991726601259 -1206.5769225199936 -3853.9994667058277 2879.067613387259
39632996638133322 -1369.682624324221 -4236.99044969947 3191.0532298409717
39632981840627554 -1348.231981866924 -4225.276397545487 3108.0930070062614
39632966904709297 -1351.1194289888304 -4251.91893555793 3034.0174300105145
39632991730795286 -1586.0111855149182 -5157.73429165525 3864.0195438658006
39632941722109850 -1475.32637416231 -4742.267150228973 3229.202201851667
39632966887933094 -1529.155415298486 -4499.851814870376 3247.510830664466
39632996642327979 -1227.3800344946687 -3867.3094350489105 2932.880989976423
39632966904709433 -786.6681671033339 -2477.0658096698976 1769.482877596288
39632966900517088 -929.7115072986531 -2895.057314173013 2064.112348936303
39632996633936225 -1174.565979126257 -3530.011435999071 2685.8242675608217
39632996633938860 -944.5152119294979 -2869.104817028166 2175.825303757071
39632956855158928 -1269.0589695516078 -3735.307216146354 2639.0922756738887
39632956867743805 -1323.0813683802612 -4128.796729341779 2906.1877772809303
39632966921490938 -1012.5760674067127 -3499.3137848500805 2483.609956191754
39632961879933817 -1678.4897782596652 -4987.514064709735 3539.582013663718
39632961884131046 -1453.8049504106841 -4445.08350383651 3151.7167270873665
39632946780439517 -1042.6774992468065 -3269.9003267886446 2245.2121207195187
39632946780439477 -1085.8513200346747 -3404.575573947627 2338.2234151198063
39632951847161935 -965.7168672786515 -3264.9307239029445 2250.8003314538964
39632946776244996 -1490.5296097185762 -4583.9003009633025 3147.839386860207
39632981844823429 -1386.7011632407007 -4456.35576283966 3257.3037797263
39632946793025534 -967.6958299645928 -3242.6819338911273 2228.39487004542
39632981832239046 -1639.8521872798635 -4962.564660814437 3672.522357521989
39632971904320126 -1191.3486823182923 -3812.3470522453204 2733.2565959107496
39632986777322627 -1094.3801803854046 -3287.8724333269993 2448.4035046327162
39632966921490656 -1245.165641331401 -4298.140226611676 3034.327818781708
39632951830380786 -1296.7896701970365 -4008.3769792770427 2783.7451395376756
39632996629744787 -1414.1204114568523 -4221.700242972983 3211.1632195617904
39632976866184540 -1711.9304762345116 -5130.375786488998 3752.634275173454
39632966917292514 -1640.0546559411905 -5463.64886924533 3877.8193687531298
39632981828043682 -1147.4450721984877 -3395.2745357542876 2511.8893795433014
39632961884129324 -1068.519774148887 -3246.66416669572 2302.5682668747654
39632971908515212 -871.1282484814284 -2846.4425444185267 2052.172540987652
39632976870377296 -1472.81058884068 -4471.2460872286865 3271.676105979851
39632991726603928 -1344.118264231584 -4341.2657175949 3228.497240773522
39633001549665166 -1300.338666206073 -4183.841904137438 3190.65809522144
39633001541275643 -743.893500313944 -2300.882186281559 1758.9622866600241
39632986806685016 -1023.7289849638196 -3532.8691413768142 2592.3818608304887
39632971925294676 -640.2930273814166 -2282.453692965706 1626.996955332586
39632986810879667 -978.3781779136718 -3451.2163209508863 2523.49691233615
39632976895541389 -1549.4699944984395 -5218.488977926146 3783.7502352522483
39632971900126247 -1461.8100046902553 -4600.165280369002 3312.121660817491
39632951859740840 -920.2149743140783 -3243.191073541803 2238.170142625756
39632991718211628 -1131.1090350180698 -3468.7881714885107 2605.8292850655894
39632951851356243 -1266.1935783749677 -4369.975434125522 3012.249566304702
39632981844822516 -1097.4727860261867 -3513.640831325109 2579.0201312729837
39632996642326889 -953.2605713521388 -2992.5922361215116 2268.411831684706
39632956863547424 -1072.066131462187 -3268.4711681761846 2306.9248667830716
39632956884520048 -922.13447019108 -3090.022098949526 2157.3294716063783
39632996646519721 -1129.7545055944834 -3594.2000486811344 2709.2832155067363
39632996659103090 -1596.9108508429981 -5390.924962232412 4034.3827841701113
39632986781517067 -1372.2910778708504 -4198.702063087763 3120.4891343149047
39632991709827074 -1062.9361112126671 -3188.568659655332 2400.379058556302
39632971921100013 -1546.804183388823 -5405.817907897613 3864.5195990291463
39632996646520472 -1579.3340182078289 -5037.848986254339 3791.962516207475
39632991730799177 -1451.4960607637274 -4787.597919924397 3569.7960597737633
39632986798297182 -1267.385116077713 -4226.540985232266 3119.400457412667
39632961900904644 -1218.9686208896387 -3950.337659715302 2795.187313563516
39632961896714947 -748.1669628886916 -2418.448931702684 1707.7565513092693
39632986785714171 -1557.6538648854469 -4904.222454774036 3631.529178076138
39632971879156272 -1547.098267225289 -4482.330115431486 3263.451780897263
39632976870379114 -1567.7117802049675 -4796.103538239247 3490.6119469136047
39632976870379705 -843.7374145230303 -2587.375574649401 1892.987135017992
39632986781516433 -1113.257028118038 -3397.745474730043 2518.1015768860143
39632951838769754 -1197.8317807169453 -3844.6136044765663 2671.4689350280923
39632981853209762 -823.6958651991063 -2723.7658426442863 1995.1578998701764
39632951838769205 -1450.2513064570894 -4644.486655627064 3211.5943449551237
39632981857407738 -662.7578640624323 -2260.551882106254 1642.7612968985072
39632951838769195 -1642.663822935942 -5260.520811245552 3641.6874563058477
39632961896711286 -1232.3670167038106 -3934.5404082369287 2781.185473227653
39632976874570146 -1429.9962710693223 -4391.651625359077 3192.388125699453
39632951834579438 -1320.6413579517496 -4228.858729041226 2927.5318781786514
39632976878764420 -1033.231137027278 -3230.251715537341 2356.8237901821217
39632956880324451 -932.1322135067901 -3048.7006500537746 2125.6494724711565
39632951838770263 -1344.4439547861705 -4325.349277921914 2985.9457493147875
39632971908518430 -1268.257644165826 -4197.257504286659 3015.9422539766138
39632971887546656 -1219.1406992106456 -3680.7675732029925 2670.0796669254187
39632966913098302 -1026.0812334516938 -3355.6354779185467 2384.7102559768587
39632961888323966 -1130.8393535138387 -3498.1073209862343 2480.485953851393
39632961900906023 -1416.27501219796 -4609.048851935362 3253.1702261966816
39632966896324449 -1355.9803856073008 -4175.654517041645 2997.9808436428098
39632951817801770 -1743.3984864980212 -5188.114589775645 3639.1310631818633
39632951817801373 -1583.2813333784068 -4704.0467165103955 3298.2417411698357
39632986794102746 -1169.4075570185435 -3827.1419535359755 2824.6854990183497
39632991709823679 -1155.6403557102988 -3427.010999765592 2574.838433350285
39632971883349597 -1125.886556495219 -3305.4543335283493 2404.738549987852
39632966892129122 -1385.2658386554624 -4179.27647023009 2985.2096084079967
39632961909294933 -1120.5089118688554 -3798.449558400238 2664.3872139020204
39632966896324527 -1027.9278937308447 -3166.207093142308 2275.5995044198125
39632956855159279 -893.8602887176206 -2634.582545041035 1866.5857784712528
39632946788830100 -1250.641327080565 -4094.920575705149 2806.041887474669
39632986794099317 -1440.240722783812 -4646.036925915125 3438.8152938082953
39632986781520101 -1641.809979133187 -5087.457918849376 3772.165172494159
39632981865791957 -743.2232704803514 -2598.331295149914 1895.9175570599762
39632971891740627 -674.7684183457988 -2071.165737366296 1499.8039647062067
39632961888323180 -1249.6636226896562 -3853.8455360201424 2726.0213234403122
39632971916906532 -1581.3431101760832 -5422.644171393166 3874.011822301642
39632966925682178 -1012.4943548111055 -3524.098967082871 2484.9879722924197
39632981832238462 -1130.0356813773897 -3411.3073603667226 2510.05415202581
39632951826189684 -1500.2366602072238 -4614.5543762467605 3225.904087778568
39632951830383636 -1282.2761945391746 -4002.387622774833 2775.338156987421
39632981832238508 -1638.7895733794362 -4948.171816484501 3642.8869176975745
39632946793025225 -1226.803050867468 -4105.5165911244385 2814.493046545908
39632951851355131 -1115.5536123814775 -3829.9812960292593 2631.498876557692
39632946784635294 -1279.5776771020094 -4107.965904823348 2831.119900146868
39632991730799315 -873.4960955746573 -2882.8661680543405 2147.1939374068656
39632941726303671 -994.2514020197856 -3249.5330656873566 2216.9911764210624
39632946788830101 -1052.6919487191572 -3446.803973332816 2364.5910280107487
39632986785714813 -1466.0919657078039 -4627.6375368788995 3417.573768770757
39632966929877618 -873.7143892643214 -3112.3473851340946 2208.734254293627
39632971887545214 -1216.8617625365348 -3652.0620877287365 2634.6914113916837
39632966925684805 -1291.4151434744447 -4546.826866532418 3229.65503504773
39632976878766969 -1436.936440918281 -4538.580843501427 3301.8615426953033
39632966887932163 -1184.139590182863 -3472.7433555441394 2503.801755411137
39632966883741824 -683.2760691920861 -2000.3908025027297 1442.3997355597562
39632961896711909 -1136.075644715448 -3634.3680392503325 2561.5976557051954
39632951838771607 -1095.3268049996332 -3542.9441537873636 2451.00270792071
39632956863548745 -1657.106117513374 -5077.6541776099375 3555.8831495913273
39632956863545547 -1192.4296252145782 -3608.2755489838014 2550.713029750195
39632956859351527 -1620.301245046396 -4822.986870650538 3415.5386185475595
39632971912710968 -1253.9102303651669 -4201.628695534411 3002.2092785423033
39632986789907745 -1201.1625679445654 -3843.018342976434 2843.107327237046
39632971883349062 -1185.3344735132673 -3473.9221112734454 2529.242786545142
39632946793023317 -1292.738823393066 -4293.0234124611 2944.895004048753
39632976878765551 -1060.3161509687363 -3329.539803993088 2414.0879372243544
39632956863546418 -1506.819909598171 -4575.448377138179 3215.2735965424163
39632981828045610 -1171.7360230684505 -3492.5256157390095 2589.424188752449
39632986794101297 -943.0195044961026 -3067.893432055368 2260.8565265250713
39632966925682609 -1272.0044939192333 -4437.151553975099 3128.4777427777244
39632941722111347 -832.0920351855207 -2691.834488004801 1838.073375438941
39632976878765196 -1241.3609196041714 -3892.8594902013733 2824.387605921775
39632946772051162 -1066.2203666629957 -3227.868482437673 2230.345793606412
39632956855158202 -1666.48469856902 -4891.716138109946 3462.3475087938295
39632966925682248 -1146.1422897733914 -3990.7051805802876 2815.7452542534593
39632961905101119 -1405.7489363338414 -4681.55720647715 3288.689570357966
39632971891740694 -1195.4047501581238 -3670.09091539443 2648.9018625202557
39632951826188828 -1151.0956933410332 -3528.599832368656 2446.5776200065757
39632986768936073 -963.6259484155329 -2819.377233065624 2106.890558738736
39632966925682422 -1081.6909238806936 -3769.8575019354653 2661.2323261722645
39632966929877136 -1311.8862036155701 -4665.189922557506 3307.770066574191
39632956863549769 -1300.1526630014775 -3996.915065974384 2804.053248735879
39632976866182106 -1597.4889138011442 -4745.218663942292 3463.7910032328787
39632981853212974 -1382.4974490439242 -4631.453155774062 3395.4319589698207
39632971879157610 -1333.567602553165 -3882.4950043614563 2829.3408222144826
39632951821992691 -994.5015817809247 -2974.1805829715986 2073.791557833481
39632966908905352 -1523.0947596090612 -4914.019472624679 3487.4528244463654
39632966904710204 -981.6749656105749 -3100.158926746041 2208.661050306815
39632956888715058 -1033.9537020073594 -3544.8088162398117 2467.075643084404
39632976878767812 -1111.9612664224492 -3525.922180018852 2572.1435210385425
39632961913492106 -1477.2842640641463 -5160.386983215462 3611.60899121569
39632981861599946 -1064.0479486289903 -3677.4287213349758 2674.9666059939177
39632956884519518 -1392.934657866908 -4658.925845210003 3239.881851413858
39632976870379337 -1442.725791672707 -4417.588015021684 3216.7138943552177
39632971883350904 -1618.1301172132492 -4772.685709148567 3469.5183415217816
39632991714019960 -983.1661622065315 -2991.3549667161074 2237.678102989604
39632966883737787 -1413.7987483072243 -4074.393668732094 2925.9751502425966
39632956884520833 -818.0439480315997 -2748.5787528402143 1908.3712803290523
