EDR/create_files/QSO_9_clustering_data.ecsv
# %ECSV 1.0
# ---
# datatype:
# - {name: TARGETID, datatype: int64}
# - {name: X, unit: Mpc, datatype: float64}
# - {name: Y, unit: Mpc, datatype: float64}
# - {name: Z, unit: Mpc, datatype: float64}
# schema: astropy-2.0
TARGETID X Y Z
[from data line 1476]
39627794442879776 -3001.4731825900362 -2433.3522491263875 22.277050581132876
39627770317248738 -4476.121557805098 -3925.0365287111817 -82.36222715189274
39627788419859056 -5204.180030509587 -4369.973132991753 -0.6152094573393707
39627746128693271 -3874.7638636797815 -3175.946600969833 -157.2132744925332
39627746128693921 -4010.4155230947836 -3290.3156603479833 -161.42932992903
39627782363285112 -2758.899685778908 -2238.4653905249456 -9.516116885957487
39627794442881562 -2537.6658946558437 -2062.7068080329855 7.5750270435999285
39627776340263835 -3316.410437778009 -2786.159416200468 -45.121873016814206
39627764252279144 -4888.5428106033405 -4031.8019318461043 -121.24686876976621
39627776352846401 -4434.523017145809 -3824.147744670802 -45.206549413841856
39627776352846307 -4320.743452368962 -3725.441494412 -45.39686262212032
39627764264862431 -3103.0750348391975 -2629.5913595660477 -71.14723924672
39627788411474976 -2264.0131114460833 -1882.5696931276143 1.312695318423213
39627776315099717 -3520.9949229609274 -2813.103247865291 -44.924407855226455
39627782380065447 -3435.309579086527 -2900.290403934548 -21.645661128567024
39627782350705041 -2842.0323487921387 -2258.1052448099863 -17.10454545402144
39627788407275625 -2967.1382946159783 -2424.496016062478 -3.4433489038559224
39627788432442835 -3660.686425675931 -3161.60380169939 -8.159449982190067
39627770313053759 -4076.6945631309527 -3542.4537937305445 -71.69471564233777
39627794451270287 -2334.9719885856757 -1932.7007871176136 15.96619956946796
39627740093089376 -4473.595669500585 -3697.0887871788036 -202.63264565722176
39627770308855511 -3510.1169260080724 -3003.7017769352733 -58.551717697112885
39627782401032655 -3886.290594998372 -3410.1659903233435 -18.68064184440142
39627770271107012 -5389.289720221826 -4260.652364596955 -75.12993977451244
39627782384255975 -2926.3694030620827 -2479.7811511783634 -23.980680492268153
39627782384255877 -3961.9464551231063 -3356.8756054625696 -31.999724608018415
39627740105675768 -4679.089774056559 -3990.765090003681 -203.18584784534335
39627776310904497 -3678.958984375912 -2908.2663836994657 -49.216856243395945
39627776310904750 -3800.349210378042 -3005.4729659333784 -51.64448066972337
39627770283689972 -2866.121874107711 -2327.410474416119 -52.63076336207865
39627752193657598 -2091.831376035274 -1809.4382349057655 -78.06964447992033
39627770296271177 -5272.877888974619 -4386.994252952332 -95.02064513810966
39627770292082795 -4715.809150912013 -3921.7030960299185 -83.36490476100977
39627782388451955 -2968.9005825149643 -2544.001856864492 -14.670425013354429
39627794438687771 -4095.282035742498 -3300.895349093954 20.149843317031056
39627770292080849 -3149.5025568875135 -2612.359723676795 -47.28085674137307
39627758212483581 -3495.1092854290137 -2891.2390970299225 -98.95980789948091
39627806539256368 -4763.5045737446 -4026.556479089953 79.34464029931019
39627770321438239 -3817.3007271124116 -3355.4018361476574 -63.01898540798992
39627776336071748 -3504.277537122944 -2929.5280894016073 -36.95528663367752
39627770292082737 -4343.133685246625 -3611.4656918577257 -70.92233263884371
39627800516232222 -3515.7211904956725 -3060.7905913777954 31.82347585829127
39627794472244411 -3466.160062496014 -3011.2944144122025 17.178214993862813
39627770292082260 -4299.154040094649 -3572.4279965667383 -69.21469229962126
39627782396841621 -4529.918207600592 -3961.600610761551 -24.022876944065857
39627758212483539 -3865.16514422781 -3197.195603381884 -104.77399181264283
39627776336071353 -4721.025984793672 -3944.0851481418813 -63.00793747262302
39627740093087872 -3644.4172269605456 -3004.822293000594 -165.60512665451668
39627782396842787 -4713.18170169509 -4128.846727888133 -14.848301792565529
39627776336071090 -3315.747477361625 -2768.725448917585 -33.81700803649091
39627782367483903 -4894.864416890269 -4033.6183250373824 -24.94387613505752
39627746124498467 -3367.190369981627 -2733.241375736677 -139.3089909050654
39627746149663871 -2942.1443259378284 -2517.3774394289326 -121.11868948741031
39627782375867330 -3519.825507226307 -2931.6481146186075 -27.300090262976383
39627776331878677 -3821.3424971742056 -3173.1035998603093 -45.895182722446386
39627788436638614 -4626.913652542482 -4040.0028641385456 -13.049465994643784
39627788428248938 -3236.671320491887 -2771.2939376078148 -0.5366016739594542
39627782375870964 -2316.587677588015 -1940.2958372377175 -15.71349700583821
39627782384258456 -3855.441987685716 -3277.4667183401148 -18.534609991302816
39627746153857594 -4761.558250574919 -4106.26776963758 -195.21389926402694
39627752160103007 -3308.016032941495 -2666.3238580564657 -108.77503751294887
39627740114059311 -2255.5580712477413 -1943.5386965332234 -97.69893855255383
39627752155908296 -3047.6235219429745 -2432.5584027218015 -94.56623358507841
39627746153863183 -3554.7676247457885 -3089.043652682822 -138.24480457817947
39627746153857627 -1765.7489136108882 -1522.806089695871 -75.42309841643649
39627782380064829 -3292.4168277772624 -2777.5007902967855 -22.61970528053048
39627758216676123 -4907.440346174333 -4085.62139117669 -127.14799821080759
39627782396840743 -3737.009988766734 -3263.6920189681755 -17.230190323524077
39627752181077500 -4763.706949620656 -4027.908995799421 -162.38413987828338
39627752160100637 -5219.648312408321 -4190.990339849406 -183.4425247062748
39627746124502205 -4772.450056392316 -3896.2685904113955 -194.21183717875235
39627794472241144 -3110.596254195542 -2688.4595678830187 23.987326581285316
39627758237649954 -4308.323193284135 -3759.462562392859 -133.65906535204263
39627734057485585 -4458.403323255815 -3714.907154160853 -223.5978185585406
39627758237650040 -4021.906136907343 -3510.016781268085 -125.37727117364552
39627734061682498 -3220.030986994665 -2717.508525838203 -159.8564746853549
39627734053295421 -4365.071698197321 -3627.9597885276357 -218.56654326013535
39627746153860293 -4463.0491596925285 -3863.488082680483 -190.52383113808986
39627740080509183 -4647.7026558745765 -3755.413220793788 -199.60306910989615
39627740109871126 -3071.4843169519527 -2645.1343867610976 -138.8492204127341
39627758237651736 -3681.704715892175 -3220.7817220107427 -110.96102254185033
39627740088893987 -4288.095591936181 -3506.0160359618794 -196.96923228192728
39627740088893785 -4741.17452483474 -3875.3443333200125 -222.68088239828268
39627740080508544 -4325.654553641445 -3492.08983175485 -185.1408829978944
39627734057486357 -3108.342574065866 -2592.9170176246316 -160.9980077539918
39627734061680665 -4117.142068097939 -3465.011523234395 -213.38190021952906
39627734057487088 -1804.9141200316976 -1507.178602485945 -93.03566638875014
39627740109865149 -3998.380954508805 -3415.667203492632 -181.0158548939234
39627740084704667 -4072.4178355101026 -3326.4810077696793 -194.11889074371194
39627740105674678 -3621.4795488996065 -3083.568181665863 -168.927411988516
39627788440831090 -3198.8924557992996 -2810.067721384063 -6.9144168856939965
39627806539254577 -4931.511696748645 -4157.002695570353 93.9610697435977
39627770292082129 -1845.7273325999304 -1533.499182152562 -27.84597305474939
39627776344462642 -3514.383261262679 -2998.1328993952075 -50.18215081063039
39627800512039267 -2458.20958256822 -2127.1651293163163 25.61370198508973
39627800512040741 -3295.85493070082 -2858.6606373176915 35.66253660459999
39627752197852081 -4507.062929736049 -3933.932198361785 -168.517480684184
39627764281643092 -3748.365538752344 -3305.8956067538516 -92.52224824767514
39627752197851527 -2370.5427729363246 -2067.3781383001487 -88.44899732961656
39627782401034833 -4064.4122467181937 -3577.527899804227 -31.833467790937064
39627758241845302 -3481.9582334431243 -3068.860030030808 -95.13904302552612
39627794476436596 -1785.5706667615007 -1559.0755678384235 6.773462606760925
39627746158052647 -2205.3958398506147 -1919.99598466814 -83.08370748699058
39627758241843273 -4507.045737913298 -3962.4741616001033 -127.78089341663244
39627794476436595 -4274.509681998532 -3732.2856549685653 14.754321544187217
39627764248088085 -3908.1501674581773 -3211.158905549383 -78.4500710767344
39627758212483399 -4320.553410187694 -3573.2150829780394 -117.27926028659917
39627752155907584 -4880.838991786144 -3891.599064053215 -172.46356002004967
39627776352850716 -4078.902898907941 -3539.989232541535 -38.16907296808853
39627734061681502 -4106.548500873946 -3460.2840100248186 -201.70475749211096
39627776361236210 -3955.604418620531 -3479.28714466665 -37.7239374680798
39627758241845117 -2496.09600824561 -2199.5009021218752 -69.92618122336802
39627746158054765 -4575.638800875004 -3994.2945100691636 -178.9585179633195
39627776336071917 -2832.9339783849778 -2368.91739153489 -31.598001499966774
39627752197852635 -2351.7634303974287 -2054.2993508187615 -76.15449590784434
39627734061684278 -3793.5925583088765 -3209.7572159818487 -190.41266214237075
39627746153863105 -2083.712244827893 -1810.5514453239607 -85.42244568575103
39627740109870097 -4077.6781303570237 -3506.778457527437 -189.69610647713603
39627746158051974 -2331.278715566388 -2027.934698081789 -94.12272190161065
39627740088893937 -5105.383763053972 -4173.942904029518 -242.24919808670768
39627734061683590 -3036.3497532289816 -2566.4008249774433 -157.71296186113256
39627734061680423 -3482.5443330797566 -2929.760738656872 -178.40584145367706
39627734057487695 -4246.2247020486275 -3548.793712175787 -221.36366478622628
39627740114059593 -3719.15278700364 -3205.9975115938387 -171.80998576854464
39627734049097956 -5129.286180498019 -4205.644564930347 -248.60951483425498
39627746153862882 -3163.3499544861675 -2747.9282249841845 -135.0934124008289
39627800474289544 -3226.543504318399 -2572.545117275316 37.41742278675398
39627788419858792 -4271.674520141684 -3585.722339166565 1.0655039583956187
39627782350705259 -4355.523448243884 -3461.8930667008603 -21.580482530733228
39627782388450613 -3193.9284592065274 -2732.231411178498 -26.54178956757368
39627782392645765 -3408.996008701061 -2945.4812108694887 -24.658788050867617
39627746132885887 -3113.299749808264 -2567.5272835067367 -118.20904049395533
39627800512038066 -3986.2531988486326 -3442.347223114806 39.71163527137597
39627776323487345 -2423.7827693212985 -1967.075435807494 -29.318989694291176
39627764264864245 -2669.921730830162 -2268.0669396683916 -66.22128036249408
39627758212482031 -3580.819184772687 -2956.1049018054687 -104.89918544958935
39627758212481531 -4158.375149496018 -3430.459225618319 -122.00188686096442
39627740088893774 -3207.602299733046 -2621.7790697889163 -141.63862362931596
39627788432446858 -2678.8439195042856 -2327.194904574674 -0.8857870180697157
39627746145472171 -3735.853638607765 -3179.2421076535034 -160.47992156697168
39627776348653805 -2359.8826951122687 -2022.2291511980839 -22.013084228933852
39627752155911404 -2765.881229000699 -2218.553675764579 -95.40949632071874
39627782380062808 -3525.4973582744337 -2966.6825805767653 -27.604027361402785
39627752155909648 -5287.531098840453 -4229.1363961975185 -187.77310582190003
39627782350701862 -4561.378510226251 -3604.0431218373387 -37.050925899757196
39627740088898491 -2925.2494846057302 -2408.26719360779 -135.2370895935198
39627794476436747 -4940.96679645308 -4315.031501401792 33.39356745367088
39627770304666244 -3529.4805098226684 -3014.010793683847 -55.43256213157192
39627800478484625 -4975.451623030129 -4007.39075816669 60.58411376380818
39627800512037610 -4207.172828706317 -3630.2173287411156 58.28823307884095
39627806522478771 -3774.7327420282913 -3076.628521512629 69.77562194436317
39627794434490895 -3617.123256956361 -2879.443664630253 12.886638785314016
39627806539253808 -3451.2410785880893 -2905.4098043549343 57.26626802449742
39627776361235372 -4721.598176942426 -4146.793094948941 -54.54203653691612
39627788432441842 -2284.0865158287766 -1969.4842853034395 -2.0584065418402497
39627806522477187 -4289.007500234419 -3487.5447821222033 75.46618543074064
39627812562273778 -4407.7639107641135 -3578.651860441444 91.76547697959366
39627794434490587 -3930.9007139878936 -3127.749011374163 16.9630524595604
39627812579050946 -2021.8143861241624 -1700.3908238890867 41.73126285123123
39627812566470686 -4699.973533949133 -3867.606383617546 113.61529941600585
39627794442881954 -3211.0435848258217 -2611.3820756241316 19.31137419735476
39627800478484619 -3093.8026371753813 -2491.8269988616526 42.02565375342636
39627788436641160 -4014.2141352255803 -3518.5830618781997 8.34276043702793
39627788394694136 -4531.70950592473 -3612.87349619661 9.10803422210217
39627812566469583 -3410.011657986079 -2801.078007466054 80.08865553740124
39627812566469276 -4405.058775853226 -3616.575917787227 102.63720742415059
39627812566469031 -3093.3266149908814 -2538.5270363524023 72.21666156535882
39627806514090820 -3975.2786559616893 -3188.9741581386074 58.55194179521625
39627800474288862 -3934.655560985322 -3133.471120601363 40.33044312597154
39627806547641921 -2350.810167555862 -2012.652838481139 40.8327755095824
39627812566468719 -3925.1674041774518 -3219.2907621546133 90.20626586915738
39627806522475014 -3459.112866093393 -2803.4534590160665 66.5564332828228
39627776336073319 -2321.118625460531 -1945.2834682495075 -20.88044711991296
39627800486873257 -4281.590411351797 -3511.574590123327 39.25003346229035
39627746116112587 -3500.7088908449214 -2803.4288394586692 -131.00771829455087
39627788390501247 -4521.21346608439 -3580.7280930655716 0.5347064559295811
39627746116113404 -2687.8595928602144 -2155.2283376522632 -100.12966159505899
39627788394694501 -1963.4683175636026 -1566.1960814664524 4.443112405303768
39627776336072532 -3443.5102167762057 -2882.413093544931 -35.57440564468326
39627812570661003 -3539.6904575893363 -2918.453042740885 84.35464559664346
39627800474288844 -3024.4642160535814 -2408.551577080441 29.72237730246194
39627812566468314 -2744.967487614051 -2249.6537382668116 57.687525701076744
39627800474288178 -4380.563392133306 -3484.505785357523 43.66718395996879
39627806518280494 -3626.228111243162 -2911.3590873528624 60.97634760833581
39627812566467642 -3031.3287045090397 -2481.1155596917292 67.68053466023036
39627812566467395 -3923.774958977647 -3210.167757561944 85.97027669879711
39627800474289987 -1852.3209531844464 -1477.9663262726992 24.402832677429213
39627782350701205 -4977.03100279388 -3927.901148480525 -17.350431621433195
39627770266914626 -3392.9031675776528 -2665.9184698589324 -51.732897047040424
39627788432442386 -4080.567742386565 -3521.7649875587967 -6.031933487234583
39627782396843001 -4597.554596539243 -4028.8078526520467 -39.20594650614269
39627758237653471 -2459.3074107331386 -2156.0854515159076 -67.1790341629324
39627776319292717 -2829.280586564004 -2275.352065341687 -31.75822463512258
39627776348657467 -4039.1135510071176 -3479.6141451038093 -43.592400627631996
39627740109869136 -3606.5783828338963 -3098.0053818626025 -163.3989820380945
39627782350702405 -2159.573115172749 -1708.1207691771958 -7.804041712913935
39627740088898354 -4521.525353937727 -3721.577101121829 -200.7557807207009
39627740088898431 -4027.8264579771844 -3315.6594901303843 -178.3782622391276
39627782380064039 -4324.723359727973 -3644.650678801414 -25.070781692217736
39627740088898598 -4004.7415313065835 -3297.5261927291735 -178.0077528379362
39627734061680373 -2521.970849465249 -2121.5199712998665 -125.12292882714056
39627740088898924 -3723.5333631652115 -3067.7200968906645 -165.21667796897108
39627794434492461 -3354.8308088163612 -2677.2688773309633 23.791333099929737
39627758187321276 -3990.4327604081654 -3145.496470239325 -106.16340454269726
39627776306713609 -3243.882665789838 -2557.008075963707 -30.165578317740632
39627746120305050 -3379.5942840208477 -2723.0977773555555 -140.07473146205393
39627752151716110 -3587.1512030034164 -2845.4703767219944 -121.30920415256563
39627734049101072 -4176.687204707599 -3442.404115516605 -208.2566599735311
39627740084699900 -5292.388623561701 -4290.205923590802 -245.19689799261067
