EDR/create_files/QSO_10_clustering_data.ecsv
# %ECSV 1.0
# ---
# datatype:
# - {name: TARGETID, datatype: int64}
# - {name: X, unit: Mpc, datatype: float64}
# - {name: Y, unit: Mpc, datatype: float64}
# - {name: Z, unit: Mpc, datatype: float64}
# schema: astropy-2.0
TARGETID X Y Z
[from data line 1486]
39627812545497362 -4325.316567656471 -3391.4635909541894 101.95138002656941
39627836692105517 -5206.17015263635 -3975.509299776125 224.94852050981913
39627836692105345 -4981.098628860119 -3802.3836864026866 215.31847280846725
39627818581098939 -4297.04197775076 -3328.934243044775 126.81180333940208
39627842719323103 -4016.0898085460726 -2998.8485599548385 197.1032697053427
39627848780088120 -4808.289348730323 -3727.707289413889 266.14489503107865
39627848771702927 -3185.0087328047994 -2439.509603939524 171.0437443033927
39627848780088059 -3692.9721016684716 -2862.781748450706 204.3960896277508
39627860868072533 -4468.370077421195 -3529.372498503599 308.3084275761565
39627848792670242 -2978.5953822779725 -2369.3599848724093 168.09827026964234
39627854828277742 -4521.8432560216315 -3591.8280222961503 265.42483708244333
39627866895291002 -4439.174231630075 -3469.531244371217 309.3683604991043
39627818576906031 -2303.3952424049644 -1772.8975026035191 61.34634247834665
39627866899483307 -3043.9294496692414 -2393.320918127547 222.86287239539985
39627854828276854 -3543.9453322538648 -2810.6267095944095 220.1248887095108
39627848767505146 -5200.806431680865 -3923.9936402566896 287.37108191336864
39627818572710739 -4000.5713706028996 -3046.2203261208715 100.7935722450149
39627818572710884 -3998.5529666746766 -3045.3500148875337 101.3280850079858
39627848759119355 -2162.9528728647006 -1609.8075584942762 118.07646295666846
39627860884852013 -4093.333629489098 -3363.307299755295 268.21280531466726
39627812541303972 -4048.860832847125 -3152.1710947790775 97.86257896817114
39627830639725409 -2610.0838076677796 -1940.402559216106 104.22335601649357
39627830639725028 -3852.0751362643978 -2861.89497986235 153.8897175776274
39627824620897713 -3341.653270949974 -2593.587863576188 115.3553730208865
39627860880656247 -2354.3623011345303 -1911.419786375941 155.34344844758618
39627830639725833 -4461.007410303846 -3318.8007787007905 166.92697115411406
39627854828274319 -2792.963544867858 -2204.128498160042 169.41134415930546
39627812532912621 -4798.7898552366605 -3651.9326612295445 118.15425233106176
39627836717270846 -3186.9723978863144 -2567.3789001704927 146.13932291512324
39627854811496649 -4250.482297357818 -3232.9614038286513 264.9020274193585
39627872947667016 -4623.128617757412 -3751.2364396626604 356.600472243345
39627848784285698 -2839.701976147992 -2232.2935941204246 164.5881690279091
39627872947668242 -4307.468812814183 -3502.016680710308 336.20080630690717
39627848784286090 -3453.7236971471043 -2716.574339282792 201.33157951066582
39627872918310078 -5102.542108881715 -3904.9708028070813 390.97873216255823
39627836692107043 -3736.321633845022 -2860.702989327595 173.7911286683259
39627830652307805 -4057.6613333054197 -3096.644844818125 161.99240049682422
39627848759118565 -4837.232665935212 -3595.4476390829345 268.81947545935986
39627842769651234 -3425.14004542061 -2831.0367584967935 181.35307999246467
39627848805257388 -3181.193922363543 -2618.4682290190663 177.60657287477633
39627854828275062 -2376.029320764246 -1877.5341193790737 141.65094447022844
39627818572711416 -4419.526482526309 -3369.139521635742 115.0439450081631
39627836717269913 -4319.013258221734 -3472.163776653799 191.16126812354634
39627818576907427 -4270.540698913671 -3293.9118005449022 122.2587281075617
39627866899482978 -2984.548488676061 -2345.4199463218 209.08747256248492
39627836687911423 -3488.1100026577014 -2640.1989871825594 145.06396871930298
39627860884850952 -4211.065073888175 -3453.6712754717078 274.2567442062941
39627854824080076 -2332.31990676616 -1824.4687809657432 144.29823447926844
39627830685864194 -5203.093932163273 -4280.581746460961 208.9646749081373
39627854845051178 -4491.818494036795 -3671.5527055498956 284.34958262573116
39627866916258220 -3547.0670184654364 -2879.377208839996 267.594897339831
39627860859685245 -4322.16526195572 -3358.305514076733 292.47978428930094
39627830643920234 -4133.238729863259 -3105.7751676285884 148.76536629726186
39627848767505358 -5540.474121940414 -4181.731868955914 306.95242777062833
39627830643920121 -4084.56715446257 -3068.584227022427 145.35601146286842
39627824604121274 -4012.9020594813132 -3006.8263421980814 141.85944412434804
39627824604121498 -3919.1972625537787 -2937.573256567906 135.72951157992733
39627830685862989 -4607.507345833392 -3783.3630745645255 175.85366746775014
39627830685862749 -4042.534176867071 -3318.1099438985693 154.25542217624223
39627818602070954 -5036.829146251527 -4084.3853492872604 134.0640874595539
39627848780092239 -3016.5989546458068 -2354.136749416284 174.58921096251677
39627866878512203 -2951.730452045703 -2219.5239216347727 208.85139139583893
39627848780088172 -2645.3605846629202 -2050.9943575771013 147.20663005461824
39627812537110105 -4985.139158848549 -3848.896420642331 108.37775745398143
39627824608316690 -3239.8318681992864 -2459.0231578527814 112.72281327672866
39627860884851811 -3495.2761252437917 -2871.033965879121 227.31204582663048
39627860880659763 -3120.6575411005606 -2546.787592170565 212.91672105481797
39627812549693218 -4456.316792111471 -3536.6649647607237 92.81691053224282
39627818602072155 -2617.3662622677684 -2126.42212313355 68.68723499531046
39627818602070818 -3468.5654890341248 -2812.1138143193007 89.02520215772107
39627818602073605 -4190.995791297222 -3413.4007819328754 118.09620015276825
39627866878512729 -3531.065371962699 -2657.253032179323 252.27594078693792
39627812537107744 -4058.1170521394447 -3120.6531656507805 95.9693152898391
39627848780089879 -3286.2319468090745 -2554.315345228261 189.5185502456593
39627812558078794 -3401.156026278977 -2733.817623855319 79.1410101940952
39627812558080615 -4142.20209525363 -3340.3799429644223 96.47968487990322
39627806505701193 -2657.4201551372216 -2088.6095494010415 46.22732959936009
39627806505699034 -4131.340083623912 -3236.4764915804726 76.44378165645294
39627818572714520 -5190.446317960235 -3976.818330679576 142.8401807631844
39627812532916728 -3736.2545123593663 -2862.6668197845506 80.73973186051961
39627806505698074 -2706.912759697038 -2117.4993961081677 48.55315410159577
39627806501508027 -4379.635472970636 -3419.423317318018 80.10355283984188
39627806505697753 -3594.2865035235927 -2810.371785689875 62.58154293188109
39627806509892769 -3224.9297462460568 -2546.5203743574475 56.305860786391854
39627854828274353 -3442.220888819425 -2716.6639305864014 211.15422582301576
39627830685861911 -3199.723919147752 -2622.6717665283104 119.12994644714601
39627806509893470 -2985.641474980837 -2360.2690371927324 50.67178535377964
39627830685864740 -4874.234161457574 -4013.8549935776687 190.30941664747047
39627824604120087 -2078.2256750163515 -1554.4616797329518 68.25140115286617
39627842769653796 -3307.581557426 -2744.23217229229 170.8953033224923
39627836708883571 -2463.5720466568655 -1952.002070199512 111.57463831313123
39627848763314143 -2630.9458108552353 -1978.2318407457037 145.42340798438588
39627848780092702 -3744.125312231179 -2924.16589921006 217.44586763506348
39627812553884478 -3975.375056273495 -3166.8024128824427 83.41140279306494
39627878966495191 -3286.5733504665523 -2604.433785158611 276.80641682547923
39627824646063561 -4132.2110430859175 -3385.0968455058737 129.76041401811202
39627824646063696 -2672.0564332123686 -2189.433077568004 83.12563075593248
39627848784283457 -3611.3913983712455 -2829.776520616213 208.4027477296498
39627860884853600 -3429.0483884116306 -2826.1147405193155 230.6545522973746
39627836729855687 -4054.4869501583207 -3363.4419104158956 180.80507441701621
39627836729855387 -2160.918995904656 -1791.6435315112644 94.94239982214687
39627854824079526 -3009.010408631453 -2351.5647315849105 175.1103145620319
39627830690054171 -3099.2967864126535 -2554.8877323546662 121.29490902662343
39627830690054408 -4187.400581774031 -3453.2357243559977 162.20820241533096
39627842769654783 -2703.5613189563514 -2246.1964194911307 133.5936049647194
39627812532915549 -3104.9384487854163 -2374.4408754555106 69.38218000599922
39627806501507995 -4263.650383446259 -3328.6592478279354 73.0058186340077
39627854836665322 -4459.496583900848 -3596.733743969179 270.2427418077907
39627830690055082 -3836.7390843090366 -3167.5180489977224 141.70157267773126
39627818606267623 -4382.745849520324 -3596.6929597591616 135.85458265053018
39627830690055859 -2278.813371735187 -1883.6458310951941 88.35383647169736
39627806514086016 -3451.097133232843 -2745.6112584839807 63.99023060774015
39627812562273806 -3945.169788644716 -3203.237812052605 99.75576369600542
39627806514086195 -3258.211691331819 -2592.8914016194394 62.665110439922245
39627854849247262 -3033.580289329496 -2508.9779316861527 180.63972549987827
39627848784284290 -3001.3106648749313 -2354.275195571013 163.6828419284398
39627818606264933 -2484.2173961662756 -2031.255822429217 69.1263125317112
39627830690054225 -3716.268776659188 -3063.7979583177876 143.6671248210145
39627812558079445 -4106.46348168234 -3304.6237833296645 89.86884892403958
39627812562274574 -2817.500423805406 -2290.6866740197856 69.46188363672663
39627812558081193 -4886.602898207125 -3944.6571572929615 106.01344986482884
39627806509896060 -2146.7863245462668 -1704.0979440676622 37.11396132409162
39627812537108501 -3678.6556286551913 -2832.5526500548212 77.45334564861457
39627812558082496 -4655.650726161314 -3767.1038393980716 104.94902511813812
39627878941329051 -3480.5853206688944 -2611.098048123679 279.02073026068757
39627866874314999 -3842.451475133339 -2849.812344633301 262.70491282307523
39627884976934854 -3244.815686955857 -2465.1525021211173 279.42169483019404
39627866874317018 -4595.41859904307 -3422.432336283432 322.7868218672332
39627884981131202 -3909.503097845428 -3004.0322958339943 350.9100690843067
39627818576910118 -4877.1430677477265 -3775.9509928560074 144.91634809606597
39627842740291013 -3488.771590056188 -2707.380322419524 179.53967524783917
39627830656501333 -4341.1375771882995 -3339.7215002604735 176.40384325275397
39627842731904583 -3543.339699711206 -2711.558891436695 185.02065215812954
39627842761265176 -2304.5983460770112 -1879.2238464522795 117.42679794334208
39627860872269152 -4578.698407854728 -3660.94838115555 304.96689600844206
39627860855491689 -2260.9231966131483 -1742.683532405232 152.5792006595656
39627818593684292 -3635.8462969451316 -2908.2609420187828 93.9459090391043
39627812553887475 -3625.6948223986856 -2903.8166317378254 90.76146224442756
39627866886899177 -3706.44838082813 -2829.93044310279 255.0713851710874
39627836700492732 -4138.003846879567 -3207.8756700546137 180.15163242769006
39627860838713618 -2493.4259635957587 -1853.7144980856929 156.39578486470907
39627824604123210 -3641.0370307242583 -2736.29789428669 116.4123589310574
39627854836664449 -2560.8433138093915 -2062.33957041171 157.4492337242223
39627866874318874 -3981.0706447883767 -2975.4682559807816 285.9421326559323
39627866874319265 -2476.8523528902533 -1852.4510381218663 179.43211861838208
39627812537111526 -4216.106567166815 -3263.4672386947163 98.53766405331389
39627824620896907 -3493.757525422427 -2708.171623067838 110.35879769958328
39627866895288937 -5304.198676549712 -4131.902032172332 373.57282491445477
39627884989515036 -5011.129647719325 -3893.9755383165116 438.84540392369365
39627878953910462 -3734.534045239011 -2871.7209786709905 304.7635355343557
39627878966498329 -2392.0877212913792 -1904.709239173491 202.6279065983532
39627878949721629 -4448.416437543133 -3419.6168554080223 360.57127944566236
39627878949718959 -2161.2282458672107 -1653.7444229130608 184.08953145269467
39627854794724372 -3734.1042249790385 -2762.377306034253 221.22895651825732
39627878953914860 -4766.926470206681 -3691.4319337389984 385.3298877366957
39627878945522755 -4492.944671624967 -3397.7875096287994 358.57071370728846
39627878945522889 -4329.684496701531 -3275.0745852628493 344.7679641825352
39627878945523103 -4011.264925642494 -3035.2269960966246 319.8798656666754
39627884976936350 -3556.8611494223496 -2707.9840195379315 306.62413527896035
39627866874316342 -4703.133781414963 -3497.74775516645 320.09782169817515
39627884989513790 -4009.4149710807164 -3110.411701533584 361.45289689252667
39627878974882754 -3918.224327714253 -3154.8910256453905 333.60584302606696
39627878974882711 -2452.549290926981 -1974.6425634489594 209.1919485432322
39627884989513803 -4448.6603752503615 -3451.2365337378455 397.4540239543836
39627866920454403 -3737.105676954183 -3071.034413875268 268.1447978124217
39627848754926390 -2169.796157865917 -1604.5229743960144 121.95143518708475
39627824604121559 -4451.036890974527 -3336.4908495255195 138.53844432296708
39627860838713543 -4556.552463611553 -3387.0479265089557 301.33436150594645
39627860838713568 -4551.202984251839 -3383.2573687616973 303.757676933671
39627854794724061 -4202.846621631361 -3107.4820058087844 245.45182558571312
39627860838712581 -3373.3192540173986 -2502.9095112264845 223.50517662531797
39627860838713081 -4587.099194907805 -3407.010778568732 300.66591380462245
39627806501503358 -3411.8435401820457 -2643.0613160121875 61.356018312878184
39627842715126860 -4539.556503501341 -3346.7056197872125 230.2690484418456
39627812541304668 -3664.442798891575 -2855.9588270380727 79.2130580460651
39627866878509461 -3737.0662389844288 -2797.683902930473 263.09413471216834
39627842744484558 -4448.3600104744055 -3478.465304189954 214.40829983412823
39627818597876055 -3528.9050081763135 -2834.0554154912984 97.8127299413291
39627818597876094 -4388.904975837522 -3524.918072408236 121.81148384069665
39627824629289160 -4330.850564879916 -3438.83963239692 133.4491278279811
39627854828273695 -3760.6548671735995 -2964.712303035364 224.49241619295486
39627848805255665 -4299.273730282456 -3528.138221403271 247.01000762949596
39627854828273792 -5018.421279866447 -3956.8897267143084 294.2918134734939
39627812532912484 -3787.7622950822 -2881.957387059647 80.59190674902395
39627824599928503 -4782.823113713742 -3557.7023571815735 156.96431394048662
39627806497313865 -2528.7077994395117 -1956.1570760587554 43.985949173732806
39627812528719575 -4679.643140939147 -3537.4312904497797 104.64222612501675
39627848754925842 -2796.9038954370985 -2066.4767022354913 144.47434041742136
39627830639723954 -3793.762621362412 -2813.742753865618 137.90737624320624
39627806501504229 -5187.8033310635 -4024.588785092485 93.82257224685533
39627818564326291 -2656.6242764284907 -2000.9098880767224 70.39993417237784
39627812553887947 -4871.989872613034 -3905.3291641687947 110.76239601525921
39627806505699472 -4384.715966965424 -3437.1705915799294 70.14798355214154
39627812558081258 -3578.854167297538 -2889.293931581319 84.64671154839651
39627806505702439 -3194.1161153852813 -2515.183665707503 55.28630164885902
39627848759116058 -3068.9553327352787 -2271.7259895830275 167.11438889518192
39627806509891838 -2945.451997570154 -2322.7108562371777 50.2697409408503
39627812528720683 -4135.788430467821 -3132.2381100613557 91.58615599660422
39627806509893129 -4244.106729905085 -3353.341181808414 70.15960267103371
39627866920457258 -4292.370730537521 -3545.072682764603 310.0907760076921
39627872951861830 -2717.249089005484 -2226.468373955093 215.98162773788303
39627872947672618 -3864.487168565908 -3163.1327917875924 310.7080223723401
39627854845055704 -2632.275440294362 -2168.658537524218 156.59992360932554
39627848788476326 -2963.066378000024 -2337.231186874274 166.94730879579947
39627842740293509 -4000.221996895916 -3117.503202733686 206.74554246814046
39627848809449280 -3963.747342833487 -3277.0518885609313 225.8642352765741
39627878979076393 -4995.854167960561 -4055.743107140811 424.90782262949693
39627860889044222 -3046.32498597547 -2517.047691184377 206.068647796524
39627872947671432 -4482.717223547523 -3661.9049138184746 354.05161554681655
39627836729854490 -3257.8459542288906 -2697.2706540722206 139.51446170713032
39627866924646843 -3597.6011150184304 -2973.8696420107617 255.65504210083935
39627854849249463 -3871.1925992247384 -3214.078677086788 241.5395417287771
