EDR/create_files/QSO_9_clustering_data.ecsv
# %ECSV 1.0
# ---
# datatype:
# - {name: TARGETID, datatype: int64}
# - {name: X, unit: Mpc, datatype: float64}
# - {name: Y, unit: Mpc, datatype: float64}
# - {name: Z, unit: Mpc, datatype: float64}
# schema: astropy-2.0
TARGETID X Y Z
[from data line 1054]
39627758216677573 -4338.950281863876 -3619.1522377162473 -126.26815965141449
39627758191514419 -3195.1959593130314 -2537.8140110790155 -86.45470037391368
39627758212486721 -2095.6371111467597 -1740.8847297879145 -60.05341971571662
39627752189463149 -3950.9985532918367 -3388.5729711392487 -145.85481775802916
39627806551836249 -4412.673081513694 -3810.9653423409145 68.42955704071493
39627812579049983 -3738.2530192404065 -3139.1488501899235 76.98139855524168
39627812579050338 -2040.5660181590695 -1714.4325186241088 43.25513854796751
39627812570663849 -3827.2581416013677 -3168.418177333738 82.03283950020078
39627806543448064 -3077.038107337801 -2614.185554756648 45.75139274302409
39627752197850318 -3821.857398615303 -3327.1993739485497 -128.75263090820803
39627770321438181 -2989.2713836988587 -2627.3186473973506 -45.09520743493462
39627812570661340 -4470.976214168489 -3688.3286773208415 100.64110376879596
39627812574860772 -3274.6395759525903 -2746.9811248739434 74.07633808182985
39627812574860727 -3622.165151158603 -3038.3271226413435 82.96953992433457
39627806547644157 -4333.16753029095 -3723.111363458551 68.08728737292853
39627806547643819 -2444.2197367006506 -2098.976818590722 37.142062018206396
39627788394695038 -3343.235351121751 -2668.62185683302 7.665785624733703
39627776361235423 -2386.0088134765424 -2095.7071947828736 -29.222274667951268
39627788415664230 -4557.508599017324 -3790.8312395784524 10.098284117343606
39627746145471859 -3735.2083755574968 -3177.263609368016 -155.2367253819482
39627806547643321 -2955.8346378034867 -2536.313256486646 49.47275658693941
39627812570664498 -3243.0879543233063 -2687.432419197994 77.79675460726185
39627806526669845 -2851.467868752202 -2332.8894742029906 44.15231900796379
39627788394695223 -4255.165998599078 -3397.3332092435844 3.6636644941227994
39627788394695487 -4425.197483509754 -3534.3291670964245 3.0403122289281974
39627746141280664 -4113.559999439019 -3478.535233807318 -163.15062791935063
39627806522474640 -4713.132014098381 -3817.2327201975418 80.35294815532325
39627794447077031 -4590.734579112354 -3774.060140139397 25.520276918901217
39627800512038787 -4292.151991227821 -3711.12711824423 55.527425392800616
39627752193659493 -3722.931071604216 -3228.6934797836234 -123.96328659382144
39627812570660962 -5126.199920904359 -4226.20510309256 116.52219468247567
39627794476433685 -4137.415018204727 -3597.9203920830355 25.954048166158074
39627758204098649 -4896.437013414021 -3999.1302890523693 -146.84226486279883
39627782396841256 -3521.7605132068493 -3078.100810778215 -25.32920565564136
39627764243894505 -3628.5498833127676 -2956.940538511973 -71.9395235134735
39627752155907850 -3726.879836447079 -2972.6207669167325 -117.90416631731337
39627752193660692 -3487.91233364328 -3029.800190474286 -129.72340601031578
39627800495264876 -3440.869079547262 -2885.273095221556 33.003172603429036
39627746153859479 -3841.330804859194 -3321.6954996347536 -156.98768402130642
39627776348652063 -4644.096115528367 -3969.2317884166177 -59.723390119057235
39627752168493381 -3386.121415717415 -2784.4323063894853 -106.22775807456365
39627782350701704 -4205.665457673138 -3321.924791052482 -31.266187341278343
39627806526671662 -3864.7949201379047 -3170.778659215878 71.48134883383861
39627806526672186 -2797.3416416831474 -2296.738323676026 51.246012178340116
39627782380062597 -3902.5144067529413 -3282.8434912389225 -32.628272074506334
39627794480629028 -3530.077541628932 -3101.7850852600395 16.19162052414208
39627782401035597 -4575.296595886934 -4032.234752407539 -32.86159797528689
39627794480628338 -3530.921532749874 -3099.487939922196 12.74418095544321
39627812579051703 -2795.8431701695363 -2354.1914116271596 62.918904614941106
39627806539256994 -2919.9616487709086 -2470.711539325976 56.294660554444235
39627776361238212 -3218.075213231541 -2839.9371735202526 -43.897878651490345
39627800512041689 -5236.29102336136 -4548.317936892836 73.06829839514269
39627812579052733 -4481.547899908385 -3780.902897518122 100.89518744830391
39627776361238002 -3261.475600580518 -2877.182832737916 -45.08746709487772
39627794476439274 -3598.428824031488 -3153.83836679199 14.561530219693235
39627776361237954 -4116.482529091106 -3631.1362029873653 -55.74368116554027
39627776361237503 -4468.149693086468 -3938.4790576504024 -63.801217526453485
39627746128692704 -3708.764915774844 -3037.1801676750315 -143.81801552340966
39627788403082133 -2043.0854256393209 -1656.2725882941243 -3.9603140536950368
39627800503652884 -3867.053798087912 -3297.556762169379 50.70000092265573
39627788436636915 -4277.585967901364 -3724.902737649052 4.860394780070061
39627812574856979 -2873.014029394415 -2395.8966185848662 60.530397450272446
39627812579052345 -3198.170315704663 -2696.1783474211634 66.89141294983665
39627812579053638 -3218.8354986887725 -2720.14490404228 64.70555561738497
39627812579053165 -3429.8698685303393 -2895.862946895155 68.76861739991196
39627800512040670 -3247.5586367720234 -2816.461020024332 41.490029214522615
39627764281640828 -4653.198183740554 -4090.656387095918 -104.73644940624085
39627764281640061 -3262.2812613544365 -2865.164776378573 -74.29290487116994
39627752197850505 -4780.427652394307 -4162.679547805037 -164.45239101902717
39627788436640199 -4220.579748956066 -3694.447852542356 -3.2659710318152553
39627788440830776 -3596.894409757514 -3158.5308525906908 -0.4660036660306845
39627752193660451 -3963.251942951175 -3441.6083621271982 -146.21548542590224
39627776357045780 -3564.8742571616103 -3125.9448110165927 -35.141681153375224
39627788440831433 -4423.250181474463 -3887.558332995798 -12.274772984438926
39627794476435783 -2713.3218643454293 -2366.444914262738 13.157757121333328
39627776336071345 -4372.919909098558 -3653.2047573070995 -37.74429917104022
39627752197850158 -4072.9528562059722 -3545.128017839549 -148.29914549163547
39627752197851622 -4527.90165482383 -3949.382842945235 -161.69452985676384
39627752197851163 -4648.656045831681 -4051.9609256431345 -166.4756192301623
39627812570665384 -4311.692816471075 -3577.5625754542766 102.09427061133965
39627806551836017 -3250.6234340703063 -2806.362046317007 53.52062123564765
39627812570664755 -3239.757325414925 -2685.7546847005765 75.91762711928733
39627782401034290 -2972.801985660316 -2614.5647150442514 -16.924769789905135
39627812570666231 -4677.1447906841495 -3885.436876204445 113.12662172122272
39627788440830192 -3914.206650445895 -3433.8924691982634 4.212832816202128
39627770321441040 -5138.526143494404 -4535.35915218823 -81.53739276553371
39627812574855417 -3796.4448020372433 -3158.485257486363 91.73493409186895
39627788390498406 -4139.639423425981 -3263.941951422294 1.1100112123301713
39627794430299797 -3449.663521007965 -2736.886614782426 27.448404300446573
39627788390499060 -5407.210884581761 -4267.899314501616 -3.4996379108666065
39627776306711336 -3898.3475982867617 -3060.6190967846915 -48.052646803095236
39627764256477525 -2357.644199022328 -1973.3800002409134 -56.40249106906995
39627806526674350 -4741.085471686684 -3905.663151160392 86.41333723286657
39627800486875161 -3082.5788189195478 -2536.15369872876 31.834022563734187
39627740088898795 -3168.3584340433367 -2609.7482677000157 -135.21971056118505
39627800507843370 -4854.531292026796 -4151.123931629671 50.545063899461155
39627746128694357 -4965.310771322893 -4075.9845269090692 -202.34813895045437
39627794468048687 -4339.081460120105 -3728.371806428583 25.799907161231204
39627782354898837 -2834.005995461698 -2267.2239516927852 -9.316096348980686
39627746149665023 -2378.998453423789 -2039.2704740133677 -95.14408810280635
39627752181075055 -2711.4365288941876 -2284.947948278972 -92.70577449858149
39627782359091903 -4314.671597636941 -3474.5379587562857 -27.74625142836367
39627746149665119 -3339.541733641252 -2863.113079341749 -134.58139705925132
39627752164295948 -4661.115650848529 -3782.4978217538546 -153.4354054414773
39627746149664149 -2227.6827066004507 -1906.866345751162 -91.81296678531572
39627794459661439 -1992.1157843483568 -1684.1903967679161 6.839979129281205
39627794459658170 -4664.784023608139 -3925.21656086582 20.493676345613718
39627746132890400 -3566.984633339235 -2959.9803310726275 -137.54266808968816
39627764252279420 -3860.5875219173217 -3185.4169585456793 -90.59703458121139
39627740097282223 -4442.657583875301 -3695.668422560577 -190.33198681642716
39627764252285109 -2953.0355146005795 -2455.1264490488265 -63.394327141085064
39627782363290067 -3261.068797074761 -2662.2281378441094 -23.095648289198273
39627800499457758 -4353.617774821789 -3674.9271643641487 40.25919516989862
39627794447074921 -3429.978954027885 -2810.2771593649395 16.73553176921755
39627770300470478 -3126.1154280389605 -2642.586866743776 -52.5143535347762
39627746128697263 -3385.9900807038566 -2789.8414990430815 -132.31866988743982
39627800507843242 -2536.890131957376 -2168.909422851313 25.94343157559887
39627746137083169 -2756.873143551699 -2302.6900854459313 -116.05356381009801
39627788424054880 -4597.035248007647 -3901.9753169764836 8.573715619507322
39627776352850271 -3973.1875358625243 -3445.773705695281 -46.41908753561859
39627764231312037 -3374.671990808322 -2681.012226188917 -70.85299600959988
39627758199898891 -4341.862825228128 -3489.372639097323 -132.91123339200914
39627806526673678 -5281.599392036114 -4346.460376799478 82.68625228399685
39627764269057061 -2775.6300277367195 -2373.8613628198723 -68.96070032420326
39627788428252053 -4134.540552349518 -3555.166544109586 -2.923572457883063
39627752181076183 -5147.16082909955 -4344.672369215619 -162.48169257343648
39627746145469725 -3008.3581270842074 -2551.075304864818 -122.15678728234532
39627770296276452 -3851.8963487026413 -3229.164389716057 -69.4914491360664
39627770304659816 -2618.9509090567312 -2218.0010621498036 -44.73562166551901
39627800495261846 -4484.998801775375 -3743.2246216812346 44.884709559524005
39627764277445869 -4240.518253872718 -3691.5905367513815 -92.29816810872657
39627776340268869 -3468.194854448145 -2935.375548066088 -41.02578497628699
39627752185268438 -4624.093103409869 -3928.216404838389 -156.97153240377634
39627740084701446 -3924.6339338304483 -3188.9504056885426 -165.56670598784137
39627782388452276 -2285.6620987152087 -1959.3460780858002 -15.63753565197784
39627758233457401 -4576.920494455401 -3969.026931163091 -129.58570536270344
39627800503648409 -3150.6258986830026 -2667.5032179249047 29.919766772943788
39627794468045183 -2789.7134036347848 -2383.9880523334627 21.57735362756335
39627740093092366 -3096.067149891994 -2569.621721465768 -140.97344565684844
39627758208292592 -3865.83254437792 -3181.1880786821857 -108.66380950673891
39627788403086434 -3572.0919521878554 -2913.6529210024514 -3.7666551544867652
39627752160101296 -3321.010694391339 -2669.462840063423 -106.34681878340571
39627794442879188 -3123.8349918131635 -2530.229061400016 24.206925715895068
39627794455464821 -3779.9434098300603 -3158.3033332569635 12.992043044174524
39627794455464568 -3721.5211859798765 -3108.2770618088007 13.593639985240811
39627794472239554 -2013.033341636286 -1735.7525794375877 16.61407016119059
39627800507845460 -3667.3643029048694 -3146.6852948552496 44.796016591377544
39627758233452696 -3695.1993668796226 -3184.567146460918 -96.10257794055669
39627788411473538 -2938.720340488135 -2437.8841778939786 7.678060793859064
39627806526673216 -4998.4481499784315 -4110.492455438893 86.42239698725848
39627800495260366 -2486.619175374463 -2070.3997011512924 23.970528072050524
39627788411473289 -4302.360624014646 -3567.3520885917615 11.326565280490366
39627770292077501 -4207.242495261687 -3472.7361019357636 -76.15720409959017
39627770283693325 -3833.3336577382297 -3128.04799583207 -55.06340505643951
39627746124502614 -5057.02919987443 -4131.143985580814 -208.62386686792993
39627794468047278 -4426.229224393648 -3795.354018068572 17.959821173999607
39627740093092636 -4788.094050449639 -3975.274599611267 -210.7305293679927
39627758233455356 -2692.6655134821026 -2329.3156597325933 -70.64408350631315
39627782359091431 -3429.5101172767577 -2760.059201128164 -23.9674662785015
39627740093093030 -4653.087704254816 -3865.1316549146377 -204.51690539709847
39627758212485770 -2366.3297959779525 -1963.2700884347805 -60.75421969657218
39627758208291746 -4484.4329857769735 -3685.9190141680065 -121.33162495230921
39627758216678259 -3371.9813218355425 -2815.1998670686785 -91.85518939545614
39627758233454424 -2205.262340429917 -1905.4642332680748 -57.89914388975504
39627782359092334 -2944.1941285735875 -2372.1858759314905 -21.230420901500214
39627770283693311 -2827.2959624418354 -2307.05461820701 -42.23091651616641
39627752172685749 -3423.7248682909 -2830.704198170146 -109.29520228260215
39627794447077417 -2360.3793770589014 -1941.6304518278218 15.456081771505165
39627758199899924 -3222.9448700577886 -2593.8137171701746 -97.34012592246306
39627788398888913 -3227.357741937663 -2597.2911528569134 8.521212203085058
39627788403085446 -3845.3705717053026 -3131.2992804130436 1.8406267306863153
39627740084701780 -5348.986499098824 -4348.787255967879 -231.59607731698327
39627794451270777 -2045.824753847444 -1694.8562237348656 10.417515748259019
39627758191512422 -4175.56330949062 -3306.272843026273 -112.48288019623007
39627800486872283 -3883.680218138374 -3179.66274652011 52.671023228457955
39627794472242664 -3995.4783736334666 -3460.7989556580624 12.874004518186542
39627788394696568 -3461.820712650739 -2769.2311924772243 -0.3841514803619293
39627788398891042 -3664.2875626819864 -2957.738640072374 -9.162477982636245
39627764260670038 -3217.413406614467 -2709.7703894377955 -71.09384954265276
39627776331874856 -4391.584082058704 -3623.5030935956092 -58.92761977186618
39627752168489928 -5375.789269684269 -4398.364673511154 -186.31564732684336
39627746128694860 -2806.232472377654 -2305.223964506239 -104.20626272117747
39627746141275996 -2983.0244385621413 -2509.0211528484315 -125.67684708308805
39627788398887098 -4525.71858781001 -3632.9460501084986 -5.5261770962904135
39627764248090039 -1874.485963932176 -1545.0194323454796 -43.15102047301054
39627770271110218 -3648.354472084005 -2899.1004071763145 -52.170457410861815
39627764256473886 -3872.7797569509667 -3224.537850913257 -97.1730115952055
39627776315098269 -3928.257900329816 -3130.9634578069604 -39.08242938291754
39627794459659467 -1840.1008836856738 -1551.051829986641 11.81269791045509
39627794459658980 -4144.425291905205 -3491.133618251437 25.552877475953505
39627776315098368 -3417.9404222238527 -2724.7198928023668 -29.772136366421886
39627776344463062 -4855.136700069691 -4144.669938398041 -55.56245464736342
39627746124499996 -3110.7236161279548 -2530.8816347516504 -126.14602955861243
39627794468049037 -3894.565031092229 -3348.1399559262322 20.929065930582716
39627770300470067 -3361.4547368997974 -2839.9783520142555 -54.83130285216776
39627758229264239 -2507.761619612891 -2160.2076464013003 -65.56430881479129
39627800486873759 -4291.641477217186 -3522.8041247824535 38.126376453817656
39627800491066802 -3221.4882302793717 -2661.471624772284 27.502702941138164
39627764264861803 -3368.0374821522537 -2851.5483794269085 -82.36348901763023
39627770296271889 -2884.4358599855086 -2402.4452301206998 -49.47965164095562
39627752189465509 -3010.7676644123217 -2590.8093450493684 -98.86782581136919
39627794468046942 -5081.330715744836 -4354.443088462695 29.538991582157678
39627776319293710 -2561.8929640670062 -2063.3662499142506 -32.05499654852927
39627746120303830 -2624.172513542726 -2110.2945691191712 -102.03007301359996
39627758233458028 -4218.06979820254 -3660.3755151653263 -124.68398048764077
39627752160100946 -3576.212392386875 -2872.873520845361 -115.62304474113792
39627794468045995 -2927.5142293787635 -2504.915036096201 20.424140817387414
39627758204095860 -2439.2468551283973 -1984.172405497126 -64.04142007390112
39627776344458704 -3253.1024535379433 -2759.7728056331657 -30.591862748385054
39627752155910657 -3469.916867033627 -2779.9925808767057 -113.99848879314669
