EDR/create_files/QSO_10_clustering_data.ecsv
# %ECSV 1.0
# ---
# datatype:
# - {name: TARGETID, datatype: int64}
# - {name: X, unit: Mpc, datatype: float64}
# - {name: Y, unit: Mpc, datatype: float64}
# - {name: Z, unit: Mpc, datatype: float64}
# schema: astropy-2.0
TARGETID X Y Z
39627866920456586 -3716.974717552226 -3066.0073167686064 269.69942452191526
39627884997907118 -5180.898483658196 -4120.76931556153 450.70756227036173
39627878979076231 -3679.3578749846456 -2985.8865205932266 317.7255485445971
39627836721464914 -2245.5197780483377 -1823.9165340797865 100.55468574389583
39627830673277561 -3728.2120424176687 -2968.9396905049616 146.0490639634122
39627872926700240 -3044.801403453621 -2379.5659714602793 228.60590116367496
39627872926698431 -3380.106055277433 -2634.294589832779 262.68182859375474
39627830643918504 -2918.459451040648 -2185.826130316119 114.36369184860018
39627830643918533 -4589.796850132551 -3437.76200715867 179.91961981216528
39627872926698427 -3372.2588866932733 -2628.171083790359 262.16264004417707
39627818597877292 -3949.322655193255 -3179.281678685784 107.24006320081969
39627866903680342 -4349.1845405172135 -3461.4457952595385 326.7280346272877
39627836696299996 -3898.156260083022 -3004.414320120155 176.3193383788497
39627836696299834 -3736.571228680308 -2879.2093428558524 168.9579498107973
39627830639727842 -3685.2411447635554 -2750.901898810155 147.05929962552494
39627842727708181 -5092.954642178155 -3847.51114395388 236.892333865209
39627854815693940 -4105.251972499385 -3164.4930014013335 249.80252450299844
39627830643917450 -2476.2486483780017 -1851.1647127250117 100.91065163325051
39627842727709692 -3817.6393842263947 -2892.1518564160674 177.7793296235948
39627842757067135 -3152.2577477999257 -2531.3600150082284 154.8587470124309
39627854832469605 -2977.7723821023324 -2374.7825591248334 188.09304810501934
39627860872267532 -4406.857161149646 -3515.0915635562446 301.8174837230649
39627836679524284 -3896.1384779573955 -2904.617388771384 161.80941063205097
39627836704690870 -4820.777320945988 -3796.374547271935 213.94980859789518
39627860855491397 -3636.071816571281 -2801.540087158136 240.02218055422216
39627818597880306 -3795.6940269906468 -3071.9748998705213 114.36031439221385
39627830677472044 -4127.740213659432 -3317.1823841543332 170.78050625171724
39627866903680442 -2484.8885349478214 -1978.0120044045618 182.72649895397888
39627836708883684 -3998.826198999518 -3169.0812788471844 177.66400480072775
39627866903679403 -2858.1616485779414 -2271.294370426444 202.14372109960365
39627836708882648 -3484.4787445992256 -2756.748674254973 157.1162165381908
39627872918310574 -3801.0942098649107 -2910.9031146200687 296.74532739969084
39627866903680712 -4646.295422502845 -3700.1691532357713 336.1116796156434
39627866903679749 -3870.148088033805 -3077.0470548946428 276.1412119185854
39627830673280980 -4095.9217857886442 -3280.8726070439698 152.68531146689426
39627866903681043 -4494.172305010796 -3581.081127541736 316.40348819558574
39627830669084948 -2948.228589105189 -2331.3144322996372 110.08610237668682
39627854836666084 -3451.167378872349 -2786.827738457088 205.1187345238788
39627830669082739 -3465.687306174575 -2732.346631114687 126.47081451727614
39627824633483393 -2380.079152571569 -1907.6633889768698 74.2335025138709
39627830664894263 -2986.115814480894 -2352.622915571192 109.24094960391119
39627866903681034 -4138.113043582729 -3297.3145722509803 296.53334049584123
39627854836667776 -4414.749498409157 -3574.451998717173 279.17458576607817
39627830673277599 -3446.340474432255 -2744.684105235285 139.3544548339285
39627836687910798 -3850.3849664880568 -2911.144787804137 176.07994381975553
39627842761264277 -3841.692947288137 -3127.71809753782 205.22056003005181
39627830677471304 -3950.3953216510004 -3170.7292167712244 153.17999119413486
39627836700492642 -3629.567795945134 -2813.403719939563 163.98692633205124
39627830673278792 -4985.181408793637 -3978.8928987720874 193.72462466676703
39627836700492771 -2489.6521373040923 -1930.1603474695526 111.84630165488603
39627836683714986 -2366.0707746075295 -1768.1623126407949 103.2644826485554
39627842740289821 -3484.93852403254 -2699.5325230274952 182.3181369086949
39627842727709215 -4080.619894451766 -3088.493052961292 200.06374176704796
39627854811498120 -3792.284103332435 -2890.8175323540036 218.97665035335942
39627842727708267 -3561.833333485653 -2691.2418214672102 171.15909488854058
39627842723513232 -4070.712062477305 -3044.894888841076 193.4256455650027
39627878962303357 -2476.027784101039 -1952.4925960186026 206.4675520208989
39627860847102557 -4728.048171731118 -3577.6134323669216 302.57220379897814
39627854803110808 -3550.134309700177 -2665.3108178188863 213.4519009116488
39627824629287307 -3600.968983944525 -2849.6335555913233 130.26420343678174
39627854811498859 -3790.776361743851 -2892.9934965352368 222.6377125436932
39627872926696883 -3666.4438484235484 -2850.697224357991 289.9546803774324
39627848775893186 -3641.525112137476 -2795.0431675938607 195.49259170531036
39627836713074738 -3767.8870475707736 -2997.2429836962306 174.66440319936427
39627854815693939 -4502.839363508171 -3470.968380116948 278.3900480077284
39627836713076558 -3867.211243668143 -3086.5307960655323 177.14621851705851
39627866899483248 -3772.8725781912913 -2966.18520767164 282.64277863907466
39627824633480564 -2896.881974140988 -2309.1524203336853 99.60198627081807
39627836713074906 -4679.78949664774 -3723.759585263678 201.874980854476
39627872914117174 -2841.194731084763 -2159.672037553611 221.48415111986455
39627854819888088 -4473.945423514649 -3482.988940526979 271.6577259318304
39627842731903810 -3055.167903928546 -2334.8323933848856 147.35590233554393
39627854819885320 -4001.379637362516 -3099.3833837781085 233.03103554287222
39627860851300965 -3712.1597545800046 -2848.0493067576294 247.33777913527416
39627860863881014 -5400.558448789752 -4247.204063481308 362.1856581404647
39627860855489484 -4137.233335145863 -3178.872359070847 277.5241823548646
39627860847101978 -4231.441385175738 -3198.986470835992 270.31247534529103
39627842727711431 -3261.2166744076885 -2478.5069843530378 153.72928091803897
39627860847101382 -3109.52277176899 -2348.474068748116 197.79643324605158
39627860872267240 -2608.1725683367936 -2079.3882130595284 172.19897680221683
39627878953912689 -3931.855635585331 -3034.1671844346024 316.29465243176526
39627836704691268 -3692.9267724785204 -2910.023752111658 154.3180944773093
39627872914116396 -4276.108605989219 -3246.8816758201365 329.644371056358
39627836696299085 -4339.945972878816 -3339.9330423469523 190.69667063625354
39627872926699545 -3444.7314770225075 -2689.1560153371925 258.4403551570621
39627824612513043 -5096.541411453379 -3910.676294845538 181.37811660800045
39627860847101959 -4421.219428544599 -3342.3996252313927 281.56511556382276
39627824612509959 -5038.284288770086 -3845.8805665833006 173.79577114207947
39627830669083826 -2968.0546864625767 -2343.166365462689 114.50036765881238
39627854803110353 -4644.9021516234125 -3484.4061416257427 278.2299483181866
39627866903677015 -4076.393910678456 -3228.428657152051 295.800744798729
39627848763312532 -3515.367065671312 -2635.947162729679 191.5476671134735
39627824620901609 -3089.198208240436 -2412.052479158916 98.03104867656857
39627860855490786 -3519.158941149305 -2709.101833449797 228.86073280544895
39627836679523503 -4901.714002984373 -3648.3300186615156 209.77813939187266
39627818581101465 -2135.963781261718 -1660.55288760274 64.57642768713272
39627824629285672 -5377.823468586254 -4244.4362407297685 178.4686955538015
39627824629285681 -5366.315735433579 -4235.406655365401 178.08182753496638
39627818572711792 -2186.8830174066793 -1668.0419116632543 65.81653154268118
39627824629289770 -3812.866001016297 -3030.5150336249612 136.29494675943
39627872918310015 -2519.4776422766554 -1927.9831072466677 197.96022353563106
39627836717269501 -2616.9499479053134 -2102.1419745409385 111.9034697303533
39627866899483371 -3969.042755076454 -3121.0523966047494 294.1394703328287
39627812549690305 -3420.2316151699697 -2700.5803095380247 77.65358381086267
39627818576909584 -4987.45775558847 -3858.420081181469 148.60016647677202
39627812549691950 -2643.2570689733116 -2093.354481442674 60.282981334107966
39627824625093681 -3580.268739201344 -2810.0535356194096 112.00920272839538
39627872943474848 -4936.132584607552 -3982.155064048846 379.556225962454
39627812549689444 -3428.3597967315977 -2702.943982363402 77.6017504917558
39627824625093742 -4162.845319879371 -3267.5340090313894 146.396846663444
39627824620900332 -4207.873382281298 -3278.740112773881 147.12358717890453
39627872939283967 -3533.122687173438 -2840.3420909577517 277.7973622413392
39627836717270908 -4877.514383014861 -3929.7118201469834 205.8415577982135
39627818585294437 -2616.525399131986 -2048.746226433639 74.72055442717118
39627818581101868 -3218.4102090639753 -2503.7155750953384 93.15089315834335
39627818585294856 -4597.344635339321 -3601.7986127123877 131.56600578996176
39627830660698954 -3567.5247728115196 -2784.1393424519088 129.12725247002774
39627818585293328 -4968.405179987771 -3884.2044603013646 147.9079537317144
39627818585295949 -3508.508140524195 -2753.2022679778474 95.05589524313984
39627818585296459 -3191.4968630527924 -2506.481946271342 95.67828360945303
39627836700494307 -4062.368679647959 -3157.120499596137 172.86423098849687
39627818585293429 -3221.7132751461377 -2519.024669740986 98.06079994482083
39627818585296954 -3320.8361702877073 -2610.3632630161983 98.05297285491544
39627854840861716 -4206.747853162422 -3433.5964923162005 264.08860418989053
39627818589487958 -5222.822968736163 -4122.270920136741 144.625904221817
39627872918310161 -3185.640507431288 -2438.2917477747847 250.66641164544274
39627818589488023 -4721.018764517278 -3726.6445689648986 128.22784484732645
39627818589488982 -4927.637181167242 -3896.2414335327844 141.07004971239576
39627818581103604 -2854.9966299711364 -2227.031633302376 78.4795698838738
39627866886899887 -2414.593807741033 -1845.5384734026186 178.74520613911585
39627854836663299 -3445.0379089363964 -2769.5117956882646 210.56895084177407
39627866895290581 -2734.104617266965 -2135.424936063216 197.22795315611063
39627848775893011 -3333.7594728381187 -2558.0898772191695 181.35545279734473
39627854824079488 -4560.653434805848 -3563.8822160905484 284.33732877315623
39627884985325134 -4583.553557126445 -3553.3931730630698 397.09403995603395
39627878962299439 -2887.4596203587107 -2262.3555508725412 235.7004755896789
39627836683718854 -4354.911601056161 -3276.242060777535 188.45519772163053
39627860868073906 -3461.3372457316505 -2740.527578342605 235.3343941909671
39627836704689677 -1860.4029091183093 -1462.2404360522237 79.56799162979888
39627842736095510 -2733.1360462259568 -2098.0900709991247 136.10716079523687
39627860868075700 -4236.763506314119 -3365.067281351202 288.5173533265375
39627860855490262 -3524.7102706144597 -2711.2184316846433 233.79187461109564
39627824633483302 -3304.955153466726 -2648.4719734089313 103.46322236963643
39627842748682172 -4125.586579602263 -3275.016014633774 203.19492098615797
39627866903680274 -2880.4651931814524 -2292.247127151482 212.64033506560034
39627842757071441 -5007.569426104965 -4052.6967197692284 240.8416872648154
39627842757069826 -3519.786128759817 -2840.6940427648237 173.93059996540998
39627854815690958 -4678.829487116817 -3590.9845288032266 291.52668002019647
39627854815692572 -4341.8198161335185 -3340.115209128667 268.2483951745365
39627872943476659 -4540.735779153181 -3672.647050786217 345.8270920295449
39627854815692109 -4696.152843394905 -3610.3428053788352 290.8054417939445
39627836713078474 -3156.5591766882058 -2528.4942895686268 142.60004220365832
39627860855489893 -3708.5976842100263 -2851.151955415532 246.81621622465923
39627842757069994 -4296.7053720793965 -3468.919157548628 210.12798676766764
39627872926701050 -4971.106169559541 -3889.967621635815 395.26857771120586
39627824612510682 -5085.220707850783 -3886.8367629658283 164.5490904997045
39627854811501788 -4032.833721707474 -3092.3888297750696 251.00167967176998
39627818593685029 -4832.221925398982 -3870.7654531258718 148.42256929027482
39627836725658374 -2517.041960367458 -2059.023206579244 118.22906880623927
39627836700496821 -4028.9773866130085 -3145.0968653317586 181.16916597219688
39627818581102013 -4696.355493293275 -3654.322898788111 131.16107523085122
39627836704686370 -3697.9460959048915 -2890.369089329868 166.91044713721638
39627836700497250 -4474.996964487341 -3496.044171583096 204.92734343656025
39627878962300600 -4032.871817453667 -3165.6705753670235 327.62544349643355
39627866912064064 -4914.64401674535 -3954.9312199651636 371.4943471384324
39627854832469528 -3975.326208624612 -3169.9821611663833 243.97287647825337
39627818593685985 -3253.1109113432094 -2610.696497748417 98.76248177607242
39627866916259026 -3876.3719798424736 -3150.2290606794795 279.15721690712985
39627860855493912 -4178.137489470507 -3230.677915635651 267.0275548973769
39627830652306414 -5003.753139933153 -3810.312106390799 205.1042593370232
39627860868075704 -4373.234515429521 -3473.466287764159 300.45204066041146
39627854840859950 -4869.395647287866 -3963.3160106682344 295.8764638344555
39627860868075471 -4285.221805122011 -3402.226538767445 295.0610529660715
39627836717269379 -3155.0183798585613 -2533.818978879567 136.77931434364248
39627830648115793 -4563.999587689315 -3468.577549536546 183.2499333617967
39627866907874466 -3366.243851039962 -2702.4624356891627 251.79364964216973
39627842761264570 -4616.807840072075 -3760.783069544312 246.7771831314381
39627836717272344 -4227.398466271298 -3416.2980494067515 194.50029880080086
39627830656501757 -3992.622644868199 -3073.8669883591438 159.46025048368674
39627824633480313 -3013.7631078533395 -2401.44335953345 100.5274741247894
39627836717272978 -3872.725335944151 -3133.440527761905 174.8398907109244
39627836683715041 -4030.636402888416 -3012.364109219311 183.97748200573974
39627860880658400 -2394.421457749401 -1950.0769668185396 164.2336963686384
39627854819889459 -3001.7191834345117 -2342.8485639239066 176.5688730233923
39627848775894430 -3583.2984014547983 -2756.295330701031 206.16260969829725
39627830664889634 -4488.066163383576 -3513.3052231476395 182.0679377122537
39627818589489503 -2124.646478164933 -1681.4819040761076 56.37775007683379
39627830664889080 -3496.5679574991477 -2734.7467517516147 139.4669563082846
39627860847105292 -4773.466205771213 -3626.445140141852 302.35307185475506
39627860876464101 -3039.156679127312 -2454.430721414123 209.40208117109756
39627824616706470 -3147.0770673117217 -2432.759157412729 107.66028858694679
39627830660699458 -3130.48878282484 -2444.882172411551 119.52832302256299
39627830652308537 -3116.724290042406 -2381.5345497319418 126.57976774545088
39627812532917562 -2152.0499581296986 -1650.9228702310759 53.17648899877004
39627830669085928 -4335.819842599451 -3434.211511907368 172.50070679002977
39627860847103586 -3207.8285459909566 -2431.208026868603 212.47886261376823
39627860859687026 -4227.137521571477 -3294.3552323117524 291.86839332973307
39627836721465937 -4457.3238408735115 -3626.4421579727045 194.3615424126855
39627836700496648 -4675.59057084889 -3648.657903623878 195.00827613760086
39627812532917121 -4364.621168235583 -3346.1861747099283 106.32019893031122
39627848775894674 -4088.0807014806765 -3146.0110707388567 229.0812918658683
39627848775894381 -4186.126708555207 -3219.6475917155476 237.67333863384846
39627830643917340 -2772.7995218584715 -2072.439157269128 100.72698483837617
39627818597877027 -4851.362171926019 -3903.0841344045452 144.10743734071144
39627848771702956 -2824.9191566615787 -2163.8142481604023 158.08582826227476
39627842723513243 -3566.23410024614 -2667.5881262486346 172.83697914257775
39627866899485287 -3130.849096135851 -2470.300072330581 227.71457381595525
39627824608316072 -3830.8304426908544 -2903.8627798937705 124.89237834516692
39627866895289447 -4815.844755211578 -3754.5345291382255 354.1834399924506
39627836725658218 -3391.275226594815 -2773.392098757064 151.10220505154663
39627860863881177 -5078.944425245731 -3995.446394544939 338.7199596309586
39627836725660811 -4886.485905685322 -4013.4369786259 220.9286197317528
