EDR/create_files/QSO_17_clustering_data.ecsv
# %ECSV 1.0
# ---
# datatype:
# - {name: TARGETID, datatype: int64}
# - {name: X, unit: Mpc, datatype: float64}
# - {name: Y, unit: Mpc, datatype: float64}
# - {name: Z, unit: Mpc, datatype: float64}
# schema: astropy-2.0
TARGETID X Y Z
[from data line 632]
39627770183027682 -2617.6877209942636 -1708.0719476949148 -40.41429731282123
39627788294031362 -3579.3289333155567 -2287.4444600775837 0.404852414768999
39627758090849382 -5163.229394447317 -3276.753365904331 -133.98927716842203
39627764151616232 -3188.8303084015593 -2113.2035184376427 -69.9598401884804
39627746015447787 -3551.516150088083 -2275.0858373478263 -129.00500844808516
39627746015449025 -5176.199201519048 -3324.243539320442 -176.35998690672412
39627776235411203 -4715.551617005045 -3178.3031264299275 -58.838557735894724
39627776222822808 -4719.230118286024 -3067.083296144275 -36.95957681810173
39627764113868095 -2785.8413575645127 -1695.2247628858777 -60.202324315385184
39627800373625843 -3846.1624848012793 -2455.826005684954 30.34424820551025
39627764143228549 -4933.878568809824 -3212.427362481925 -105.6304316278162
39627758074072731 -4670.554318610298 -2853.481094711744 -122.81760188648242
39627782271010676 -3116.820865862003 -2069.399092945972 -14.165145396915324
39627788294033940 -4008.4558674394575 -2573.805804567968 0.7120231076338426
39627788289840210 -4865.56872312418 -3097.4249958509263 -5.8925552803733785
39627752042661605 -5052.805027179421 -3137.2843457132944 -156.04649697503817
39627782275208887 -4518.903264329008 -3047.695030320227 -22.237487174732777
39627770174639704 -2319.9492498612467 -1487.5262937571417 -38.50019910318989
39627782237454906 -5492.270361234545 -3369.31465765637 -15.96386767145072
39627788273060926 -5502.716942142279 -3360.783895509447 -4.941475624042804
39627764113867880 -4440.178439771669 -2700.752901586474 -90.99975034070405
39627794317051586 -4583.732948508913 -2818.169337272253 24.256652527642824
39627788273061109 -3684.5322932446707 -2251.208824424068 -3.978787826693673
39627758095041513 -5476.777671786416 -3494.9961848215125 -130.31575722480844
39627739988235554 -4849.039334156964 -3209.384740371671 -193.8974682924778
39627800361045298 -4805.493191202765 -2994.627786026303 58.1039982331476
39627806430201586 -2142.3840235130465 -1422.7152250312297 28.868806105883706
39627746023838725 -4222.437799347304 -2763.0697525676005 -159.5114933850746
39627752076215564 -5233.786869793738 -3504.6642469132207 -151.19052190484499
39627800361043135 -3899.947715877005 -2419.6056895939296 47.48508652165587
39627758086656127 -4435.443380957742 -2793.944596826606 -104.9895649689715
39627776231214425 -5153.209261121486 -3429.1088779192187 -44.774985029884306
39627794342219059 -3490.535636329803 -2282.073437280778 17.352171699874134
39627752072024787 -2633.948941994461 -1758.1540184817206 -82.94723632766929
39627794325439898 -4759.757679401026 -2981.9125346980236 29.816175758628834
39627770178835488 -4957.790154379803 -3218.5956902480466 -84.8823301786731
39627782245847057 -2482.874170080344 -1561.663107731608 -12.404968777693941
39627782233261330 -3451.6257611822907 -2099.797650506462 -22.010129553171815
39627788315002676 -4228.239928667606 -2832.4260204948596 2.1867589715399838
39627764118063346 -4510.938046201782 -2778.722473968136 -81.16157848532558
39627770183025146 -2689.4699521692014 -1747.86039691787 -47.22198140180298
39627770183024720 -4984.645969676498 -3237.2299419015053 -84.7717405352359
39627794317051606 -5837.624269675941 -3589.1885035445275 17.66467130272917
39627776222824745 -3098.3232382012543 -2020.8830265725464 -27.93077423814227
39627800356850895 -4650.139036522222 -2868.24826409093 43.83069177331366
39627776235408490 -4729.9340811063 -3175.082381425738 -56.54085466009891
39627764139036586 -4072.99098021758 -2638.04004913615 -84.00748708092176
39627758082457952 -4856.2970022155305 -3007.0170162062977 -126.63100169789874
39627770153665527 -3709.7298210350405 -2255.7675132771997 -58.64638369504959
39627800356849853 -4083.2804391778886 -2513.3821673501852 35.71900792393251
39627794354802732 -3769.0822884786658 -2535.162545599009 10.371794047049923
39627770191415241 -4251.322224568666 -2821.791073156664 -63.42602419122308
39627794354802677 -4644.071272415518 -3123.360739005111 12.5565457443381
39627746028029029 -3884.774847004507 -2551.469028455614 -138.97364080945354
39627739984038466 -4334.3420813083085 -2825.74929021267 -175.50379941968066
39627752042661049 -4463.300962676853 -2768.5650483730324 -133.84997955148526
39627752042661029 -5208.395268361848 -3230.63203474289 -155.19080376108624
39627794329637571 -5334.151522248325 -3395.837648700562 38.12637607590837
39627788277252696 -3832.192343629313 -2351.511679144037 -8.93456139667504
39627764113867039 -4701.998931539645 -2854.8758058740814 -91.70408810619098
39627752038470307 -4203.191490845902 -2597.1502669348306 -134.64757774377065
39627752038469746 -5209.300607696583 -3215.5310326175395 -169.51728803051233
39627788289840300 -4127.4199612630855 -2627.837056019455 -3.1299155002335945
39627764134838885 -4918.207324701073 -3136.079017532356 -92.6833057351553
39627800356850111 -4769.868373801634 -2937.5992472116454 39.814751005457964
39627758095042793 -4191.38457551444 -2681.1139739642977 -110.00445260686301
39627794317051595 -3912.732514368352 -2405.6672675673585 13.69875604794571
39627770178833696 -5238.420189404853 -3389.9042645202635 -70.83061216435262
39627788285646249 -4410.578126015037 -2780.800990632762 -10.78491405101555
39627788277252482 -4187.36254811111 -2568.1956595394863 -10.142013962099572
39627788315002525 -3761.4541693452825 -2519.2805151640337 -3.1188151615827886
39627776227019883 -4615.643326698272 -3043.6813900529755 -44.24168834462331
39627746007060508 -3882.6626632673315 -2445.949185021415 -137.82601083996812
39627770174638653 -3113.6420586224085 -1992.6288504879176 -52.51953289701853
39627800369430849 -5130.196072164822 -3238.4649445724594 44.04712292085734
39627788315003615 -3546.6238025118255 -2378.803619774895 4.635078646181576
39627800369435613 -4387.193935507052 -2794.6880679928354 50.83663949100871
39627788281451464 -3190.5067110379614 -1990.16394051894 6.25082887403496
39627794333830578 -4346.676496661067 -2785.9392590048046 18.931232979082186
39627788315002395 -3792.046434034184 -2539.291599873773 -3.3378935608022875
39627758111819443 -4297.829339042231 -2852.22487629585 -103.39976991240684
39627782250042695 -3467.121513213328 -2205.349804468239 -21.604015727421586
39627752076219440 -4121.916472549794 -2779.308691444246 -120.8432400286093
39627752076219011 -2156.1400706123654 -1452.5143957487671 -62.83174748046438
39627752080408717 -5295.495235629336 -3572.5406607734926 -154.41201782175625
39627776218629323 -4932.165448007463 -3180.024912253218 -63.1475158079991
39627800382018582 -4060.8008892353937 -2662.212544024526 36.024108677768616
39627764134843504 -4751.434741799014 -3054.0034239472357 -91.14659536943577
39627776227020183 -5047.8019630770605 -3330.576998974943 -50.92890662967974
39627776222825736 -5017.398197278866 -3278.614548616808 -41.928088874799876
39627782262621919 -2351.6315533527522 -1532.2682845538427 -15.278344444914874
39627764122258477 -4933.108063934294 -3073.012246004316 -113.06808958292196
39627752051050612 -2515.6334494180855 -1593.861541053669 -71.49547182791486
39627776222825686 -2705.6573374568916 -1767.8540333617339 -23.408851921527468
39627739971453282 -4524.169633614539 -2856.6765386654574 -175.9110946402616
39627752038465674 -4310.090915218177 -2641.739419205128 -124.60735011677328
39627776222826161 -4747.904859633335 -3104.9346671980993 -40.15225474744558
39627800365237612 -5365.521518037422 -3361.9486845860515 64.72594518439804
39627800365238949 -3967.7495570995734 -2493.0563844962358 49.15898359669361
39627782245847200 -5267.319858097269 -3313.8352685775867 -23.42723894239701
39627800365237186 -3686.2260518814687 -2307.4911790656643 42.96763349513362
39627782233260881 -2392.299921708032 -1454.0448049633533 -15.435880472964074
39627782271009971 -4710.741456408007 -3123.8471184797763 -32.12894039208589
39627758120210666 -4570.254522435617 -3106.051949693755 -115.92405875180943
39627782229070799 -4553.911909836396 -2762.172038055963 -24.762769835055696
39627764113868350 -2437.918314864217 -1484.217132099054 -43.666479190816105
39627812461610267 -4295.098048076211 -2795.3971609842283 82.5826911295803
39627806405038908 -3322.3091582551065 -2091.935869964903 54.11985643431657
39627800373625072 -3038.304951821792 -1936.6305328099143 28.11605097977333
39627770166251427 -4929.004493533839 -3104.923205884679 -64.51841647762734
39627770191417652 -4731.220116942769 -3153.381625144229 -74.83290235411187
39627788315004481 -3667.458979132069 -2462.93391723349 5.667875143123607
39627776227019525 -4708.512124396131 -3102.8452005601084 -50.13893331311098
39627788281448080 -3715.2672818987035 -2304.713772524333 7.020735676670357
39627770166250388 -3997.141442567176 -2512.6037159303255 -56.03794318825077
39627770199803438 -3253.6638155914475 -2199.435440003268 -52.788915255013464
39627752059438295 -2827.693904287185 -1823.003592299603 -89.93746758908318
39627800365240477 -4111.463252263468 -2590.6767535667504 51.54154672208437
39627764118064588 -5124.232709386013 -3165.1517253053057 -97.13415906608877
39627806413425415 -3474.5213237689236 -2222.3837446271837 51.93376938468332
39627782245847165 -3955.490378770078 -2488.3829092173883 -11.578701266259326
39627800361044053 -4458.59678012817 -2771.6509289369637 46.22373406923424
39627758111820958 -4956.955811570392 -3298.541440655086 -131.23442369224057
39627758111820985 -3879.978943840276 -2582.0794006713777 -102.47252904622242
39627806413424606 -5708.506904294119 -3646.951129116827 86.09234716855022
39627752046854956 -4894.126314176057 -3063.1167353209844 -151.69799390085086
39627752059440471 -3771.5722979565935 -2440.7551253693587 -110.27000963438812
39627800382015449 -4862.024632190548 -3168.4886521826274 57.32634295821549
39627806417620803 -5439.631254071912 -3518.7417760903836 79.0654872542722
39627770166247901 -5119.365917599788 -3201.598430141108 -85.85366868089304
39627806417620389 -4649.342247256939 -3005.8241637643096 60.47453168148369
39627800373626082 -4592.801318572787 -2934.071107307526 57.4917550842978
39627746023837841 -5502.689216821586 -3596.3301929667323 -192.44562587697692
39627764134840618 -5046.034833209918 -3226.791186702885 -108.91076969065088
39627806413426831 -5062.1250736552565 -3244.57946140481 72.76165525271432
39627752059441188 -2028.498320439043 -1314.2715405705774 -59.57654877324543
39627776197660203 -5475.033875767666 -3379.155051543159 -49.255242954445066
39627770199805696 -3918.43663820239 -2658.2522037210997 -52.315149688593976
39627788302421967 -3504.066338135815 -2291.7239685620934 -7.05914890375821
39627770162053431 -4424.991945872879 -2739.6771717716792 -59.0491296914504
39627758086652821 -3133.5644132720045 -1961.5948352075857 -74.39348395305056
39627758086654372 -4307.248079216419 -2704.0540841147335 -104.51980639637314
39627782245842991 -2996.431598100104 -1872.4240489931797 -17.297668628515225
39627776210241666 -3923.256636355142 -2484.317929099481 -34.527919462000796
39627776210241367 -3694.5298619617874 -2338.2447612444457 -34.197740165488845
39627794350609577 -4631.071466757893 -3091.2102690367096 31.972497108168994
39627764139037359 -3871.132057403259 -2510.674173801504 -81.36291997520912
39627752051052672 -5209.073609481804 -3313.411787713196 -156.88479045886223
39627752051052349 -2050.212561014303 -1303.3530293739082 -63.03952608599345
39627776201854539 -2482.841752655615 -1547.4343482700765 -22.075464239582452
39627739979844294 -5630.8858678115785 -3638.2312614378975 -236.1899354368849
39627739979843799 -4510.284195669376 -2911.9289085691294 -191.82086803663347
39627800377822887 -4053.92956718107 -2623.3639045221335 48.081863291626675
39627758078265134 -3204.3712066934168 -1970.8418972925297 -79.36451327474039
39627758107628832 -4040.7716063742296 -2673.279334015874 -110.30967734452764
39627764126454060 -4571.56268540328 -2879.7439242030127 -98.89753291206034
39627800377824857 -4059.9735928111877 -2635.9544897387286 48.541838814523395
39627764126454949 -4637.770701887149 -2926.1298464622864 -101.21446800911079
39627776201853904 -2812.1481493064307 -1750.6510965350735 -24.506558657240696
39627752042663118 -5274.159097141067 -3284.7821477106554 -166.4560444074037
39627806421813436 -3354.1255192741737 -2185.458846391926 46.08747670288195
39627806421815090 -4152.969042764934 -2712.2897699627047 58.78548463362531
39627788294030941 -4260.275745648082 -2720.8619001347997 0.1247743995181753
39627739984040308 -3588.1388054575145 -2345.311183550369 -151.70770926604402
39627800377822099 -2383.9985485069665 -1540.5613102273737 25.951265340190247
39627794333829449 -3537.789410862944 -2263.0407049504856 14.096605664989676
39627794333827729 -3517.9466142763836 -2243.958168690598 18.79490528955603
39627794333828236 -4562.588590134312 -2912.7041104634995 17.688879009811117
39627764126454259 -3777.7177840766003 -2380.5147058898397 -81.74649943472022
39627758099235418 -3902.8027708617747 -2512.5009217146408 -99.72165661226468
39627794354800062 -5616.303599147896 -3762.0682355725257 16.103382896035125
39627812453224959 -2379.217789712952 -1527.922858887157 43.204919393216606
39627788289838482 -4582.498910286978 -2909.427076776112 -5.286146498242336
39627782250042290 -2350.332300831452 -1494.0715539317077 -7.016730626029072
39627758090848389 -4503.717465548777 -2853.0625416332773 -117.5727304421166
39627806430203864 -2212.511182100021 -1475.1630650507375 29.33616283586458
39627770174638830 -4043.162978776614 -2588.3398754030577 -59.39098977190421
39627770178834694 -4063.5247079822398 -2634.557077583485 -71.9902569727412
39627812457417221 -1945.0504827946102 -1256.6664805170499 36.11938560848905
39627770162054372 -5442.835027463557 -3376.1097058718615 -75.13717683757068
39627764143229357 -3492.592790087558 -2276.9995718399555 -68.62335892795575
39627800394598232 -3619.3666578900047 -2425.594903878363 41.8732329164346
39627806421816050 -3288.731623529653 -2150.712127754664 47.4209586386122
39627776239605321 -4191.417251814126 -2851.5950794933383 -49.371140672562134
39627752059438868 -4139.465008253362 -2671.6492544368184 -133.37556524256937
39627776214435397 -3025.2365003699074 -1932.2695012292168 -36.05872885126234
39627806417619517 -4764.545117260579 -3076.1872482384047 70.74934191959566
39627794329632831 -3705.03974072221 -2337.797685714997 15.176774183717539
39627752051051523 -5695.423322907962 -3614.7191293233013 -182.99368852550018
39627800365240480 -4121.694349430256 -2597.1526903279905 49.71148815384178
39627782250043216 -2159.3763145343437 -1374.6307916515889 -7.982662158469528
39627746023838421 -3343.216334906763 -2186.8714013078575 -130.7775635272538
39627800369432850 -4044.274536822751 -2562.3094308107607 51.15310216832631
39627806413426173 -2799.809407596205 -1792.7438838276578 43.886601138146354
39627782241653506 -4745.346140572984 -2960.819353538205 -27.298420153271294
39627800377820047 -4093.892543515051 -2636.5784802456606 51.16524653469644
39627782275207183 -4650.395704351123 -3127.963597127718 -18.33347642358119
39627764147424702 -2719.9270229213807 -1794.805128258127 -54.38535454597354
39627788310809565 -2817.8749325028516 -1875.068446610121 -6.0320891807103845
39627752059439361 -5252.992882261842 -3392.9823488047564 -170.54399745013848
39627746007059203 -3501.871655437473 -2200.5494327495944 -135.00134515275244
39627794354802321 -2641.8502035019264 -1775.9468867654668 13.738780864372059
39627752051051775 -4678.003908284685 -2970.4896673801577 -150.72592992976763
39627770174639076 -2322.1429454633203 -1487.2180218408134 -31.521392816125843
39627770174639833 -4330.009708724231 -2777.03140468453 -62.643986647964574
39627770178830613 -4751.515122374986 -3057.7026016565333 -81.53212920243183
39627770166248149 -4143.817624259325 -2592.70708480918 -59.187146808376774
39627806421814473 -3465.7384986345996 -2261.456599398934 48.756690394534
39627806421814753 -5084.525478290081 -3318.9750609845155 69.80132753222146
39627758095043004 -3280.7334482314677 -2099.421204402411 -89.12885670432694
