EDR/create_files/QSO_8_clustering_data.ecsv
# %ECSV 1.0
# ---
# datatype:
# - {name: TARGETID, datatype: int64}
# - {name: X, unit: Mpc, datatype: float64}
# - {name: Y, unit: Mpc, datatype: float64}
# - {name: Z, unit: Mpc, datatype: float64}
# schema: astropy-2.0
TARGETID X Y Z
[from data line 1686]
39627764214532995 -3408.4982280454215 -2603.5806300582212 -82.24538318800394
39627746086751515 -2298.3439777158114 -1724.9012792945841 -94.06514377914861
39627800423958963 -4498.46412549123 -3220.353389936889 49.330311707476866
39627776289931817 -3075.60161301498 -2319.866323342746 -25.40769650448475
39627800428156035 -4587.368646752439 -3331.003298004848 60.41895310413065
39627752113964434 -3990.7375833899496 -2905.6551461843255 -125.68494171373075
39627788352754751 -3304.0535366795857 -2420.1155073335317 1.531420750092094
39627788352754671 -4068.963910283605 -2979.98417344573 2.3159571999537825
39627764172589081 -4683.275438614128 -3259.5729403898413 -105.63376112550824
39627794392551107 -4954.550382898613 -3621.2197642766114 16.51913239328124
39627776252183646 -4451.294053087901 -3092.9620566719204 -36.7247433062188
39627764172589299 -3741.366796982738 -2604.8702188265606 -83.16106649655734
39627770208195015 -2066.27592996601 -1430.0970629073777 -29.629523291837998
39627770208195336 -4609.633804065092 -3191.799283371946 -67.65588737938484
39627782300372501 -5200.537877070392 -3693.2203960110587 -40.08214497683878
39627806488923404 -4773.612928715516 -3615.936995657767 67.68777949689927
39627782300372642 -4995.948292873038 -3548.776642202426 -39.500355178263334
39627788335976264 -4179.30346044889 -2940.9089632760392 7.798420338592922
39627788335976574 -5027.6248691058045 -3539.1790451216025 8.680741328294259
39627806463756221 -3946.110103973999 -2823.158298943714 61.30767405840105
39627806488924426 -2584.655168709836 -1961.1145537514194 37.055138545008425
39627788335974372 -3620.991397874979 -2542.5411877910046 6.838236352245038
39627758153763657 -3412.2970051809557 -2489.950149019435 -95.08102414585424
39627788373721537 -2301.9100188242646 -1751.553703491334 -2.079248076547947
39627806480534006 -2680.7466115352754 -1990.9439854420905 43.57400747385236
39627812520330670 -2999.3938568740837 -2223.8931020608134 60.06585254882385
39627776252184702 -4745.461983351099 -3302.544776453205 -41.99421493715829
39627770258522478 -3678.1678181620846 -2823.9132659188554 -63.54838055917024
39627812516138892 -5355.745562223269 -3952.1134061198663 123.12368453156147
39627776252183988 -4710.715763005168 -3275.0629058102295 -39.653007988755306
39627788335974186 -3339.2672681490585 -2344.1455327578688 6.927091490648979
39627770208195513 -4056.210558495558 -2809.3980183636627 -64.10416371140172
39627812507747331 -4123.624214925503 -2974.153948105098 84.07959455467784
39627812507747729 -4378.299670930209 -3159.9889282614085 95.39911546985262
39627794371582159 -4695.561756771668 -3287.3427951186704 13.74242945922218
39627800415570516 -4576.927472438249 -3217.918290943735 53.17807854578503
39627800415571729 -4361.631877555309 -3071.2746776258805 56.777824733393246
39627788331781204 -4337.457706999296 -3025.572625069532 5.425013003513699
39627794371579312 -2503.0672378765225 -1744.6322244822682 13.181354152405744
39627800415572635 -4193.671418019274 -2956.8771792562893 52.2141317865622
39627812516136450 -4385.984283115439 -3223.5480690603904 102.14072840237434
39627752092995916 -4558.745366860328 -3186.9509889401857 -156.54595982770954
39627740021788085 -4429.659365879618 -3150.0670121893713 -194.00905442766575
39627752122357189 -4222.4263989952005 -3146.8526147411553 -137.6241908962142
39627752122357215 -4220.753759984702 -3145.7617861980293 -136.64239525623907
39627758141180689 -3441.0033302882925 -2444.6196266037323 -89.95016649624861
39627740030174207 -2266.2245093053803 -1634.0219603592332 -92.69945985435633
39627758178931661 -3526.0373419889997 -2725.7588959281697 -98.09268957132802
39627782338122851 -4845.001032481893 -3749.8674315719795 -18.416721885883693
39627776247994086 -1964.8294167044187 -1362.7885399656468 -19.349777241576135
39627752092994773 -1863.36817724903 -1300.0906102147687 -60.18359588610273
39627740021785075 -3096.716684124067 -2190.5523923465853 -130.9703518242114
39627776247992925 -4599.687936707803 -3184.606903172677 -59.890697851883836
39627740025983090 -2117.1297179546436 -1521.8418614526695 -91.71600130886617
39627734002962448 -3841.462082228401 -2860.8443037842653 -181.34812896142472
39627746061583937 -4269.063975333812 -3024.0260846209503 -170.03656786617074
39627758132791412 -4358.692073428227 -3034.370252771714 -122.12608527821189
39627758132791273 -4879.764299183454 -3396.3942474732 -138.2239552472853
39627776252182855 -5555.80883554414 -3855.833719887128 -73.68047237985421
39627740025981530 -3608.028531442174 -2586.0434274285576 -155.0274782392455
39627740025980972 -3725.6687978480923 -2667.6217159131115 -168.42784866989
39627740025980326 -3068.916919393889 -2194.2564893431304 -136.08420901328384
39627733994570951 -2938.8545187245554 -2139.032908849089 -140.33353314946143
39627733986184501 -4285.310269864928 -3074.7805507411467 -197.36562855750725
39627740021787807 -4128.059176496063 -2934.2583949027708 -175.42312941999006
39627740021786504 -2052.9916932130127 -1455.8125220275308 -86.46559615869782
39627740046955145 -4169.170417114882 -3137.8925833446083 -186.1763094364404
39627740051148647 -4011.3853784497305 -3042.119223023606 -177.97389459770096
39627734002962150 -4045.744850514708 -3011.4609624904156 -199.1701320559401
39627734002961932 -2402.6490738678312 -1787.681474955274 -118.64808033887388
39627794417715398 -4664.348450942996 -3591.5545546285025 29.492590786380386
39627794417717990 -2404.615888990354 -1860.0283826504083 18.610010156462373
39627794421908373 -3338.5593676256717 -2588.7952716396826 14.613633413299917
39627812520334212 -3845.743624418014 -2865.4985209744027 79.11705702305244
39627782342316885 -4164.991966502894 -3252.180985629093 -27.33870128266033
39627800457512378 -4497.532048397326 -3461.457267454791 49.878597083595366
39627800457511878 -2246.765483788806 -1727.5612647930186 26.839679835531896
39627800453321090 -4650.721304612016 -3564.0417748184145 51.642554566647895
39627800453321607 -3912.2507449078994 -3000.960248720864 43.58385189874697
39627806484726308 -4555.970410256443 -3404.1125373796917 81.65652304970372
39627788382114236 -3567.239086953336 -2781.8217161628504 -4.4380869527705995
39627806463758157 -4735.569593708522 -3397.659542225106 84.39810996632806
39627806480538709 -3333.6539393141693 -2489.3109869129275 58.2508759593857
39627770237552405 -3052.059020579065 -2243.7214897782383 -49.43348465003213
39627740046953777 -2879.0691736620734 -2161.188634457196 -131.01788628220655
39627740051146493 -3932.580540646491 -2972.3500018128657 -167.9976707739458
39627788382111892 -4661.995405571032 -3621.903016496104 -9.762507395793179
39627794417718375 -4017.50864024341 -3109.9055320013754 11.7794147074515
39627788382111521 -4068.3589801469598 -3158.861353624165 -7.50723697177791
39627770262722615 -3268.0365655119235 -2552.644673080315 -51.95135483520057
39627764222923778 -2025.135698114081 -1580.1076309073726 -41.26315777448335
39627770262722591 -4218.302632960438 -3294.7285147103003 -76.12471402120542
39627752139132727 -3321.9954064264302 -2564.031801057735 -115.33392200993953
39627776302515031 -2343.7708915964577 -1817.5301824119956 -20.761100113785304
39627800428152559 -2342.3323069089106 -1690.978194579276 23.477028425446793
39627782342314773 -2711.6006287584123 -2109.6208628360055 -21.65651826501389
39627740046950484 -3183.703869496324 -2377.5148109261513 -145.7491841812046
39627740042762047 -4466.5202714704 -3333.923148735102 -205.67778758375968
39627806488924803 -3466.11878292007 -2631.4147879928587 62.88229025752546
39627806484726957 -4218.184027345274 -3153.979246666591 71.19689383877072
39627806488923756 -2560.563521952349 -1940.7288577995382 46.474518686273534
39627782338120206 -2777.8457840537144 -2140.4551665232157 -11.567232410918713
39627782342312460 -4482.032345948821 -3473.1852488240365 -15.554153295650558
39627812503555173 -3303.3801263260375 -2368.7404017670265 68.44811963556728
39627812507751118 -3673.5373787063177 -2665.5981384528395 85.56964435122035
39627733990379040 -3855.480345015214 -2792.4910968819645 -182.30050447555232
39627740017595360 -2750.102516913003 -1939.8996137591398 -113.2556395160556
39627740021789511 -4857.847794857355 -3463.0692257269275 -216.03153856673288
39627800457511338 -4243.957152580024 -3259.0729356987017 43.209546498075724
39627752139132831 -3736.519105629542 -2884.4239623053004 -130.63863050468527
39627764222924517 -4492.612511865675 -3509.0520257478406 -91.22317288842974
39627764222923303 -3904.761461623923 -3044.6681303372075 -79.38730989556547
39627782342315621 -2834.6302925660416 -2208.4623260030194 -22.05789604806985
39627782342316277 -3498.1973996375673 -2728.8348489583227 -28.135858228250093
39627740051149058 -2890.467791556158 -2193.5975046918165 -124.3883988916397
39627788327589744 -3991.6219549112543 -2768.364919877635 -10.049879365553268
39627806459561111 -3573.529415365045 -2529.3841383065846 56.57922851524485
39627800415570736 -3970.1810134011266 -2792.158415158824 48.00832867270197
39627770208193821 -3494.244865632886 -2414.248090669682 -57.528812941148125
39627770208194225 -3905.382325141499 -2699.983063810432 -60.45398609698882
39627788331778910 -2675.039861696854 -1858.3425837288294 2.708424703400032
39627770208194191 -4640.893121637887 -3208.264657714537 -74.47216600455948
39627800415571195 -5156.8527565579625 -3628.977206935444 65.4565787547669
39627752139133794 -5216.559814500847 -4033.200435639384 -170.37654558109622
39627734002959605 -2954.008943237732 -2189.7478778585237 -148.4766651143201
39627733990376977 -2957.0569142539152 -2134.084771679542 -141.99163703221686
39627733986184217 -3933.1385796907825 -2820.7680938102753 -183.37403818206352
39627733990376934 -3905.2486185786497 -2818.162978467246 -184.16072469474327
39627740030174855 -2657.500427902735 -1918.2253055385756 -121.48164740040683
39627782287786767 -4286.413164079621 -2948.990350417733 -34.002480303690575
39627782287786238 -4638.200083815196 -3188.632532657396 -27.857273023848176
39627782287788724 -2169.7707092106193 -1497.2485297045062 -14.734615288209461
39627776247990649 -3920.2187217409482 -2704.719817241405 -36.83260941831541
39627782287790096 -3127.8387027230883 -2162.746194657804 -15.566009102298933
39627788327587633 -4914.169493699799 -3397.934954395326 11.757847220204763
39627788327587760 -3046.7852162082404 -2107.1143369962324 3.7161079695089603
39627788327588554 -3227.540322499366 -2234.6767540726696 -1.1386904099352042
39627788327589175 -4857.597308910896 -3366.055813865446 8.962442667150546
39627776247989868 -3372.080394566513 -2323.501330074457 -30.192642167653798
39627770208192455 -2231.945582694051 -1538.6017758288626 -32.05497402042028
39627806455369195 -3977.2330586751455 -2798.6738713963814 60.0948259056302
39627764168395065 -3451.4993966037828 -2381.065120642883 -64.99204009720295
39627764168395627 -4581.283263344232 -3163.307114682248 -99.60708440474065
39627764168395674 -4246.253084224875 -2932.2088299876377 -88.990517346205
39627806455369042 -3517.1630146946177 -2474.3118980222102 61.10547766610989
39627770208192569 -4299.7878618941 -2964.7852439667927 -63.530029163050436
39627770208193123 -3937.70893879816 -2717.69807875359 -61.59575060791756
39627776247988533 -2907.2801838332507 -1998.9502416258733 -24.04751089944765
39627788327589267 -5141.832235423478 -3563.5372451767066 -3.034763034468589
39627794367386435 -4526.8767600266065 -3132.8959842969807 24.221154653407975
39627812503556291 -3164.279460005894 -2273.1821664485365 68.18671807629339
39627812503556552 -3202.5753303912393 -2301.660557518015 68.7104783964688
39627812503557174 -4433.138965426863 -3189.3268178358803 95.76774320121326
39627800411375150 -4329.78791255614 -3010.9739130326966 43.85789908583671
39627800411375773 -3765.543572284866 -2620.702567739564 36.67524255536669
39627812503556279 -3037.186433306578 -2181.8484480341203 69.21624904723201
39627800411377348 -4640.709548050363 -3237.3208876075023 59.877233531167775
39627800411377765 -2777.113143979289 -1938.4950393462668 30.9235561168137
39627800411377886 -3827.031556019447 -2671.7481175724756 36.258504699802934
39627800411379660 -4339.4358655451215 -3036.729677897939 45.822685259112035
39627800415568980 -2634.8499128439807 -1847.935196634598 32.141828245717974
39627800411377733 -2542.425416770991 -1774.6024533012016 25.783790027977446
39627794367387829 -4314.458037792345 -2992.3857080119624 23.05842871898765
39627794371576235 -4027.4251721700443 -2795.5583364188647 11.188215026530553
39627794371579174 -3990.602760055288 -2780.9345091265436 22.410208498033995
39627794371579585 -4513.954073317254 -3147.5791758372566 27.700456551062988
39627794371580029 -2763.580764073766 -1928.3918462690142 12.65341602793301
39627806484729510 -3337.8996440886713 -2504.5452094385164 58.22262988999084
39627806484730449 -5090.4820607755755 -3824.8953293211075 97.03606423958367
39627812499361174 -4942.376586690973 -3512.2612607308365 93.82305551231099
39627812503554849 -4541.969312294484 -3255.071337237555 101.02004401892927
