EDR/create_files/QSO_14_clustering_data.ecsv
# %ECSV 1.0
# ---
# datatype:
# - {name: TARGETID, datatype: int64}
# - {name: X, unit: Mpc, datatype: float64}
# - {name: Y, unit: Mpc, datatype: float64}
# - {name: Z, unit: Mpc, datatype: float64}
# schema: astropy-2.0
TARGETID X Y Z
[from data line 1699]
39632946767856836 -1136.7350053384118 -3381.430826161304 2331.8457351861844
39632986764740040 -1514.5427841938058 -4319.014261990578 3232.1670936626315
39632946763662318 -1540.3307350484513 -4502.159170283359 3123.4452819862354
39632951813605704 -1311.0033873733476 -3807.6885458560396 2658.0628143808144
39632941726305501 -1064.4317855260128 -3507.9454332678188 2371.2239814107597
39632961921879063 -1060.0015127441113 -3826.3440964854917 2689.4745296494875
39632951855550079 -1516.38240347811 -5319.255228531758 3646.499891509992
39632946801413149 -1255.0279190629772 -4356.611676829639 2972.9706572248815
39632946805604659 -1144.447555261287 -4002.792375617475 2742.1436620695536
39632956897102584 -1325.6827037651258 -4704.430019761302 3251.564025498957
39632941709526647 -1507.5134349372968 -4589.410270078741 3135.692323182002
39632941709529485 -1702.0589713707125 -5235.469527666089 3561.65488931837
39632941709529608 -1150.04156732474 -3539.309882640487 2408.4054857739766
39633001562245364 -585.9720434385539 -1977.6335340401333 1492.452189572038
39632986764740285 -1193.7886920206017 -3407.527423327132 2546.2911043001527
39633001537079130 -1220.8285584796674 -3677.9065597344643 2819.599880159782
39632971874959544 -1791.565542523172 -5058.470151718565 3676.109819705895
39633001532885313 -1309.9530229315887 -3886.4583808104576 2982.5111089497477
39633001532885144 -1669.8852984832897 -4951.015648864932 3794.4213731049963
39633001566439321 -700.512656839239 -2407.6135484503757 1813.656012497934
39633001558051793 -1271.471692253457 -4220.038864394036 3197.811034989996
39633006440220353 -1104.0280062701904 -3566.42493900494 2732.20805707353
39633001537078957 -865.5562511926556 -2605.1901772915667 2002.0444305900792
39633001537078306 -1611.6867845798413 -4838.035899307411 3713.1142479014816
39633001558050502 -1431.4169703369748 -4726.56560570749 3584.790761430151
39633006436026675 -995.4680108856383 -3162.2085813949216 2434.2046226951807
39633006436027637 -1107.6207002801248 -3533.327354455085 2724.054296422805
39633006436028483 -1216.8578090254198 -3894.3129432002074 2994.137492891886
39633006436028834 -1416.4802475685635 -4539.357063207211 3484.632541408866
39633001558050787 -1165.8545930512703 -3854.1314274656665 2919.566351139915
39632991747572182 -1127.7575570357803 -3960.1557737490098 2947.2755438134795
39633006440221768 -889.447646155063 -2890.182775220208 2218.270600304208
39633001532884574 -1255.596328079122 -3713.492172222175 2843.2152135019605
39633001532884759 -1279.7659762368992 -3788.1428010073055 2910.0945139879127
39633006431831881 -1228.4376095702828 -3821.460754349915 2944.9969726859194
39633006427639321 -1014.6958758441062 -3124.8886998836706 2406.5956964386664
39633006427639166 -1283.5408231118272 -3950.097413010272 3047.978970405324
39633006427638656 -875.1418201973208 -2687.3083288167063 2067.9198657616644
39633001562245937 -716.671830444797 -2424.889355445456 1844.2460343993607
39633006431832175 -1354.9770119865525 -4219.592041220195 3252.7387549913387
39633006427638585 -1294.306498487986 -3973.399397739361 3059.983140420148
39633006427638328 -1274.0453583133922 -3906.979470368573 3013.2942888678326
39633001562246808 -1138.3981789411855 -3865.8423682135535 2934.6549034600794
39633001566437699 -946.3649618321366 -3232.3734917131956 2443.5535442951214
39633006431833125 -1361.3408079143321 -4252.939427624441 3282.514469705217
39633001532883885 -1232.4328041266933 -3633.8727516115737 2786.3624405493356
39633001532883128 -1400.7206421810606 -4117.012026657562 3145.659540685527
39632996663298979 -1135.5783876096007 -3931.6026612703563 2954.570837766361
39632996654911606 -1074.563460192045 -3596.783731186548 2714.291231678755
39632996625548906 -1640.492097124019 -4784.318383363565 3644.6706060583742
39633001558053531 -1183.2408221865476 -3954.1873153862134 2993.576200441517
39633006431832862 -1443.4878383990392 -4505.601752736306 3477.884959927339
39633001558053569 -1003.9905732823722 -3355.6453234789374 2539.012996837437
39633006431834627 -1464.5961241770638 -4601.067209339138 3553.1703005587824
39633001562245880 -1256.0471803726 -4248.896132922204 3213.0370385862825
39632961863160138 -1389.1410985201926 -3906.686711548558 2809.4220722605733
39632946759471628 -1844.0923314730842 -5363.683238442688 3718.669965538449
39632946759471100 -1696.8111240037188 -4925.29700373489 3427.7362678846835
39632941709529392 -1643.6662989646732 -5054.248767924595 3435.1113669298584
39632941705332347 -1176.7413520748232 -3521.8679459357327 2407.695857093638
39632936630226323 -886.769586481265 -2725.6923005372223 1847.4854421689683
39632961863159359 -1383.5056791623845 -3879.8762111104065 2787.881673828521
39632956846771107 -1366.043657452154 -3895.8569595599806 2745.6038538666085
39632956846769892 -1315.6893204782407 -3737.282796780665 2638.991417980359
39632956846769793 -1566.679772393402 -4448.687204659614 3139.0028145704578
39632956846768416 -1093.870435135987 -3091.8972514396214 2191.3213330913804
39632956842578597 -1595.6483218801313 -4501.2763123690875 3198.1486953644553
39632956842578326 -888.8306116272273 -2504.8342587643187 1783.1007732607331
39632951809411710 -899.1368583385417 -2571.6488273376985 1809.2200863922187
39632951809411591 -865.1250921217883 -2473.2918378214454 1737.8703639952994
39632961863159986 -1153.955916420149 -3243.468810144326 2314.196596922319
39632941701138361 -1714.3479440244953 -5046.569465549155 3470.7286066472916
39632936634417264 -1163.9492610579043 -3596.046921603114 2439.7138938834023
39632981815462646 -1469.152565494575 -4157.048241139447 3099.689193586028
39632961867351126 -984.6930605802169 -2780.385968390231 1996.7412186743206
39632971870767909 -1331.0922386915743 -3730.972958738662 2713.0569410270773
