EDR/create_files/QSO_9_clustering_data.ecsv
# %ECSV 1.0
# ---
# datatype:
# - {name: TARGETID, datatype: int64}
# - {name: X, unit: Mpc, datatype: float64}
# - {name: Y, unit: Mpc, datatype: float64}
# - {name: Z, unit: Mpc, datatype: float64}
# schema: astropy-2.0
TARGETID X Y Z
39627806522479084 -3072.705842324791 -2505.6451707766096 60.45813257251795
39627794476436379 -3529.7462603447243 -3081.039610238834 28.945274609980665
39627782401035552 -3495.7093579278053 -3080.5874575727908 -22.67059715842114
39627782401036402 -2700.216332515553 -2382.7254961681497 -10.44578397797165
39627800512042173 -4587.108455473454 -3987.345048588564 64.892216841255
39627800516234931 -3316.866783121276 -2900.552772547707 32.4202546655258
39627812579053607 -2208.694482477045 -1866.3685807132606 51.3143911344335
39627812562276111 -3833.487942100378 -3125.4296188318003 77.10400662513932
39627758204098003 -2726.341678975487 -2224.7821778067732 -83.66776075164003
39627800478482463 -3227.5615192873693 -2590.4449461133804 31.978635653198307
39627770317244242 -3631.0956210200598 -3165.0182905637066 -69.82269647112895
39627788394694165 -4167.414777237756 -3322.5948420047216 -2.4531134516504527
39627788398891486 -2576.9087867852977 -2081.3717996754485 -5.489453060848062
39627776315101307 -3078.0568495965576 -2466.036467061657 -26.18252518359077
39627782371674658 -4203.115600738636 -3479.5282534576713 -19.965642894424718
39627776315101179 -4810.681973246965 -3853.3295641083314 -41.190957500586585
39627800503651226 -3480.1860904823607 -2959.4844493870673 39.12083295354084
39627794438686043 -3700.9060077835943 -2976.2037595056026 29.886818037525327
39627782363286414 -2083.198392558107 -1692.7837882750457 -16.15760497709968
39627800503650834 -2917.1297930101796 -2479.125205052919 34.800793505083625
39627746145470843 -2242.0876045207615 -1904.267881502132 -88.80320896738651
39627788407277182 -3111.7630352922897 -2549.250409877139 2.8730124563210726
39627752185267222 -4403.6253807954745 -3734.1295543653846 -156.93676827492408
39627770279498053 -3968.8542012937464 -3204.325226333401 -66.58792439529168
39627794459660599 -4002.690492843514 -3379.8398764720323 31.7712855285985
39627794463851331 -3525.5364918010923 -2988.5721040328667 20.27279943306281
39627800503649228 -3760.0103528613463 -3187.494914210328 39.49557534968456
39627764256473128 -2894.447224372021 -2407.3298248287565 -59.33730415636902
39627758233456761 -3027.576676205167 -2623.518806349423 -79.58616738912482
39627758229259076 -4127.646462594882 -3529.3973360433733 -127.04344463757742
39627800499454195 -2171.935096681905 -1823.1395937445106 29.810708991206845
39627782359094040 -3336.9291684876266 -2694.0333222668655 -14.666731932314812
39627794468050222 -3972.6096803123564 -3420.936429986202 26.59562461331021
39627782371674855 -3937.7730094828626 -3260.899127584362 -18.859300691198495
39627770308858037 -2357.558936329973 -2023.71806559687 -43.042898342712256
39627800482676940 -3930.8009012295115 -3183.891769116377 51.85058220120632
39627740093091085 -3740.7101378457646 -3099.0104217762523 -164.00582389542012
39627800478486892 -2921.044748117061 -2360.9349441722297 37.15431721869706
39627746137085089 -3742.4189254257903 -3134.1046366607466 -146.08235651364703
39627806539252388 -3352.9399985289588 -2816.3382101304082 49.57278217980454
39627788419863939 -4846.5761431820165 -4098.31286702181 5.716753455627759
39627770279495931 -4173.369018483444 -3360.162686616328 -80.30015829267818
39627746137082072 -2633.040369254345 -2196.3413713055884 -102.09059010777521
39627782359092202 -4232.038754496825 -3409.282001583082 -21.15575550348452
39627740097287418 -3079.592517443671 -2583.0326748800985 -138.67516830859202
39627782354900605 -4766.07719372186 -3822.691690608713 -35.21543176966488
39627800499455764 -3708.955879076012 -3120.911798192863 34.90005781320363
39627794451273040 -4026.7112523503138 -3348.3476881598917 29.65803944622484
39627764264866774 -2948.300585198159 -2512.7608472163915 -65.23229738215056
39627794451269164 -4210.513263972148 -3478.989617600383 28.65824625328736
39627800482679143 -3219.6915469273927 -2617.422030530263 27.768542030748762
39627746137081763 -5180.837518223639 -4319.784625150217 -216.85178194877378
39627758225069507 -3743.1131759610603 -3196.0296580573663 -111.46275096710602
39627764273256247 -3055.1697181268523 -2653.4599420466557 -71.58949502218265
39627758195704437 -2954.631315283589 -2352.8785775580914 -79.46740379791316
39627788398892926 -3813.2913444149035 -3085.570281933909 2.4601862057177106
39627800495264806 -2976.159562364716 -2495.358520417939 39.91288650457734
39627752185266970 -2223.257679413712 -1884.4126468541608 -72.34906270584028
39627746153859059 -2380.6929528335413 -2057.5543304568496 -89.48671534766343
39627782371675797 -3899.0059143128574 -3234.123193684087 -19.98373216797177
39627800491068097 -4597.411188947815 -3806.01093841343 63.37246700743692
39627800495264743 -4763.601734622642 -3993.6693712834162 63.136568536923576
39627770313052155 -4240.29467181382 -3675.6441037089226 -81.03144413627786
39627794463855422 -4124.072156021797 -3516.561734097839 27.313604730275685
39627764269062769 -3945.0279928547325 -3398.9274281115327 -80.780565661461
39627788411471555 -3400.5033156394165 -2810.944299808528 -8.526771200918514
39627746137080087 -4408.377923887676 -3667.4256336911103 -185.95935212972793
39627746137081710 -4588.8652000631955 -3825.9353360027494 -193.01941628491576
39627782354899706 -4759.918716787658 -3812.7322975244224 -33.95656107898683
39627794459657717 -2460.199862945585 -2068.844800078332 10.473726389152565
39627758195704064 -4177.827206028671 -3324.6201541230344 -127.98804903860298
39627782359094001 -4644.943775254375 -3749.875151680737 -28.839158641400882
39627770308857612 -3806.8557357596633 -3265.875625304294 -68.57723710479483
39627806535059499 -3493.658448118392 -2913.733602417188 53.727927039481834
39627746145471447 -3605.739891588094 -3065.381907468491 -143.5577748219254
39627758220875615 -3542.650717562599 -2998.768735708923 -108.44112879492653
39627746120307494 -5038.951854778376 -4076.54685071549 -202.38819596055617
39627806530866672 -4486.0832310792275 -3716.8865394407494 71.07552469076799
39627758229258851 -3422.787876352708 -2925.7828172614254 -102.17007023520114
39627758225065363 -3826.7269020938334 -3246.9409470310698 -114.71090923839013
39627764260667745 -4208.846448279808 -3533.0548684557725 -107.1479719631626
39627764260667732 -3687.98451208163 -3095.771164638905 -79.4931101477497
39627806530865540 -4441.066220243397 -3673.396616422286 62.89442381008523
39627758225068540 -2868.6133937212003 -2445.6358145038585 -89.24219091992416
39627782354897360 -3177.9243635191096 -2537.246111568535 -19.292327351887646
39627758225068923 -2748.417559167492 -2344.5358868369826 -71.29316977334675
39627758216679971 -4030.434673519968 -3372.6927966354096 -117.76789189681172
39627782367482691 -4476.423132786617 -3682.1453564563553 -26.28954458292763
39627788419862569 -3857.3732669601127 -3255.511455651411 -1.8796939575204195
39627758216675664 -4332.873108808708 -3605.027706908263 -124.98129647354337
39627782354898867 -3414.576218936318 -2731.8123765068085 -19.587806935556333
39627770292077621 -3393.753614527813 -2801.6820139359825 -63.10872643567344
39627746145469918 -4728.155060198128 -4010.5188507206985 -176.35077534837728
39627758220870561 -3128.89828717279 -2628.722498295655 -91.05704538201594
39627752176878930 -2290.5659460616475 -1908.2770541914622 -78.23216899332174
39627764273255407 -4189.736384183038 -3634.8977811789787 -92.54170314108347
39627752172690440 -1971.093333702008 -1638.8524390462564 -67.98794583173648
39627776348655793 -3401.945909675449 -2923.740445114885 -30.145857778584503
39627770317244791 -5144.8038236115535 -4488.126644721898 -89.19449510594121
39627770308857437 -3849.991606601667 -3302.214335785098 -61.80288377345297
39627758216676392 -3091.029157049608 -2574.319765626762 -89.92907207810525
39627758216676269 -3580.176224504063 -2981.2168062303517 -102.88091892812089
39627800495260949 -3357.133343729425 -2798.020804206874 41.550824544745915
39627800495261157 -4562.70968843811 -3804.0676823600265 57.98807765828954
39627758216676178 -4322.294025999134 -3598.732229011137 -125.8119904360113
39627758212486746 -3871.1741789370876 -3215.9813611679265 -117.9458903222196
39627758212481494 -5268.595375278687 -4346.079829872871 -162.69557333201462
39627794455462435 -2395.169153443487 -1993.7294372390154 10.008969829615273
39627764273255277 -3649.625343189263 -3165.6661264525733 -85.28168281342305
39627764252279451 -3856.244232973847 -3181.937886523932 -89.65939242806876
39627782354897769 -4216.728788188229 -3368.4790605712556 -21.79276678196892
39627806535057533 -4263.412369324719 -3546.239836330674 64.72461824943953
39627788394698764 -1989.7893439103195 -1596.462295300496 -1.8155035420495547
39627782354897319 -3179.530150796685 -2538.39514794045 -17.60036538362889
39627752168494978 -4647.544859982785 -3829.9955064332826 -163.99214787505406
39627776323490794 -3055.3893387090743 -2490.5906375953723 -28.262407994217558
39627782363287679 -4520.5731058386145 -3679.4059227007274 -14.158755452440417
39627800499456482 -2750.746787751343 -2317.3939528238975 24.623960596896627
39627800482680565 -4698.3464457852815 -3828.451302153681 57.34527615125144
39627740101481404 -4500.503885172098 -3803.986496768686 -201.11462460152282
39627788407278188 -3542.9271032586703 -2907.3165237194166 -6.882377807253789
39627788407278488 -3278.646412833078 -2691.5549797138133 -6.041299723697034
39627752176882937 -3557.475687834609 -2979.696890890531 -121.45284214361453
39627800491066776 -3372.0150970895907 -2785.686349804673 40.680360558502024
39627800478484376 -3217.8344767722183 -2590.7315931873673 27.261919602086845
39627758229260291 -3110.4457757863406 -2664.574064375621 -82.66032707070089
39627794438686900 -4688.206353917854 -3774.568715111859 38.3007162018302
39627752176882917 -3305.2313648280096 -2768.3201162265614 -112.03997352341129
39627758220874684 -2674.538052709567 -2260.816365173291 -76.07297061382666
39627740097285138 -2743.0757053937314 -2292.9535687211455 -127.31498290295092
39627764273256171 -3769.5903223585024 -3273.5794627385567 -97.60975559646081
39627770279500202 -3660.037675198481 -2963.5485558984915 -56.293288714646685
39627758208286821 -4781.614256179342 -3907.0633444090045 -134.95177460774786
39627794463853535 -3363.4042273427676 -2860.1609108730627 23.306988922205264
39627764264863359 -4332.573217571533 -3676.2153271619704 -94.9376832071931
39627764243892307 -3456.5496703108283 -2807.1186401243385 -73.68608387120597
39627764243892537 -2746.223554031491 -2231.020560083913 -59.19756617243287
39627746141277509 -4882.674509893023 -4113.799176852563 -196.40698499924096
39627800507847075 -4796.877366442003 -4128.338605297168 57.075622694538595
39627794472239308 -3038.014882974469 -2618.5491354706965 22.634322857395016
39627752181073908 -3820.662180483201 -3214.4637356330663 -136.38235897368884
39627746145471841 -4927.944290528608 -4191.70742115421 -196.70463285120417
39627788398890463 -2797.6170989772913 -2256.329310843477 0.3595644993395573
39627746141281242 -4272.475785733804 -3615.488113535915 -160.50137796594055
39627776327680702 -4173.0480693628115 -3412.711059379429 -38.60804715773065
39627794468046140 -2222.734414344346 -1902.309607231582 12.324640194988318
39627746132887508 -4495.602831250392 -3715.665720987417 -177.74517474236953
39627752185270639 -3754.2527376610515 -3199.857078658299 -131.18645033997515
39627758225068691 -3278.127822957962 -2795.366004686973 -85.61978610428169
39627752164295549 -2809.7231104418893 -2278.663192550483 -100.81066263126996
39627770308859738 -3189.9910801885653 -2744.655151464574 -52.439067593428916
39627794451269692 -3837.019563625598 -3172.834585805483 24.55323618073109
39627794451272474 -3883.5724933360293 -3226.2545716846116 28.158399157443274
39627788424053254 -2095.2213897541073 -1774.817348126851 -4.165322491723273
39627758233456957 -2163.9028875020676 -1875.5726044693852 -59.34308197887263
39627770300469021 -3983.2170189962094 -3359.98799097748 -68.54764409253669
39627794463854973 -3761.7637426893175 -3205.8118532804388 20.9380266644593
39627770304661045 -4549.899077432812 -3860.184254142656 -77.41763561707135
39627794463855179 -3921.897226784853 -3343.159491011498 22.70018484902829
39627788407276941 -2297.5002937083714 -1881.3639150234385 -1.5736071915129306
39627782363290374 -4007.631708685899 -3273.125651731788 -18.05857609965701
39627788411472627 -4935.0637146971885 -4087.3018405373896 -1.5883501753576263
39627758233456265 -4111.938304560405 -3560.7533423128343 -128.48660447528317
39627794459661500 -2389.634374189379 -2020.4572295346816 11.732736947113603
39627794463853233 -4839.471359029544 -4113.851837689884 19.854524031637208
39627752172684216 -3873.201845269428 -3196.8090576208447 -130.78863554150496
39627794447073476 -4540.29442102974 -3710.590741515687 30.014737698183247
39627764264867358 -4981.16042401095 -4248.627930990287 -111.59205555649406
39627764252282624 -2921.762574135267 -2421.0255949681778 -59.13588310541568
39627746137083449 -2941.194674869554 -2457.5395511196334 -118.90814664679166
39627746137085453 -2617.092825505435 -2192.8912598667544 -98.33423325347833
39627740097287502 -4359.068469289402 -3656.771808670098 -187.04908715465717
39627770275302580 -3332.4560286441347 -2663.9473934478615 -51.27154924227785
39627752176877877 -2476.8791536339463 -2060.6982152257183 -85.55575860335574
39627794463852711 -4330.641253104803 -3678.6881676295507 28.42635098423571
39627770292077870 -2730.1826468951817 -2254.679814579429 -49.72460098712701
39627758212486983 -3560.400968866521 -2958.7318794356743 -105.20127123912867
39627752176880354 -4423.592545049719 -3692.015731877732 -159.18273557478508
39627794459657043 -3433.596112826961 -2884.854411774313 21.534261431617125
39627770275304569 -3500.460844425453 -2807.7215635436314 -52.6182797332058
39627764243893974 -3061.887603823933 -2493.094300540124 -73.6102894957173
39627752172684333 -3880.3971771171573 -3203.2143654679526 -131.48930321720192
39627770313052034 -4299.937123071057 -3726.5733598860998 -65.88232929518607
39627794447076588 -2659.071904354242 -2184.6627431330107 13.644424849285233
39627764277450917 -3596.887890570056 -3151.5197980394114 -83.45295514192797
39627752172690154 -3398.523373073668 -2824.7396700213703 -120.51982274741563
39627746141275583 -4568.151104686579 -3840.2007888648277 -174.63794162966258
39627782359093300 -1778.0074924174696 -1434.2125793540697 -12.091469569853238
39627794472242344 -3959.052885177943 -3427.625390318872 18.667219292770394
39627770313048449 -4556.058756950789 -3927.7419382996804 -77.14792350567484
39627788411473804 -3832.653216144009 -3180.693836743716 8.080494244578462
39627788407280122 -4547.405035832836 -3742.603867341009 1.8940722526849079
39627752189462213 -4808.220441428037 -4117.500453510591 -170.30677337464851
39627794442882490 -4225.779548350436 -3439.257840439029 17.814013333849665
39627764277450779 -3321.339865135471 -2909.4934411482163 -68.58982707107744
39627782350705122 -4405.741859295681 -3500.988120979449 -30.691941124502073
39627794472241725 -3986.043095864445 -3447.7447229549743 18.304417038914856
39627788419863432 -4841.39161377251 -4091.1764959426428 -0.1011428997786846
39627746141280686 -4013.741352600478 -3394.2024744796013 -164.41470495598816
39627764231310950 -3640.8851943711934 -2887.8534766016405 -78.72263896396026
39627794451267617 -2973.9440544105432 -2451.542170203953 12.307332998539081
39627776319294668 -4513.003072134615 -3639.7931274097346 -55.673674376360935
39627794459660672 -3998.431797998528 -3376.6268536254697 18.006429802981533
39627782392647125 -3818.58415750797 -3305.4922588767668 -13.029571073170352
39627800478486471 -4657.569409736603 -3762.059468958209 54.31642214190914
39627782359090751 -4201.955444035106 -3379.030970725056 -23.457753195648408
39627800482677242 -3521.355873181453 -2853.4149783417 43.95546831859684
39627776327681544 -3396.400226135594 -2781.224883825469 -34.02151587846291
39627770287887127 -3528.9976337342932 -2904.6585720155367 -69.31904948983247
39627782359090783 -4174.357893465455 -3356.93394555119 -21.11846665872567
