EDR/create_files/QSO_17_clustering_data.ecsv
# %ECSV 1.0
# ---
# datatype:
# - {name: TARGETID, datatype: int64}
# - {name: X, unit: Mpc, datatype: float64}
# - {name: Y, unit: Mpc, datatype: float64}
# - {name: Z, unit: Mpc, datatype: float64}
# schema: astropy-2.0
TARGETID X Y Z
39627794312858909 -4900.4562840627095 -2992.0183485545026 25.073604690227135
39627812457417422 -4077.1844968332293 -2635.177255944822 89.96032741675913
39627806426009093 -3826.0919681094847 -2522.41388916914 61.04518265905284
39627812453222311 -4335.395668485054 -2771.6494097667833 99.91909454267524
39627812457416191 -5140.0885536048845 -3314.825877826266 119.06055273922811
39627818493021962 -2758.4935945799716 -1770.035922977266 64.44980212441314
39627812470000305 -3848.757448487542 -2559.581863961907 71.41867578646817
39627776210241967 -4349.29341768466 -2755.7257409207887 -48.205269157802505
39627800365238832 -4052.9401975794094 -2545.9587465484537 44.05545539771529
39627764143227143 -3600.219488977949 -2338.829245047238 -78.70861851862999
39627739967262668 -4859.839379699986 -3058.596091409459 -190.62613518764317
39627764147425996 -5162.906703975174 -3414.9989472306893 -118.45291302590604
39627776210242447 -4231.4789996737 -2683.3363335960257 -46.93622345304769
39627794342219968 -3531.8491582890224 -2313.19387472003 19.373576140520914
39627770166248875 -3999.559318803711 -2506.0539921720624 -68.06476575943232
39627788302420305 -2301.618321699108 -1501.0515453014812 5.1499585631947005
39627764139036125 -3624.093594575832 -2345.427427796378 -81.83707873036857
39627782245848033 -4088.515835430967 -2575.6540262295475 -15.087970969278137
39627794350609246 -3570.922106864762 -2382.2119672140325 20.609286088406947
39627764118062879 -3201.773503378485 -1970.2587436809358 -62.37274448092789
39627758107628943 -3801.0757772418956 -2515.1915834002043 -92.13972977113178
39627752042663542 -4710.977463262052 -2936.4638776263646 -144.58845417872962
39627782250041045 -5447.246655571225 -3456.1086576956277 -33.09705730729032
39627776210239601 -4676.322115805415 -2950.967427763176 -44.719606328047405
39627782250037870 -3858.843127479007 -2436.8370963635293 -21.080118998771397
39627739984037903 -2613.6170411094213 -1702.5219767418318 -110.07573641003984
39627746036417106 -4081.387707013885 -2730.035319635269 -143.4285544997466
39627758099236540 -3370.502297080931 -2173.7933124346337 -93.70939693876124
39627758074073746 -3407.3515864717556 -2085.757179040982 -88.37645314701686
39627770195609941 -4421.266742769813 -2965.513692138568 -69.95817963847682
39627764147424142 -4517.243668484068 -2977.5539084970947 -101.56980076609803
39627758095041980 -3553.3270889551945 -2269.5164505560997 -94.0630168898578
39627770162054031 -3824.6150700788407 -2370.81985942944 -64.47592426140395
39627758074073776 -4404.313363945054 -2696.1801984252907 -104.3601915892863
39627764143230478 -3781.366513633965 -2469.5747124248032 -83.45966677493064
39627770162057543 -3836.6360482070877 -2393.838749987551 -65.67090203797018
39627770195608582 -3975.4464739527843 -2660.657067060532 -61.18479491992695
39627782237456417 -4789.269213281702 -2947.5450140420453 -13.317752716929542
39627764151617566 -4428.596598502065 -2941.0270533054822 -82.99417479407812
39627764160008057 -3767.533510769096 -2558.45612268273 -71.2495104212258
39627758090850067 -5072.194312738532 -3222.694053424665 -130.68332488496287
39627764160006178 -4370.697907806352 -2958.3024932792873 -99.26475141607897
39627764155814348 -5466.143792341279 -3679.3080661939407 -107.48091509859809
39627764155812702 -3973.1436785831092 -2667.1969661900744 -76.32404378833594
39627770191414357 -2438.304411431273 -1616.2508881199647 -44.36672050520445
39627764155812127 -3691.67435208859 -2475.8213551152758 -69.20710378364423
39627764151615690 -4335.529737829193 -2870.388283569252 -82.23661640402096
39627770162055880 -5090.34588423086 -3166.3922201343958 -84.87261040279658
39627764155811042 -3462.8087440793256 -2318.3684652296074 -76.23883926874748
39627764151620179 -4004.4961498492203 -2669.9163778382276 -87.8137252112263
39627770191416565 -3234.2967899834343 -2151.239761438179 -51.187218886650854
39627764151617582 -3043.244319310459 -2021.053218916533 -61.59421075570757
39627770157862763 -3098.4723704057915 -1911.9878208271982 -53.211126285983994
39627758107628647 -3902.256904954259 -2580.972112855926 -95.0304477486783
39627770195611770 -4142.910855153968 -2787.236277872752 -74.59047738895254
39627770157861193 -3821.1531398137718 -2351.4816962372465 -51.93670423212605
39627758103434141 -2416.663003899045 -1582.634857054277 -68.20595810994685
39627764134838942 -4657.824197770692 -2970.309105298355 -96.49495547297218
39627758090846949 -4659.720852795728 -2944.363577705163 -131.16110788383517
39627764122256896 -4157.447047609067 -2581.0155799608506 -76.72227529213981
39627776235408982 -3636.1499566406687 -2442.8078072626085 -38.75309588434629
39627782241650995 -2995.2978553614926 -1860.8432971566083 -12.631822551001653
39627764126452622 -3755.5789687300953 -2359.391528334451 -83.80318545000137
39627758120207791 -3688.9555527701696 -2494.447393935784 -88.61132914162448
39627764130649247 -4756.875000695041 -3028.7116616841377 -86.34124917431012
39627776235408840 -4454.428056994151 -2991.798203817738 -47.94041940158503
39627764139032927 -3722.2707651410556 -2395.7107874592607 -70.19516729729823
39627764122256740 -4218.419992356692 -2618.005107629349 -85.514511539815
39627770157862275 -4513.896945211257 -2782.8096268034615 -76.98918100408113
39627764134838921 -4657.507555821371 -2970.02387172552 -96.45724260907882
39627770166250109 -4650.19995316152 -2921.4249699439406 -76.77844123301394
39627764143229409 -2722.642417684347 -1775.1536716507583 -56.32458855208104
39627770166250171 -4865.266684793648 -3057.022405096214 -83.16673254946151
39627770166250271 -2617.522011885991 -1645.0045041414137 -45.39087223498024
39627770166251403 -2342.274616907952 -1475.3687114828747 -38.65191507783867
39627770157862206 -5145.12532282941 -3171.6326962025078 -89.7073763372094
39627782237458092 -3601.2146911904874 -2223.076945326321 -12.452437078889966
39627770199804559 -5063.9477524716785 -3428.9906082383172 -77.49746421706325
39627770199804686 -5343.533900095827 -3619.097794093772 -98.15526929704309
39627758103434126 -4526.127747501356 -2963.9721530047022 -108.03563690482541
39627758107623701 -3759.003771697149 -2465.653610178259 -102.90591791870364
39627746023834198 -4712.459326916532 -3063.006307671387 -170.48666666910304
39627776197658029 -3918.99912271445 -2408.1989834930337 -47.741948802655685
39627739979843117 -2593.7597413672975 -1672.566665669405 -102.06063623668106
39627776197658619 -3267.3578243626594 -2010.1778251914354 -26.15806443023664
39627746019641013 -4628.898775673397 -2986.6005740695527 -173.63722349373538
39627739979846408 -4433.740948648733 -2874.3834051467943 -178.24813391876395
39627739979846958 -2272.9962933810025 -1474.8894173386918 -97.07238286312248
39627746015447693 -3976.16095420627 -2546.6901243260913 -134.2226876624416
39627739979847037 -3347.532335822366 -2172.440178396767 -136.92865633742875
39627739984036531 -4670.4832330487 -3036.049146053763 -184.74917031975536
39627776210242883 -3799.6654510208314 -2411.634791798656 -34.91910903046925
39627776197657758 -5304.9599882516 -3258.0320956364803 -57.26484465233551
39627746019641266 -4244.423652881742 -2739.63911258557 -159.29264657547125
39627746036418476 -4286.4347114075645 -2874.050659690655 -147.91479432743043
39627746032226886 -3675.433105353613 -2452.902477633916 -128.6662264632175
39627746032226639 -2401.565221108832 -1601.9387365358991 -88.18632705654463
39627788298226897 -5002.680788529934 -3238.044081757979 -9.014578994283703
39627788302423020 -3318.568778433502 -2174.890929113412 4.081541472663536
39627788306612661 -4693.923766137587 -3080.005722059187 9.769049566596074
39627746023837693 -3211.350461564103 -2098.278896090421 -122.37831581204934
39627776214435125 -2385.056258564981 -1522.7197221615443 -20.99450248346796
39627794321244512 -3815.5945748448225 -2362.918102298697 26.50858558555819
39627794338023700 -4107.095290477031 -2653.828417120358 15.650708703111187
39627794338024339 -4333.610668530695 -2803.6728368175773 20.943886816238294
39627794354798932 -2929.2054577058807 -1958.1512668925313 20.600143844874037
39627794338024469 -2916.1317338080007 -1887.038817561343 14.503440985399346
39627794350608022 -3081.118105863931 -2051.5604309242303 20.1227844575887
39627794350605917 -3540.2182766574506 -2349.5480441114755 16.136542380249598
39627794350605073 -4335.769324135077 -2873.6154425727964 20.286750471728276
39627794346414483 -3875.4695058440934 -2561.4793422001067 23.156267305993847
39627794342220482 -4594.202305654539 -3011.856096622974 16.397120137466718
39627794333831685 -2620.4385210751675 -1683.1689089272566 16.52642380396469
39627782241652151 -2880.072992631726 -1792.818760961398 -8.467291015613892
39627776206045577 -5035.213254161243 -3148.209153976899 -42.36687729415514
39627746002866116 -5680.734536035216 -3542.55173878122 -201.53732075696948
39627776206045966 -2359.0945156036805 -1475.9862396243268 -18.53993325147432
39627776206047952 -2574.326044987269 -1616.629931860773 -32.526053710100896
39627800390402454 -2275.8687610630686 -1507.2984372451726 24.356530930630026
39627782266815075 -4400.787492163448 -2888.891656384152 -16.724509514857353
39627800369432125 -3175.4304876685114 -2009.4191237567604 33.12019143200207
39627776201854826 -4913.271576641294 -3063.7370871610883 -42.5681028430495
39627794342218630 -3838.6904579669254 -2507.7241690058045 28.374097660649557
39627782254236022 -3268.5576093871414 -2098.7177277725273 -11.926339581805403
39627752063632251 -3390.8492565591037 -2205.2394725408963 -102.56589599772535
39627788281451088 -3544.885270423672 -2209.7699406081438 -7.320499517062473
39627788281447537 -4524.6482468729255 -2804.541999129064 -4.72061029894101
39627782262621915 -4662.219432534754 -3037.77699282578 -13.33355012725218
39627752059437828 -3161.931461440202 -2036.70993117158 -98.65304827016479
39627782254234855 -3545.3977377469237 -2271.8344421631487 -9.699016715121243
39627752059437714 -2834.1887643290856 -1825.201637529788 -88.26531235192857
39627752059437515 -4256.6798518236965 -2740.1996184301865 -127.8310487643749
39627752055247473 -3622.2135901975757 -2327.5835215261586 -104.94523676280748
39627752055247139 -3930.295283475223 -2523.9893803639397 -114.01416460507448
39627752055246615 -3912.6494871900823 -2510.2577009168435 -118.25385369390857
39627782250042660 -3558.99115138671 -2263.671803229998 -24.038618112041803
39627782266814580 -5182.798354126912 -3398.650043891381 -20.754790857248558
39627782275203493 -3596.787925849107 -2404.9743062769803 -13.18601028949373
39627782271012262 -4258.639165212058 -2833.8545066515417 -15.346899960013557
39627752072023922 -4551.117075985902 -3032.6391209360736 -149.72785266121764
39627782271014734 -5727.2007197377425 -3825.600778128913 -28.66112123798736
39627752067831491 -3682.1924509955206 -2436.311838039731 -121.33506798127272
39627752067830824 -4360.392914670823 -2881.983408420935 -133.3990929447868
39627752051049367 -5160.782344569865 -3261.904552314238 -147.04779788151475
39627758111819340 -3976.916279296635 -2638.815203980297 -104.15508047710996
39627758116016579 -2112.1668439420846 -1422.61886795562 -53.346599775090446
39627739984039494 -4522.780973999195 -2952.685184774909 -189.2167329891487
39627770199807458 -2051.652707116519 -1396.210456052523 -36.35563663943019
39627764155811120 -4645.387144889717 -3110.5650661645445 -90.04704917486883
39627770166249740 -4849.086554137735 -3043.937418863273 -83.70373277455148
39627788281450969 -3766.338044158744 -2347.3636353030133 -7.986456847865063
39627764113870905 -5546.449999232937 -3394.942119135043 -117.99944529345149
39627794338021762 -3630.6067732630036 -2337.0095587783376 18.846346114645478
39627764118061562 -3780.1456142193624 -2318.9670748063954 -69.91101795338592
39627770157860841 -3207.156434737702 -1972.3508040210218 -45.65798741106638
39627800386208966 -3341.131997560647 -2195.470919921959 37.52921837771464
39627770157862966 -4233.633898437739 -2613.322265876929 -75.82134039064432
39627800361044686 -3707.4132258727554 -2307.888382932056 28.76344396878333
39627752059441608 -3942.9323723397365 -2556.30819573851 -120.64899900190213
39627788277255039 -2559.1892721836416 -1578.4214738124135 0.6737521158474443
39627746002866298 -3576.8270896621125 -2231.4302629951235 -122.26919749731603
39627800361044566 -4935.404567861097 -3071.5182733156175 55.45282320227807
39627770162056997 -5077.5247308547605 -3165.080964421523 -88.77207017006228
39627764122257197 -4855.844294170548 -3016.728781912895 -91.88824609149775
39627782241651703 -2580.040102447754 -1604.7874802726299 -13.338782357253084
39627782254231831 -4254.391255508534 -2711.570540570131 -17.98884240734374
39627776227020469 -3901.1222231203014 -2575.3736658446896 -45.74936570341515
39627758090847556 -3950.63107164676 -2499.231621894861 -100.31593618793306
39627746019644055 -4845.384252399241 -3141.7679501542134 -179.8722395599534
39627788310808200 -5585.726023207476 -3707.974409815141 5.410950903300222
39627764143228692 -2692.680586519264 -1753.6424531039963 -49.98156864614085
39627764160005684 -3938.155961850867 -2663.1574247722956 -93.10057005873266
39627794342218836 -4229.544655618122 -2764.1091831651 23.15730855582397
39627752046857391 -2450.316713227532 -1540.6354303424453 -71.18559124373024
39627788298226022 -4304.973846545849 -2781.418716207208 7.451417655431408
39627800390405962 -3420.832346790918 -2281.2043980660537 31.345037807685753
39627788289836862 -2016.4264714633198 -1276.7535019547133 -1.6349021093202247
39627788289836140 -4435.000369311607 -2804.517207866754 -5.832906376123482
39627788298225182 -4559.699144765198 -2941.486476316604 7.384907411925182
39627782233264317 -3392.198231181884 -2076.377149519861 -19.985004242373137
39627788298224165 -4059.236004781527 -2613.7269954642143 6.204205510141476
39627794342219187 -3097.328569231209 -2025.5482408640883 20.231149771146082
39627782271013061 -5533.290179366289 -3686.5252949030896 -41.44627812298015
39627794350606364 -5189.8585105132115 -3446.8595477447434 31.51218487037525
39627776235408119 -3625.2578886547435 -2432.1798812044694 -38.97715103081021
39627752051049195 -2972.382488293242 -1878.1371604728813 -96.51792420730999
39627788294031590 -5148.3575161285335 -3291.5022459609454 -12.97174946001881
39627788289836899 -5692.973498915609 -3604.923948247257 -3.441470158790042
39627764139038014 -5672.946038651894 -3683.3597723945322 -127.3336837504297
39627752046857188 -2444.867248079217 -1536.7006737370516 -71.05153015596555
39627776231215040 -3404.8379556621235 -2267.764457225643 -35.94502939574036
39627788281447847 -5369.977421651646 -3330.0207059318564 -11.482897919764248
39627770157861704 -4491.540852432393 -2766.396577928831 -75.93546735952404
39627788281448750 -4433.570163052513 -2753.121514337878 9.436214544749596
39627800390406196 -3572.373537922936 -2383.210473915452 43.47134158241276
39627764134843716 -4837.293742679706 -3110.428451054771 -111.38535649067602
39627758086655835 -4924.91710891908 -3100.605418349931 -130.92412077663204
39627752051051660 -4961.338178755634 -3149.6919030105987 -145.6541267937855
39627770195610858 -3195.277869881854 -2146.4396973277394 -58.600811646040455
39627758099236821 -3877.4083859320845 -2501.833226462829 -94.54116049490749
39627806405035356 -3561.8150792873957 -2230.4473989566504 46.847451119551785
39627758086652712 -4403.012247425343 -2755.6310768983685 -108.33774441069302
39627776193466349 -4402.958574644388 -2691.9684154466313 -54.402349203269566
39627782250038234 -3447.3807054931276 -2178.126737298084 -10.514040558783218
39627758086655359 -4426.454124683666 -2784.159781150796 -124.78543824558558
39627764139036553 -2224.370285074598 -1440.634560072503 -42.625053880835566
39627782250038261 -3160.1082818050827 -1996.702600486449 -9.964199283399758
39627758103433357 -4524.484699077845 -2958.866134284317 -124.91492235272513
39627782275203164 -3454.20622260009 -2308.2059918490563 -27.01465063336505
39627776227017778 -3092.078241166144 -2031.1568111223773 -33.882508260359245
