EDR/create_files/QSO_9_clustering_data.ecsv
# %ECSV 1.0
# ---
# datatype:
# - {name: TARGETID, datatype: int64}
# - {name: X, unit: Mpc, datatype: float64}
# - {name: Y, unit: Mpc, datatype: float64}
# - {name: Z, unit: Mpc, datatype: float64}
# schema: astropy-2.0
TARGETID X Y Z
[from data line 633]
39627764256473661 -2600.985929875471 -2164.8593852236563 -60.3275074825339
39627776323487862 -3496.3751918075086 -2839.307338827648 -35.22150415246049
39627752185269111 -3092.16159561198 -2629.295721770923 -111.413412880768
39627752193656320 -2972.3155043300335 -2566.726323893344 -105.97377804208139
39627788424056194 -4431.550065206554 -3768.4408186511664 2.6362914417964003
39627776331874482 -3362.4142446181527 -2772.4465615718786 -33.2277447631896
39627770283691780 -3867.393998447191 -3148.8676624096775 -69.8396924019279
39627800482681418 -2015.95094357098 -1645.220258097643 18.752229694137945
39627788432443682 -3281.004526262621 -2837.411740776639 -8.948341491104966
39627782388452578 -4292.70184786586 -3681.2363764838415 -14.347838934933462
39627788419858974 -3942.5441942398324 -3310.215105942094 -10.8417888394188
39627752160104774 -3318.1860388500672 -2681.379838440759 -103.18267831470114
39627770271109740 -5143.196835639723 -4083.6079567811803 -82.45941458718254
39627788411473617 -4580.798365685452 -3800.546820494796 -4.725322868457102
39627746132889688 -3271.9413343998904 -2712.1714278275117 -129.49164586360448
39627806518284071 -4429.284939675882 -3576.048034603971 62.124439662665324
39627776344458409 -2179.6679444499064 -1848.3172546899664 -28.01822172267146
39627800491065708 -3823.0231485789936 -3153.1376764975503 48.88276194139672
39627788428249747 -2146.233281599144 -1839.770447455961 -6.116628648318896
39627776323492435 -3711.0765762561455 -3031.8083646389555 -42.09384885389353
39627776336073581 -4055.165187297372 -3399.7722994494884 -53.36184158793701
39627812570663291 -3949.6695006964874 -3267.1481799719336 88.77945381798612
39627788390502680 -3481.890493327074 -2764.5550047915517 5.144089515673859
39627812574855472 -2779.842969440509 -2312.8774694958806 59.251650365264545
39627806535060692 -3478.8699821988407 -2905.862184156099 61.85019071057417
39627788398892929 -4337.476572142318 -3509.7310451295375 6.811261155575528
39627758195704883 -4440.0068421779 -3539.2297494675977 -123.5947347578644
39627746120306202 -3003.35694266911 -2424.8616805331994 -113.04678982228242
39627770304665133 -1866.4743998606787 -1591.6040366349846 -33.34551229078628
39627746120306201 -3042.3044101602727 -2456.3072274461824 -116.82693706513788
39627758195704771 -2778.448353350464 -2214.2546043691664 -78.50489546028395
39627788415665492 -2793.7297576854985 -2328.7220391999913 -4.891261971689345
39627764260669007 -3124.833028736776 -2627.8221108650114 -63.846817217599465
39627746141278717 -5261.493079753689 -4439.008918775217 -224.86608912372344
39627758204093220 -4394.374011087788 -3562.2834608995972 -134.98432413373988
39627800495263957 -4025.7095084342227 -3370.698270088043 41.843710396164646
39627740101480273 -4755.321298829413 -4012.827251070872 -206.13606159392216
39627806535058531 -2633.5369950013 -2193.781496270423 50.71781343777013
39627806543450766 -2986.382228143231 -2548.904125343831 44.302112970640565
39627800486873139 -4934.373810750609 -4046.17360228077 59.80087670179712
39627758208290233 -3895.258982875519 -3195.60266658341 -113.30111918522798
39627758229264085 -2827.228886836095 -2434.8886411874732 -83.95101428635945
39627800503651868 -4778.940073615571 -4067.8326931881866 66.05111548217991
39627752193655420 -4688.030261710508 -4043.4547147606313 -153.35443355901262
39627806535061546 -2200.456620305206 -1840.2263108547709 38.87762574280008
39627800503651644 -3683.1957191103547 -3133.9848048816134 50.19766418727674
39627800507844444 -3407.5301783961686 -2918.7615990981203 45.367150863536075
39627788428253100 -4293.647796799306 -3697.364513081156 0.7594624991907185
39627788394695535 -2609.1403522651353 -2084.0130673756657 -0.9842420626031221
39627782392648842 -2054.0039522715865 -1782.4744463881223 -16.798151100385617
39627764231310772 -4225.397761655844 -3350.541836470051 -92.28477594691962
39627770275303583 -2570.093862768947 -2058.1365885423315 -40.10885201802783
39627788415666019 -2517.697369041867 -2100.3074119459898 4.1907159613533675
39627788398890296 -3669.033905400651 -2958.4260390783725 -7.1624139610185145
39627788436637364 -3358.009693022954 -2926.275729706195 5.753558496899867
39627788398888089 -4500.976433245129 -3618.154844122291 -1.9938886226955626
39627788415666223 -2589.741676660124 -2161.132729534902 4.378110395436329
39627776357042799 -3261.204879211398 -2847.0528404594475 -38.42876224262708
39627812570662124 -2512.602273751657 -2075.098829021397 56.450880967168494
39627770296271955 -4005.395086285346 -3336.339421127154 -58.38859698634833
39627764252284154 -2823.421190908422 -2344.332369079506 -57.31640295382876
39627758229263318 -4743.025290771114 -4079.9873465824026 -138.40230050820358
39627806518282111 -4258.17016490516 -3427.308392885232 61.46486160696374
39627770271110558 -3149.26021283364 -2503.9116896765213 -49.95443994041938
39627746124500803 -3244.4481134079915 -2643.2098542590184 -129.96153836924344
39627776319293904 -4558.304167005855 -3672.1797796965807 -59.41280289951216
39627800491069873 -3390.056065197897 -2815.129340088276 29.756722526504078
39627800474293289 -3627.3854276655675 -2909.9589293937056 40.38964211871232
39627800474292874 -5129.772001483 -4112.358799283353 59.31687557223446
39627770271109663 -4647.562681725027 -3689.5462092366147 -67.35978543872366
39627806522480469 -3070.826837729208 -2508.7363032408166 53.00721845830896
39627752193655698 -3629.8667482515634 -3131.866710333392 -120.70837749065754
39627770283693644 -4398.459795334179 -3590.593549764739 -70.07628889194388
39627776357040629 -2405.244056042589 -2092.550080977219 -23.427396946061695
39627800478483359 -4579.323049764087 -3680.7939335151627 63.75173522306855
39627800478483167 -3502.88065293609 -2814.7952202528772 43.11860049254958
39627770321437553 -5213.603503921259 -4578.29682707747 -82.45677078406855
39627770296274087 -3354.943608069552 -2803.3807412812853 -49.98396382687773
39627794468045675 -4397.3689904153625 -3760.691328643972 17.551349443280337
39627770283692642 -3122.214187612324 -2545.304650579851 -60.752711285105256
39627776315101929 -4530.517908671855 -3633.632021204605 -39.531439479381554
39627782367480326 -2821.8508796647566 -2313.95535224484 -19.734589566388124
39627776315101634 -4319.659373985536 -3462.738798123332 -38.087174446604024
39627746149663152 -4348.440958353046 -3716.2603078215957 -164.47030275618204
39627788424055289 -3224.420062321732 -2738.572002070335 -5.024325783198735
39627758204098603 -4033.184040612385 -3293.884031534023 -105.31952778378107
39627764264866033 -2918.752755541641 -2485.1030316583556 -70.74260613548373
39627764260672390 -3623.588985261 -3062.0630935111767 -73.13329493054765
39627770271108935 -4208.35324665195 -3337.214413503587 -73.24171059263053
39627770296274283 -4955.170175444577 -4141.785289027481 -81.24767782019475
39627788394693167 -4512.947033181948 -3592.6705047427636 2.117397595509458
39627740101477808 -2608.5149298724264 -2193.1455869164342 -118.29181435132294
39627752193654873 -4423.456989874589 -3811.8927500928366 -161.63490485480395
39627758208290865 -3297.076442122797 -2706.9079720809923 -84.53863351495013
39627770313049614 -4611.269284371555 -3982.1569946549876 -67.71511799290127
39627800486871554 -4067.0951338554555 -3325.5931571382366 42.18378226714881
39627770292079372 -3692.81642324953 -3056.5295304167485 -57.414761139798635
39627800486871182 -3678.239239672164 -3005.6692123536964 37.47161541327928
39627800499455225 -3334.993567945362 -2803.8731890729373 35.39575270062955
39627782388451954 -2990.2457547325725 -2562.2921401301755 -23.343653679273217
39627776319293459 -5315.797856383924 -4279.966715729433 -57.87014444563438
39627782375871255 -4415.179509454164 -3699.617220018253 -16.930519314448453
39627800482677899 -5213.232285594728 -4228.86220178742 58.5492916438108
39627794451270211 -4110.273946114886 -3401.718011334589 12.420327088689335
39627788424054515 -3831.3362749516336 -3250.4439575707916 -7.673326207633585
39627740109867080 -4980.431711480288 -4266.51052652122 -219.08855761365405
39627764269061173 -2905.5604932753017 -2497.982291990651 -73.86705286282549
39627776348657083 -2933.0198400496006 -2525.349146846689 -37.789441389839055
39627746128691845 -2536.548800115011 -2074.151401169162 -103.51281397696108
39627764273254973 -3650.201677329688 -3164.905312970291 -75.3207083587767
39627794459661683 -2381.663642580597 -2014.1591201689032 12.70526039354353
39627764231309146 -3793.0598105756794 -2999.7181316938972 -84.84302991254967
39627794442884203 -3612.3430737879944 -2947.4168830847043 30.44724947515761
39627770308856768 -3466.037731820272 -2970.4163344589465 -62.86016544882604
39627752181078074 -4854.571390372449 -4108.296798429217 -175.10831310817264
39627764248087042 -4657.197022932089 -3820.352057106257 -112.31669776796811
39627770271110288 -5226.8600724460875 -4153.889037500385 -94.97304493783922
39627752168493774 -2241.879387400205 -1844.4650762867395 -70.91178315683115
39627800503653439 -4852.790698829516 -4141.952662066324 64.36581663256085
39627800503653544 -3872.239559376833 -3305.6229368942363 51.08905898463608
39627788436636795 -2954.830334500675 -2572.5832536323464 -3.168982123971937
39627788398893246 -4339.555940805122 -3512.854200509865 5.425445147900903
39627794451268301 -2547.4494422902594 -2102.219943516286 20.455522399891983
39627794451268426 -3355.4160869253838 -2769.498957893976 16.994207222258634
39627812570666102 -5077.673501368411 -4217.434060476108 112.4788213173884
39627788428251536 -4148.853634617763 -3565.0250474798213 -8.214533277437333
39627800507842759 -3873.1119833064386 -3308.8264725633626 51.58782236535382
39627812566470995 -2136.9436316043 -1759.2449813682904 44.62112834236548
39627800486872332 -3798.8126689321207 -3110.415985175624 39.470554278786935
39627746124499324 -5373.838145995715 -4367.641299344438 -221.9133287716732
39627752164296580 -1809.3350953767049 -1469.5559595105738 -62.47531335318243
39627776336070592 -4458.088589330551 -3719.52687845474 -61.30963539614124
39627788436636521 -2735.594949779325 -2380.7213707926785 -3.5435286998217568
39627806518285337 -3106.9066307364055 -2513.442734332805 48.26151323491691
39627776340263464 -4060.4153076844996 -3409.4631081740863 -43.41502578470385
39627770321441512 -2306.9370235826423 -2037.677950979702 -41.68752656884355
39627782359094359 -3846.1001241499334 -3106.398260660943 -18.721853680213282
39627758195707806 -3489.3538002385812 -2795.750138267176 -104.95510516293027
39627770321437523 -2648.526313717476 -2325.6806753886567 -49.714716444531525
39627788419862458 -3818.968758701971 -3222.561596190022 7.295921145707566
39627800512036922 -3174.277863256608 -2735.349934947134 36.95229125094508
39627794463852328 -3063.650228285832 -2601.103290107368 14.706858301710223
39627758220872455 -2376.108197674086 -2001.830654889923 -70.92120499360732
39627758220873107 -3845.5808649163782 -3243.0679763295134 -103.33964279648912
39627770313049334 -4185.866229464186 -3613.152817982204 -83.4931781186135
39627752176880484 -4554.580215580894 -3801.9255830381 -157.9318542766602
39627794463851417 -2601.9397858016036 -2206.0645725695 20.046747263581608
39627764273250350 -3839.741982770946 -3308.598780729036 -80.28087315445454
39627800491067654 -4490.750836217175 -3714.768641054604 49.712931220190065
39627782359090570 -3424.4343052124104 -2753.1664024890447 -21.542629113412474
39627764239698569 -3029.841365418831 -2440.6458020703467 -61.633637462470524
39627776327683011 -4391.673904400477 -3604.2715101947 -61.83108236649963
39627800491069409 -3248.7216672006793 -2695.666162724132 37.54778519154351
39627752193656091 -3515.9954902715144 -3035.2337496591963 -121.06074260996947
39627788407275838 -4233.219720131842 -3460.181597066326 -3.2875384925244235
39627752181073163 -3552.642163139917 -2985.8808231942485 -121.26898902716952
39627764248086499 -3594.6865691541516 -2946.174470022559 -79.16318230960624
39627758233458132 -3915.6622265860415 -3398.354400523184 -108.34749477985254
39627800503650612 -4484.7791471078135 -3810.1812943796613 40.86002890801399
39627746149663933 -2579.541700328359 -2207.350996938655 -110.62230986012247
39627782363288452 -5359.223000178417 -4366.477551825875 -24.342457178418268
39627764248089663 -3585.72981037205 -2953.615218427692 -77.1257885836114
39627800486874675 -4958.493339302974 -4076.34804029177 64.11768120502177
39627806535060430 -2219.2431834511176 -1853.0542577176839 37.82683973153456
39627794447074465 -4434.58117549769 -3630.2193523996248 35.38142657565906
39627752189463728 -2164.2974839685958 -1857.7592624851447 -78.1349914124889
39627764273252281 -4064.5816365821693 -3511.1984395013715 -98.16754061055745
39627770279499603 -3950.74322904714 -3196.435006227991 -77.11597270798994
39627758225069578 -4249.857705156534 -3629.1415636184065 -116.54334491241497
39627764252279815 -3094.4017380180817 -2554.641467092546 -70.98647574411265
39627776327684506 -3992.6567753094632 -3283.5486567120297 -39.46431608655246
39627770304663032 -3524.164475139619 -2997.3396171928857 -59.940099641363446
39627758225068279 -3347.492075517406 -2852.7447462417645 -86.98635181095061
39627782375866883 -1997.3594814568871 -1662.3679574507676 -13.77131797416572
39627788415665727 -2037.2107889324689 -1698.7803600243953 -1.4610817920488066
39627758237648396 -3447.115826958246 -3001.4136714348574 -96.41797183671045
39627758229261589 -4524.462297630504 -3883.2310964843123 -121.96406293097318
39627794463851720 -3113.0550631209176 -2640.5620739582446 23.66821507250132
39627776323490168 -2208.327539225142 -1798.528536508596 -22.72206177554354
39627770308860401 -4249.85104412697 -3660.2177558536127 -73.45211552492064
39627746132887059 -4277.39321747864 -3533.0627682024915 -175.68820205359262
39627788424054439 -2916.9221862354916 -2474.410882396364 1.3958347811828715
39627752193655878 -3764.69236982353 -3248.9739701281787 -131.31842159745023
39627782354897752 -4135.607240192771 -3303.6003647635994 -15.547909664749577
39627758225068661 -3784.47447957409 -3227.0494883830142 -115.49542494331557
39627782392646325 -4127.16271107825 -3568.525093170127 -20.14691046884777
39627770317247573 -2641.37870470317 -2312.207483892787 -51.66646013137473
39627776344457953 -4859.282772349252 -4117.997082155478 -67.42406522265229
39627794447078070 -4827.665073232591 -3975.397947068134 36.986110315569526
39627758199900394 -2955.816476339271 -2380.601125784292 -80.73096736746892
39627758208289239 -1870.4571334089107 -1532.7276213403034 -47.653551785165696
39627788394696704 -3626.4419243953944 -2901.393858432293 2.8577939101010195
39627812570664304 -3061.0305776318855 -2535.810862312324 61.60379185882168
39627770313048618 -1955.4489145421828 -1686.1978429326766 -36.3783409379237
39627794455463594 -4603.5129470590455 -3839.5827219135954 31.82133650065668
39627776348657403 -4809.021530274165 -4142.524835701121 -64.23747927367036
39627782371673465 -2100.7649981184954 -1735.637106539419 -11.891147918896634
39627782384256430 -3994.746902922593 -3386.999151309586 -19.401807018631114
39627776348657478 -3023.1123162556173 -2604.3901721989396 -39.618737274640125
39627758237649224 -3554.8670009161956 -3098.593013085848 -96.57837851143609
39627752176883044 -3756.9649974398844 -3147.2121287357645 -124.09015124960986
39627758220873149 -4640.713824894368 -3913.9574269067575 -142.06843594070085
39627788419863395 -4744.517871329651 -4009.0681375462136 3.631212461362154
39627794442882976 -4091.835544862339 -3332.7033319761717 15.017481416169435
39627764243893121 -4421.225660070216 -3595.176134409995 -109.77875858931921
39627776315100827 -4545.404182914403 -3638.6546898491365 -62.331644239780836
39627776340268804 -4353.254260804009 -3683.9794626258217 -59.772448915138796
39627746141276976 -2691.437118824052 -2266.246091390409 -114.2310206930948
39627764281639258 -3203.412012242109 -2810.4403849185105 -67.71006156952878
39627788411470145 -4557.254675153735 -3758.665929763941 -10.563988974280637
