EDR/create_files/QSO_10_clustering_data.ecsv
# %ECSV 1.0
# ---
# datatype:
# - {name: TARGETID, datatype: int64}
# - {name: X, unit: Mpc, datatype: float64}
# - {name: Y, unit: Mpc, datatype: float64}
# - {name: Z, unit: Mpc, datatype: float64}
# schema: astropy-2.0
TARGETID X Y Z
[from data line 425]
39627866907874616 -3732.611506774045 -2997.0806077146954 268.65662172789615
39627842748683321 -2164.7941834569847 -1721.3461594345981 104.15461798167766
39627854811499183 -2952.709710928057 -2254.5189006379883 181.6375880426177
39627854819889746 -2837.084293173919 -2215.4632503117455 177.9078642711954
39627842723513390 -4019.8084069058195 -3007.5639528268034 197.67404534022194
39627830685860390 -4282.210322917783 -3501.605532065266 171.8411818111485
39627854832472611 -3903.3503117331306 -3129.4708586685233 247.20935981585873
39627848801059958 -4508.295468581831 -3657.7838996050273 265.5801948204472
39627854803109524 -3199.526398638272 -2396.526156131877 193.52295173931034
39627848771699819 -3974.664254380196 -3028.4629913547114 213.32986825176812
39627872943476527 -4637.4545971698235 -3750.0619692846044 367.8375557830012
39627854819885447 -4979.595251936651 -3858.193507687899 291.5373305838104
39627830677475307 -3329.0707440698784 -2689.9431642944505 138.49178845548747
39627854819885161 -4531.84443964048 -3509.320111738151 271.8488050866698
39627848767504823 -2945.0568819123678 -2220.7573206441966 167.0187666771272
39627836708882941 -3777.1101231672314 -2989.6369915666796 178.73503570591717
39627866907874107 -4213.148096641664 -3380.8266677894185 301.0111549314542
39627824629287165 -2887.275318473237 -2284.129309350059 97.0123229050336
39627878962303420 -2560.7095085678966 -2019.4818401814587 213.81129920866772
39627836679523546 -4139.380509504987 -3081.1535515878504 177.0211458911644
39627866882705845 -2924.7478702659587 -2215.2949259473758 215.88365884169775
39627836692103622 -3292.9769541547003 -2506.0867932367883 144.1625671532201
39627818576906427 -5093.885516896424 -3922.9322179205064 134.07860419581033
39627836717269506 -3894.419171552574 -3128.3341164960975 166.61804235968393
39627854815695875 -3273.842529476329 -2531.529399082099 198.58141133412633
39627824616707385 -4845.70228769282 -3751.6382613300298 148.26148459187107
39627818585296935 -3287.7319003186994 -2584.262394837382 88.03140539424598
39627812545499819 -4404.668609012352 -3467.5113277770265 102.00540499901666
39627842740295488 -2264.597671821651 -1769.1477857051304 109.59479269615683
39627830681669398 -3031.5973535863377 -2470.7263175920602 117.42339106545538
39627872943472766 -3791.5947278571693 -3049.380617988493 301.345357559206
39627854815696263 -3359.323554120014 -2599.571456754511 201.21979890594992
39627836683715927 -3252.7039062472195 -2434.578066614542 149.6996633351561
39627872918308419 -2836.2271680846775 -2165.957180699779 224.72831284159327
39627860851295503 -4723.307398197762 -3597.446447321846 314.4389969933191
39627836721466451 -2637.7668118052256 -2148.081113594937 116.82256371866654
39627830648115856 -4051.7591858991473 -3079.521707805803 153.33479911536296
39627842752873497 -3956.127419575012 -3150.966101414043 191.69606666156986
39627872918309653 -2521.2159361343106 -1928.4190741712691 198.83925997033458
39627872935084861 -2464.333190549876 -1948.7702487573974 190.68079716520685
39627872930895591 -4411.327780137562 -3483.874031591067 344.8037764386113
39627854815695829 -2905.305529823023 -2246.4111771311404 175.53442768850744
39627824616705947 -2623.5983375127544 -2026.2906362536112 91.7971645777773
39627860859683422 -4045.1349819541247 -3134.856558915401 277.26738983212556
39627830681669175 -2695.969503245448 -2196.5058287932907 102.0924067233549
39627860876463300 -3923.7861734630314 -3165.357491733177 257.1239482741053
39627854819887290 -3459.718400015128 -2689.2815300191305 202.57834283674666
39627866882704289 -4852.658069038945 -3667.8194365876147 341.0135902517638
39627872943477928 -4851.509610412832 -3931.6666109315506 387.48757987398704
39627848763313703 -3733.207434943625 -2804.884671126722 211.86946584154143
39627854824080654 -2723.715348625471 -2133.1808282772267 169.02999903375414
39627866916258156 -4854.629741057808 -3940.470951287744 364.5471580410914
39627836700493930 -4006.9473630653943 -3112.046823124552 176.99356511282974
39627836700493695 -3552.337848368816 -2758.0032422632426 152.82256437780956
39627824625096147 -2968.03879901461 -2337.413767039877 104.45173466725096
39627818568519912 -4041.6490682110607 -3070.4271711375523 115.29224828652332
39627860884850639 -3598.7509622578214 -2949.718734676483 240.72133856521845
39627848763315101 -3128.8305818293234 -2356.7823010564534 175.64453954547955
39627860851298186 -4277.350366040329 -3269.80477834331 277.54219599614584
39627872918307627 -4262.045201052891 -3250.5916461132542 326.14946986123624
39627848771698841 -4950.240455358444 -3765.191566292529 272.7643981787305
39627854832472509 -3052.576527793215 -2446.897040109816 194.87754693343854
39627830677476387 -4590.953187806993 -3717.3286793401335 189.439048353115
39627854832472790 -4253.444554963177 -3411.287100578276 272.13219993232366
39627848805254551 -4261.668214144465 -3491.178122395951 241.6856179778888
39627872926696394 -2815.071817876569 -2187.034555145939 216.6222137576883
39627854824082385 -3306.5577444330506 -2597.290840455908 209.37796630402906
39627818597876414 -3156.789121739607 -2536.940804571067 94.73355219428922
39627866895291174 -3084.603911878022 -2411.614122822924 217.86520709026897
39627818581103833 -2862.590092010475 -2233.66423318789 77.20165133980949
39627872926700657 -4367.1023448779415 -3415.0816061354035 336.57974731409934
39627836687913440 -4185.847379870555 -3179.672020448367 180.61128568390438
39627830677473799 -4588.901581059188 -3698.9093820530807 169.82606440648843
39627854840860182 -4503.035706253911 -3666.513873119202 271.73831339591726
39627866891095357 -5019.093340631784 -3878.5298018451367 351.59060689615825
39627842769650113 -3568.1437357230516 -2943.695430247686 186.43258228231164
39627866878513741 -2596.5156781143123 -1956.806477772435 189.87508431794936
39627854832471604 -4648.230837000049 -3719.779315802707 297.29114742252887
39627860851296818 -3786.234796904376 -2888.678959051572 254.96454388429248
39627872930890291 -4357.491580230773 -3414.005085029306 328.20339385725515
39627812537107943 -2964.6649442566445 -2280.666500071035 71.41713002922452
39627824620897337 -4852.612688067259 -3764.3119587538185 155.76568345586497
39627824608313749 -2637.82244484122 -1989.504046500925 85.67951634895373
39627854845053464 -3446.7012376057896 -2829.4361294578307 216.29309439014543
39627848767507737 -4183.25535555194 -3171.91920067116 227.80350550561545
39627872930890681 -2873.4726498524064 -2252.677651800356 217.00534767016129
39627836696300028 -2575.0626684170525 -1984.760237479775 112.273809008387
39627860876464575 -3717.97134536244 -3004.4488021209713 243.32824434043678
39627836679525037 -1937.0168517446994 -1446.2087012615416 82.83663978149053
39627866895289721 -4373.76480279406 -3411.269198803306 320.5607117871952
39627854832471861 -4582.097780346598 -3668.667088654353 278.1071131074671
39627830643917904 -2377.1522684970364 -1778.499135560812 84.44243067277358
39627830685859896 -2423.7755397479796 -1980.386105047322 94.66863621179273
39627860880659352 -2961.150071914862 -2415.070631840341 202.913801011437
39627842748679670 -3831.365873247925 -3028.5439264338347 197.4706930301905
39627842752878152 -4792.444587934352 -3845.470819304217 240.12051073828144
39627854798916982 -2816.606326095741 -2097.5513099758405 162.71843563410093
39627842736097529 -3501.236855402048 -2696.9195579591487 178.56535813303142
39627830648111313 -3929.48305228925 -2962.122564867851 152.3415944669168
39627872914116009 -2906.062258658406 -2205.221413139585 225.3545910021332
39627830656500087 -4689.932900966705 -3600.7913172566023 172.24092780870643
39627866912067357 -3761.309104281554 -3042.334523372244 276.8603217002347
39627854815692925 -3786.3206587038035 -2914.2953073788212 236.42289660063028
39627836679524891 -4440.759354087206 -3314.655426557928 195.3659853809533
39627860855494549 -5228.473012837608 -4046.847878417243 356.40981482016844
39627860859684256 -4104.923764128074 -3184.696033419538 264.22711298017265
39627830648115217 -5457.1213930368995 -4143.353640393633 214.33822284182438
39627872926697102 -1846.073155632937 -1435.807653777871 147.6429188363275
39627854824081385 -5029.491943719841 -3944.188846764189 316.39520415999067
39627842736097583 -3500.387249022003 -2696.507504646265 178.66532177503234
39627854845051447 -3415.1675184180485 -2792.7145746668116 206.42617214712394
39627860859684972 -4907.000865999947 -3811.0198072146172 327.66942928565635
39627884989516631 -3156.9873125783633 -2459.3407226513555 274.8928377955429
39627848759120533 -3503.192095435506 -2612.3867139131517 193.06817399252225
39627860876464107 -4765.063160186385 -3848.3018319265725 318.8361867696501
39627872918307913 -3081.1305650302943 -2351.049861259986 236.88367309727
39627872930895569 -4586.365130134538 -3621.968438018499 361.39332542766863
39627824612508592 -2644.0055350032876 -2013.4467719705142 86.43213552817222
39627878949716752 -4833.727476647049 -3686.2190750847903 388.0956822597237
39627824641870626 -3512.727706507861 -2857.4163048512696 111.38032442391699
39627842740293582 -3675.926481406311 -2865.0458363823454 185.18298116469984
39627866882707216 -4261.324481629817 -3234.1843217723954 300.027244050384
39627824612509601 -5219.367446984371 -3981.1846505186754 168.72567811548052
39627854840862090 -3847.1142916975746 -3141.8364644440803 244.58556694992646
39627848788478459 -3565.0832191939276 -2820.291525135638 199.51652112866563
39627848788477307 -2643.137144811273 -2087.6386921521726 147.3731858351339
39627854836666888 -3518.4751925225164 -2844.787710888171 225.2809003448454
39627836700492623 -4079.270031424869 -3161.874399794432 187.2031310511877
39627866886899186 -4143.859637037588 -3163.9450156696603 292.8074184362824
39627854819889333 -3637.521749339861 -2838.4387910053 221.50325652270976
39627854815693774 -3070.9567335425695 -2366.633974324334 185.0307461126971
39627866907874533 -4485.4716886696415 -3601.241138682872 333.2700096568078
39627842757068197 -2238.6586285748062 -1801.104894450314 113.98368332752719
39627836687911762 -3323.4293337316217 -2517.0638850510663 154.0823758721487
39627830656500530 -4086.298681278344 -3139.669390166514 153.67599736128483
39627836708881272 -3683.0814694737574 -2907.061842530589 154.34927665468086
39627842731904789 -4193.02933810526 -3209.7597917289704 202.8196504350624
39627842748680004 -3619.695206042907 -2862.9085496448492 172.6412490692548
39627872943473322 -2742.1202168117297 -2207.2620428169807 208.94770444902187
39627854803112869 -3376.7767374240916 -2544.551672860301 206.94774068330264
39627860863879299 -4113.199374416245 -3225.284124490049 284.3568502924629
39627854815694790 -4141.89078717601 -3196.84731093291 249.0717640276461
39627866912067018 -3891.7008238605167 -3146.3161834562175 293.0413846686114
39627854803111171 -4341.982217319366 -3261.823097020888 268.3125457545671
39627860855489185 -4659.383158875281 -3578.5259418349947 304.766624924927
39627836700492924 -4153.897877252116 -3221.066521614583 190.63859806436983
39627848763310316 -4481.4746158040225 -3347.7918247943708 242.52529738704754
39627830660699028 -3676.7981942839056 -2869.741161996706 135.29302221290467
39627848801060473 -3847.8515637017294 -3124.9829346466827 207.71283367316244
39627854815693111 -4598.7800531781595 -3540.5908333218163 277.2501196960023
39627866886899474 -4252.117336321937 -3248.076497343696 299.03892669145336
39627830664890618 -2877.0324314953305 -2255.2758187515833 104.62242046786987
39627842727711461 -4476.141431813777 -3402.0702621725472 230.9183040199416
39627824625095494 -3321.7650714630404 -2613.4909660580174 112.5713713616926
39627836713075225 -2947.3737143149415 -2346.5631846125452 136.43731686381167
39627818581103111 -4135.330173005912 -3223.4496103280303 117.05756141989866
39627860863879579 -4638.316506803075 -3638.955521295792 318.9498893900146
39627878958105738 -4601.162584678387 -3575.043749561943 383.27957772849265
39627872914114504 -4951.5168655470015 -3749.3297630954385 391.72951886285165
39627824637678235 -3324.1295687309885 -2691.685776630781 107.72254261363987
39627824637677962 -2613.251643593298 -2115.012187580436 87.40138034334316
39627824637677704 -3814.569219369854 -3085.574188390949 126.35074984826223
39627842765458222 -4613.560809058589 -3791.2858308228156 229.4951035336687
39627848788480992 -4974.048172837829 -3951.2686648539693 290.51439905743086
39627878953911818 -3437.9912105231397 -2649.5881362752157 281.40834411965034
39627878949719957 -3884.242712768166 -2977.511159816392 314.1116082053819
39627878958105624 -3375.085962941438 -2621.8874458340347 281.85217015552325
39627854811501855 -2227.362456793106 -1708.1457957797538 137.08485739103438
39627842748678296 -4198.270576947518 -3310.381132030559 211.95656957937243
39627872922502152 -4493.426905488453 -3459.7703031495967 351.93020268036406
39627836700496374 -4039.9737909482415 -3151.1542107564555 187.93166560337275
39627860842908494 -4455.146629379389 -3343.3610467441267 283.89636861278984
39627836683714978 -3567.149284863791 -2665.7034381591625 161.60419909429086
39627860863880045 -4046.3385072846245 -3176.9382693282687 267.02160479522666
39627842744488881 -3636.187243940581 -2863.091385910672 177.86428924252408
39627854811501072 -2173.955346823821 -1665.2047982427737 131.3952463618343
39627872943478175 -4707.259929333488 -3816.2375902758235 368.2943108898528
39627830660696203 -3528.685703182536 -2741.7706910544416 131.77410897705477
39627848805257120 -3579.3684138643166 -2944.767511753981 192.62448088910764
39627830660695588 -3487.7630259149987 -2707.302515293966 129.59746558237202
39627872926697232 -4028.344747689531 -3133.6902681714296 306.68450721923773
39627872909923252 -4244.315322187517 -3197.676540688788 330.51722719464976
39627872914113157 -5471.628411993458 -4135.066494231054 425.9518028586475
39627842740291155 -3454.2777173662885 -2681.273854705447 162.4129806180797
39627824608315583 -5027.3927687082005 -3807.2882359969385 152.40154535259953
39627842757068144 -4317.005850430237 -3472.9366449045356 217.65433347612606
39627848771700555 -2498.8877756900324 -1906.4192943503845 141.74836953584688
39627842765458625 -4653.065275958125 -3826.281498570653 224.5619825228735
39627866895286521 -3758.7700567320057 -2916.7827493347136 275.93475472229005
39627866912063782 -3449.8032881285344 -2774.9983924525895 249.00365044453267
39627830669084917 -3820.266236804526 -3020.709799142432 147.1864579294636
39627854840857171 -3652.5125377628756 -2960.9783403171637 229.85646424608453
39627866903678075 -4553.373571478775 -3611.5153631304947 327.52052509679515
39627842740293530 -4106.809982643806 -3200.6729602011906 194.24134236926056
39627818593684431 -3586.93292464465 -2869.932128639176 100.04028219095851
39627818568518960 -4060.341791531116 -3079.193781471773 112.85711062440164
39627836683718393 -4261.885809821999 -3203.9483473692744 196.27468974184336
39627836708880960 -2549.25730214711 -2011.2245389893105 109.21152625447885
39627866899481564 -3231.4708140752605 -2533.4831972770044 239.86891691575673
39627866907869652 -4338.731506767941 -3459.8733912510647 321.9093966353022
39627878953911524 -2069.132634927988 -1593.851696253688 171.29429220638283
39627878953911608 -4533.395212811871 -3492.5904261175156 375.5133361195732
39627848788477632 -3599.089574889905 -2844.037670679088 198.48606394087525
39627848792670899 -3779.7911216603475 -3009.9381313446415 206.84637497127528
39627866916258726 -2232.1274665661995 -1813.2409102650115 159.55778434425375
39627824629288886 -4849.911672588137 -3849.0727057524928 159.83449940396005
39627854803109141 -4347.465380899115 -3254.089918415961 271.14181697661286
39627872909923910 -2876.677078094328 -2169.5416550805908 214.7180426498713
39627878962303162 -4487.288642045044 -3537.2338536457864 375.98720855513307
39627836708881798 -2138.0857218744586 -1689.0505974035277 96.85972657515354
39627854840857154 -3907.987230030739 -3167.9863315373814 250.8524401032102
