EDR/create_files/QSO_10_clustering_data.ecsv
# %ECSV 1.0
# ---
# datatype:
# - {name: TARGETID, datatype: int64}
# - {name: X, unit: Mpc, datatype: float64}
# - {name: Y, unit: Mpc, datatype: float64}
# - {name: Z, unit: Mpc, datatype: float64}
# schema: astropy-2.0
TARGETID X Y Z
[from data line 1699]
39627824646064297 -4631.428509826725 -3798.3887389878255 152.41689963441885
39627812549694193 -4207.14266688413 -3345.0957118004953 85.8704052257467
39627854849249603 -3894.487245994861 -3234.157776545281 248.99877293640532
39627824646065065 -3126.419109562811 -2567.124180525777 108.10169977778399
39627866920452736 -2204.324995137522 -1806.3499597445157 163.61749053759578
39627866920453223 -4310.001640133146 -3535.1015958299045 322.50417463905137
39627872951864362 -3110.080433218327 -2559.890277626956 238.40558730293196
39627854798914632 -3956.4491504736015 -2933.230876477345 241.86781303318662
39627866920455950 -4793.044053414324 -3948.9362123396972 352.66890354885174
39627878974885499 -4412.370979972419 -3566.9341903159225 382.10073831430844
39627842744485748 -2287.884967686001 -1792.1877290717507 115.93712546723005
39627866920455585 -4232.709254114068 -3485.096141959907 312.6762940685739
39627878941331372 -2970.5809096887756 -2236.7361871987064 238.92790911506825
39627866874318182 -4872.264346798905 -3636.847060802545 336.40062995561857
39627860884852995 -4389.447691248632 -3613.4962593832656 310.1361850274506
39627860884851786 -3626.553841744077 -2978.7540405154446 255.4837030194285
39627848754924884 -4600.480626591565 -3393.151435097945 240.77177153178297
39627848754924846 -2955.120656660489 -2179.448413228911 157.55472890449994
39627830639722842 -2527.385726166436 -1871.044585473589 92.74569015748412
39627866874317394 -2946.4630536512527 -2196.0870975847743 212.94913404416843
39627830639722968 -3383.4826503292556 -2505.332836627886 120.61351179122401
39627812528722881 -2963.0517936604633 -2253.081235141572 61.005928298670035
39627866874319184 -2814.041488915982 -2104.321528705818 206.3512102568356
39627866874319415 -3229.476344529465 -2415.984396299812 236.0057659418486
39627812532916993 -4494.829154756064 -3445.356338193506 99.34812686630003
39627860838712323 -3270.059275852386 -2424.7661395671053 219.60878631070918
39627824604120716 -2896.0820049105855 -2168.120745131512 90.93046334087833
39627812553888555 -4130.571821001084 -3314.4625229282397 91.00725409246778
39627812528722065 -4210.147878577424 -3196.5832207899452 90.05215590448725
39627806501504209 -5184.092311269017 -4021.6146170920088 87.96618663509588
39627860889046295 -4513.831036590614 -3743.9359333303023 300.5764378525215
39627860889044654 -4271.374639535483 -3531.843767582324 283.10994257644353
39627806514088999 -2587.659202931795 -2069.3057286411686 50.362974725689895
39627836729855784 -3697.909448976358 -3068.1281658292496 176.8636092452375
39627872947671890 -4089.8317136821606 -3343.3566990658696 319.8527491922741
39627884997906653 -3993.3276365901165 -3174.0574325732778 353.17253319766286
39627872905726386 -4242.145304401253 -3158.308407129432 319.4881580752078
39627854794722995 -5037.584347429443 -3718.183349299315 306.21454964929507
39627878941330913 -4815.461118908337 -3623.2362545599462 393.3296085569696
39627854794723558 -3805.62940709305 -2811.50756762573 237.0119567417131
39627860834521604 -3707.4848370270906 -2743.128271090667 248.7089611722041
39627860834521381 -4238.161320544151 -3134.520563532868 267.37168654850905
39627842715126712 -3568.2037006170854 -2629.866346077864 178.4389505212032
39627854794722100 -2159.28769926214 -1590.8777341790305 127.15542540435723
39627878941331347 -4289.7637890661135 -3229.913440407871 353.5447873325557
39627866874317881 -4988.484865672298 -3721.5798773489864 350.54192504665275
39627812537107055 -3308.627270509388 -2541.4419139628512 65.09217671133459
39627806505698674 -4009.2744188779157 -3139.119125750513 64.24552651224481
39627806505703143 -4105.008022530983 -3235.759630637531 68.14979952949356
39627866924648579 -4198.002702583646 -3480.398964993939 302.1741186019523
39627866924647934 -4479.529488536999 -3709.920648960609 330.06174154688966
39627836734046593 -2979.5537444074043 -2479.7339873580217 137.99055648328894
39627866924647851 -4661.6262841815 -3860.1920852945764 334.15257342798566
39627860893238712 -4125.968294082143 -3439.3793733139473 272.1122494014498
39627848809450866 -4972.594045761133 -4121.550127215102 293.07094131548337
39627848809452592 -2132.0364077365743 -1772.106264750717 122.40929881355318
39627848809452631 -3448.514371809815 -2866.5457864061386 194.27935091194928
39627848813642367 -3789.711711869612 -3154.7118836219815 216.8618992455826
39627848813643504 -4442.855562747148 -3705.4267865307243 256.56584490610584
39627878970689331 -5178.711093487382 -4138.880295985264 445.2755612691079
39627860889045660 -2386.452312981338 -1977.0793246551693 169.16163446779018
39627878970689710 -4291.417335042002 -3431.509143413703 366.2223529538559
39627878970691142 -3359.429728109111 -2691.6744687280216 286.84738170055704
39627891025122737 -2622.5076108964568 -2069.3689435529104 242.2638067677845
39627885010486455 -4008.366242221447 -3257.1845242408126 350.5735658474414
39627885006297185 -4164.685332306799 -3378.79724495489 366.6769408762899
39627878970691003 -3447.6816533709343 -2761.8437017369283 295.953935016169
39627884997907600 -4651.996137431188 -3703.3982767872308 419.5867360750665
39627884997907556 -3799.621793853759 -3024.5600361253173 338.3017162004063
39627884997906583 -4378.990950170871 -3480.161467450042 403.11470143131794
39627884997906294 -3655.5648048591997 -2903.9303623175692 330.5103572377718
39627885002098319 -4354.35200168262 -3479.086141304377 377.54305260527207
39627878983273378 -3474.2553423585414 -2855.5730439337462 284.9428864401518
39627878979077389 -4731.312650950387 -3847.9631435794754 409.42945889085
39627878979077857 -4218.279959467821 -3433.706956624067 367.5084412999038
39627860889047046 -4054.481900086299 -3367.1990633918444 270.77158393735544
39627878979079780 -4389.206218247279 -3584.445450790466 369.82724091560596
39627878979080745 -3623.378103991312 -2963.5723817084754 296.76925516282375
39627878979078123 -3741.8741575795675 -3047.335041767712 317.76453140096015
