EDR/create_files/QSO_17_clustering_data.ecsv
# %ECSV 1.0
# ---
# datatype:
# - {name: TARGETID, datatype: int64}
# - {name: X, unit: Mpc, datatype: float64}
# - {name: Y, unit: Mpc, datatype: float64}
# - {name: Z, unit: Mpc, datatype: float64}
# schema: astropy-2.0
TARGETID X Y Z
[from data line 1055]
39627806430201680 -4313.297691464368 -2864.9750080946765 68.99543854052403
39627788273060169 -4919.293777183439 -2999.4920150973408 11.139904016184646
39627806426011069 -4498.483404192201 -2975.5179142270576 62.59514253534672
39627800356852145 -3682.764968331593 -2276.8096698739805 42.53218298621555
39627800356850019 -3484.0362184838905 -2145.2569328706622 38.60856379601731
39627800356848116 -3560.927328990756 -2184.21233546748 35.198555800325906
39627770153665475 -3556.6804001777205 -2162.463083398739 -61.15599044920325
39627794312860477 -4092.468801666884 -2506.4263716728974 14.005186821406264
39627770153665258 -2879.1466452337145 -1749.7495414854275 -50.56231901457361
39627758078266229 -4633.914286916568 -2856.5295040613046 -108.01764576611168
39627770153664641 -4154.237021721818 -2521.2842930127504 -55.1795266635759
39627806409230045 -4479.09146422233 -2834.473992859976 74.73151642577606
39627806409230088 -4486.963589969786 -2839.610420468656 74.7738408272564
39627752038469785 -5432.528510825033 -3353.568163009198 -180.6555438563245
39627764130648274 -3429.396377208896 -2180.014665942605 -69.81092484129272
39627770174639611 -5428.228238600343 -3479.942678206311 -71.38601830554086
39627782237454864 -4046.039373906174 -2481.868193777661 -23.28148761668242
39627788319200393 -4268.5313221840925 -2903.522334089865 4.763987553389733
39627770178835710 -4487.829427643648 -2914.357201306234 -61.39631459773159
39627770203997540 -3210.2451953637724 -2190.9401586091426 -50.67806758586107
39627782258427247 -4205.024304575201 -2711.8478671967882 -29.514562451005887
39627782279403495 -3239.392907361039 -2204.9542556863685 -16.522443901186126
39627770178832819 -3733.111334794724 -2411.745582851988 -65.64457114821835
39627788294033197 -3785.0374868869108 -2426.9928638176625 7.201953806180453
39627806413425277 -5128.369140695761 -3279.604737577438 87.72417817206956
39627770178830801 -4878.561600084087 -3140.5706628458356 -81.37620886585523
39627770174640991 -3953.5055262947317 -2540.9537032491153 -51.36763683748795
39627776243796543 -3937.584208440677 -2691.047089575216 -41.28895802905977
39627812461611176 -2510.0400451781798 -1635.9261893526143 54.36184140922832
39627806430203483 -2472.8379219360586 -1647.6292375342061 43.9308512512531
39627800356850828 -4579.952636784929 -2824.5968739120935 45.314946581565444
39627800356850810 -4119.712374618204 -2540.642674104588 41.777444867460005
39627806405036081 -3510.597045037792 -2200.9983325301637 56.29904220262526
39627812461611688 -4607.785897305552 -3005.347099145632 86.68363807331771
39627812453222450 -5176.316073983718 -3309.909647996101 104.81622592615113
39627806430201164 -3312.4207016823043 -2197.953604789477 50.10352558927378
39627806430202211 -3917.076445400998 -2604.4387042581643 57.95259109142777
39627758078267831 -3245.7080618487407 -2007.2844589037838 -82.53231693426717
39627794317053204 -4720.877233246447 -2912.171310842152 14.650686645390765
39627812453223033 -3665.417351261715 -2346.095329975207 74.91207900209442
39627806434395163 -2301.4773665843327 -1540.6054854973763 36.12081431580449
39627794358997669 -2721.270637992647 -1849.5134664780992 11.209090798761835
39627806430201625 -3956.2625687012915 -2627.499600617886 68.1630926001394
39627812453225568 -5460.731909123017 -3510.2494730250805 126.7179929945842
39627770153667245 -3352.5612024973652 -2045.0927783080756 -47.257138425139445
39627812457416110 -3934.035193387755 -2536.7531298834583 84.63155872778583
39627806405038197 -3178.9663764289135 -1999.6663972276492 54.19802553623578
39627800398791144 -4570.125316636367 -3084.995998934353 36.264013072122935
39627806426011187 -3433.7273488490277 -2271.7387340772625 54.056543179828076
39627806426011231 -5211.644178698493 -3448.3486943560183 79.56207942651075
39627806434394705 -3084.0224808139965 -2062.53053889656 50.37694836065149
39627812461609648 -3320.843177502707 -2158.98734692428 67.67655418385512
39627806409228778 -2202.63897444174 -1390.8404371459842 38.67469956625306
39627806409228525 -4509.66630793083 -2846.3583378401763 79.54370469565865
39627733931658872 -4713.562192784921 -2997.460125866395 -217.32567605975743
39627739958874483 -4874.17254222251 -3012.2656387913394 -192.24570326127048
39627739958875072 -3834.7932541201963 -2372.484373592363 -154.84786455885637
39627770149472242 -3005.163008502521 -1812.6276815898939 -40.386752592153485
39627746007057510 -4377.388840210126 -2741.356020891854 -150.39961372259592
39627770199807157 -2074.2920637122966 -1410.8258454708764 -32.13621440521745
39627764130645242 -3997.476701560271 -2527.8922717799182 -72.86988984823
39627764134839775 -4621.232191443143 -2950.9105981629727 -87.34715833729176
39627764155814874 -4734.332764024211 -3189.390724830564 -90.07478146173385
39627746007057089 -4484.987382414644 -2806.476640182074 -154.41143879346086
39627746028030314 -2668.9633237461403 -1756.584989092205 -98.80185884314639
39627800373628989 -3745.466219455286 -2406.72669778252 32.490817345662066
39627746032224534 -3954.164512976534 -2627.9478162328924 -144.43859555550222
39627770195608842 -2826.3119803746936 -1892.422843719301 -49.86953584651421
39627776201852273 -3374.893900349364 -2094.3243744596466 -30.062029740319815
39627770195610997 -4721.810356758317 -3172.631294192219 -72.19629830042042
39627758078267732 -2693.8775571929928 -1665.722434048817 -71.09936093796088
39627758103430148 -4373.557237648697 -2845.3280368314554 -111.01004533101546
39627782262623945 -4781.457684231929 -3127.830517092447 -19.86979252378456
39627776231213284 -4704.861758649556 -3125.442027534023 -56.50830144522857
39627758120209130 -2805.0050684244866 -1901.0304830621353 -71.93650417084466
39627764139038107 -5822.598251818627 -3781.0398030667375 -130.70105403450762
39627746028028916 -4734.802631339075 -3109.2726501458224 -165.53557117728326
39627794342220268 -3927.6363401417434 -2573.9143839549865 10.434244908119217
39627788310807389 -5313.561662625251 -3521.961619172335 6.656032547781893
39627788306615776 -4156.395274360387 -2744.187915497451 -1.0066967650763243
39627770183029944 -4785.833533067055 -3133.7016277271614 -79.14402140916965
39627764151618544 -3942.795627254524 -2622.5204074923254 -74.66662269668974
39627764151617786 -2462.4050466925382 -1635.7790573868956 -46.902819662960376
39627782241648708 -4775.557340180573 -2955.491190089681 -22.562567187677335
39627752072023703 -4756.976661982694 -3168.436988702086 -145.55432643138167
39627752067826836 -2809.6163929217955 -1845.6772961477075 -94.68246110081748
39627752067830060 -4244.673050777764 -2802.3903091722673 -129.9818531046962
39627800365236623 -4704.174319308451 -2941.402939517087 53.36534178563992
39627752063637242 -5558.983932624109 -3644.592249628652 -168.81594977348266
39627764126453272 -5593.321803144512 -3518.4321909930372 -103.19076522940608
39627752067827477 -4214.368267817594 -2771.411075023012 -121.14893190774887
39627800365236680 -3146.7113734511872 -1967.7545167240846 35.266155737141155
39627758078266446 -2868.2962293782425 -1768.819995519558 -80.141014325304
39627782271014869 -3233.2186151687324 -2160.0988263399036 -18.32445374657577
39627770170443604 -4334.652438898706 -2743.5805378463683 -77.29455764487729
39627770170443734 -4474.996791177259 -2833.099958322666 -78.78082527487082
39627794346415123 -4195.983144074343 -2776.2808819160055 32.039838247335524
39627746011253647 -4779.423761250968 -3033.3864555769014 -172.06478931574387
39627739979847197 -4003.535855933129 -2598.795518637761 -166.15021247163574
39627746011251682 -3211.481406824227 -2030.2179975402462 -111.052192177703
39627800369431134 -2902.336742104163 -1833.0547547208648 23.537005441740956
39627800390404450 -3475.445975056709 -2311.3470596502398 36.43130920480833
39627794321246720 -4270.007659116498 -2656.1202808373455 17.069963712689283
39627746023838703 -4771.747752119161 -3122.4691692077886 -169.69635774995808
39627758095045669 -5371.3294700619035 -3452.3469036297315 -125.67537644800574
39627800390404640 -3569.8980810482262 -2375.0248992818692 38.04400079378049
39627764130644458 -4642.683192438533 -2931.507402200184 -93.67274887702796
39627764160007204 -4167.376305716336 -2825.901402257465 -78.78865995055902
39627782250042789 -3567.8934798303576 -2269.811835432562 -18.23641578708059
39627752042661133 -2320.7683416893506 -1439.8083467886986 -74.2260256000978
39627782250038469 -2865.0301863831314 -1810.82057850065 -8.2106820059213
39627758107627387 -4113.055596846435 -2714.9103340752654 -108.60291559055487
39627782241653757 -2580.5576836544 -1610.728666102519 -18.50279636760403
39627752046858833 -4882.190311329219 -3077.3686792493695 -149.41634550365558
39627758120208163 -4184.571247583275 -2831.577791833981 -112.24833521022465
39627758120208211 -4596.95856616137 -3110.944426608702 -123.20079221952733
39627770191413927 -4754.83037765229 -3149.786570955957 -77.77368285214472
39627776227019342 -3767.9570030709842 -2482.2832602334092 -45.368146682241886
39627782266818798 -4109.320825914793 -2717.6925104850498 -11.941463291868502
39627764130647440 -3910.420440575814 -2482.4483471953235 -88.2940773413285
39627752042660605 -3157.0708967053865 -1956.4780755529464 -92.48581031894403
39627788310810403 -4842.393153876448 -3227.130707966669 -4.766966369599212
39627746011253790 -5836.029386038117 -3705.025661618369 -221.49130846958388
39627788319197587 -3437.073158369403 -2326.9624099183593 -5.0834939050004335
39627739979844978 -5117.766874606681 -3310.708501163367 -223.39717836035328
39627776235408420 -3125.571657278383 -2097.9107892916113 -29.076759616959958
39627739979844485 -3789.2768983658357 -2449.0446226688837 -164.35521511358613
39627788294031914 -3727.485437882034 -2384.3677385833503 2.317621413984561
39627776201850903 -4937.699083853953 -3055.555039589787 -49.923196221389304
39627758111822517 -3133.9316156664763 -2091.033546962826 -79.13148225608721
39627776239599919 -3848.8389907911956 -2597.077501414118 -45.88043880615219
39627788289835804 -4133.7483413751015 -2612.2585611908903 5.548998807629496
39627739975651551 -3004.4605653790736 -1930.3147407593758 -121.75668256398802
39627794333829096 -4674.941059227891 -2988.808213049377 14.964897318582008
39627776197661130 -4768.611004655964 -2948.276673730766 -45.90803941822921
39627739992425502 -4323.113796045215 -2866.465522059918 -171.86391459711166
39627782258429190 -4622.204483260702 -2992.4698612473144 -17.29926891211687
39627776193464605 -4636.283853483259 -2824.5942035604107 -49.20623443227215
39627746032225140 -4322.314479726951 -2875.7748750433466 -147.6946409820473
39627770187223105 -2587.4953692119716 -1706.7534895562808 -40.379170392673906
39627764134842815 -4413.280349235047 -2833.1515144193995 -102.10725174191353
39627782262621805 -4811.563786012128 -3134.439170372013 -16.250305058038606
39627794338023064 -2529.831541570572 -1632.712536729083 7.818252760610016
39627752063631545 -3017.8859949787193 -1960.3632128054103 -100.09675687130311
39627776235411559 -3410.1523861125597 -2299.714215595954 -41.92438550291723
39627776222826479 -5160.164540771598 -3376.41168435371 -66.63112641667661
39627782279402288 -2999.295943809517 -2037.899033565661 -9.140248625506526
39627776201853429 -3168.1885022585684 -1970.5427723064665 -29.84285111081203
39627746002865203 -4341.979415914664 -2702.7955729314767 -165.11691265855342
39627794333830058 -3357.0827726360794 -2149.7361030593624 13.74322952400172
39627758116012127 -3848.6582117509925 -2571.8881085095636 -90.97221808923973
39627733940046581 -5512.319878239224 -3566.1153374736255 -245.47164165931028
39627739988231420 -5454.100157328963 -3584.896912259201 -214.1652120863891
39627739984036466 -4011.1598639963545 -2607.1668169065592 -175.10425333946935
39627776201851220 -4961.370944225439 -3072.3868527424916 -49.70486104523705
39627794333831607 -3260.598450755732 -2094.1088483109975 9.818020075481423
39627782258429954 -4299.6617036106345 -2788.187127010072 -17.549245320712963
39627739979846667 -3354.6732471055516 -2175.7087409396117 -147.30679337152253
39627746028030571 -3352.7510255717257 -2207.6541614303655 -131.08578037295752
39627776210243589 -3216.094637721961 -2044.182953647317 -33.60512339447286
39627758120207271 -4208.582079752098 -2843.386489437931 -117.41134381414821
39627776222826504 -3908.291700772521 -2557.4012138836474 -37.32257256175381
39627758120209820 -2146.120772482194 -1456.322881440045 -51.565877200938395
39627739967263425 -4173.895052271926 -2630.8586135808605 -165.78776984119682
39627764134839877 -4292.128019828146 -2741.1704435271263 -81.31188598088507
39627782250037329 -2797.692350630867 -1765.3627409952883 -18.063379201992223
39627770162057671 -3945.343142895353 -2462.23552511313 -51.3144523033493
39627764134842820 -3272.8493217737773 -2101.0528284609363 -62.21221640497466
39627739975650377 -2104.6455796340488 -1349.0022458573014 -83.17979311239802
39627776193466567 -4245.092357672992 -2596.721901733504 -42.0949690399079
39627752046855249 -4429.992584037606 -2774.129347661461 -128.4086018739241
39627764113870953 -4195.2284812932385 -2568.1260555180675 -89.45285699405245
39627794321245305 -4028.109353490104 -2498.6710146847595 25.916511829858408
39627782279398492 -4965.671026596165 -3354.6769933376117 -29.106460472785802
39627758095045571 -3626.1156047464397 -2330.302969337904 -85.4787180362608
39627770157861603 -4431.973425183866 -2729.21671196782 -65.42321806914995
39627788310811359 -4348.455533426297 -2902.4562127837207 -11.248495058194528
39627752067827352 -2820.334505403675 -1854.31902446062 -94.37157678031903
39627788285642644 -3115.522078482752 -1953.054169808708 -6.287253721520688
39627788285642632 -3126.7198031136077 -1960.0347720355296 -6.26069915003033
39627776193464920 -4656.847577548112 -2838.865578816282 -42.50009468421349
39627788310806762 -2319.7948727849566 -1535.8995838121668 5.532024840122673
39627794333829045 -5397.679042038651 -3450.601561018954 14.711781791629665
39627764118062198 -4022.2920951318083 -2471.175739454817 -82.83231322145774
39627788294032658 -5222.998239267535 -3345.5646962549836 11.634321168025846
39627794350609297 -3872.679502834712 -2583.758830766263 12.075857063892203
39627800369434575 -3439.6316603179507 -2186.3758512426016 33.17307659984363
39627746002862579 -4083.7292421803095 -2529.44148699294 -144.4452161599135
39627739967262214 -4000.61112754045 -2515.698095741361 -162.48867075540082
39627739971456547 -5338.184337894755 -3391.406541599918 -217.11691864633485
39627788306613558 -4539.9762452520945 -2985.0729848292763 -8.353634325572719
39627800382014937 -3690.653784359405 -2402.812234082069 28.91538724017321
39627800382014901 -2966.173357149068 -1931.0349709984603 24.058494265929124
39627752046855285 -3765.3316717779176 -2358.0576867626482 -115.34572625731879
39627758095040665 -3717.2985170010875 -2368.64584861793 -88.22470020614196
39627800365239997 -4121.814753118962 -2594.7543918288047 49.86349708541134
39627800386211734 -4311.155391118397 -2846.9049428585845 43.03410337743595
39627746032222756 -4377.29270125874 -2900.1286546621504 -156.75521712172912
39627764134838823 -3531.9746827495333 -2251.9483196595115 -79.53336719482122
39627800386211732 -3012.3655723540546 -1989.2351984169443 31.344448572157695
39627746028029573 -5136.159603946457 -3376.2945936503224 -179.32368380780966
39627758111822074 -4432.54644755322 -2955.469343022773 -107.37736090844564
39627752046855280 -3778.1629824296692 -2366.0766184995446 -113.49484985436747
39627800382014375 -3989.840302533543 -2594.989725696383 32.32024538639057
39627746011252239 -5667.971459678592 -3587.07239789705 -198.71716982853545
39627782254235554 -2394.1946995224143 -1536.1110684519306 -11.510711147381421
39627782266815460 -4693.114558169163 -3083.4321511539033 -28.410544640217232
39627764139034636 -3008.405038264813 -1942.0624964853957 -60.615961237654304
39627764126453680 -4010.9707092771523 -2524.9212070067347 -77.310793757671
39627758095040949 -5461.131352963255 -3481.5175493340544 -129.52371721276418
