EDR/create_files/QSO_8_clustering_data.ecsv
# %ECSV 1.0
# ---
# datatype:
# - {name: TARGETID, datatype: int64}
# - {name: X, unit: Mpc, datatype: float64}
# - {name: Y, unit: Mpc, datatype: float64}
# - {name: Z, unit: Mpc, datatype: float64}
# schema: astropy-2.0
TARGETID X Y Z
[from data line 211]
39627758153765972 -3455.303670899676 -2529.4217817834365 -84.77419271917877
39627788344364963 -4163.893749144106 -2985.551955269627 -1.1136901021032874
39627764201947406 -3167.384803847715 -2344.556644557933 -69.43565681655731
39627800428151970 -4217.203984443783 -3041.528921265645 38.014717617139716
39627788352751080 -3840.29693564767 -2796.195059670478 7.377088458442415
39627788373724094 -2907.2177527248823 -2220.4961688639733 -3.341828281350586
39627776256380210 -3072.318620885612 -2161.2421393177738 -32.1753949175201
39627800436540605 -3571.1874263672466 -2623.3439311450516 38.30969131224905
39627758157958022 -3821.097237107874 -2812.934018875162 -109.12226759184047
39627746074168596 -3001.9997985668065 -2193.2472145864795 -119.47568865988303
39627752113966068 -3988.1261610453003 -2910.839826455099 -133.4028819002831
39627746069973499 -3812.406314569339 -2757.6440553272846 -145.0680295634907
39627758166347447 -3943.5450483412037 -2963.0784085377304 -112.57311510554294
39627764176783784 -3690.260221577813 -2593.7153231173356 -83.88174114564531
39627752109768813 -3054.304081033776 -2199.0756516276497 -95.98940817567998
39627776268961133 -5249.357471611152 -3785.689226613633 -50.98874456475362
39627776281546377 -4612.611504612531 -3435.4285771822097 -62.299466125547454
39627800449127816 -3378.394563009407 -2568.215247757478 35.2497154207968
39627800432348641 -4415.324504912042 -3225.213393913072 57.15671034095954
39627752097189159 -3889.77072659833 -2736.6620679376383 -115.94371438589663
39627758149568424 -3988.7145487750063 -2879.4014365386756 -111.51101273881619
39627776289934317 -4368.242834351508 -3309.3903362020365 -59.328562738656665
39627776294129895 -3060.438852127515 -2344.1531614079236 -31.74798178014006
39627788373723839 -3617.3194038246693 -2761.8974813803607 -4.24881119852182
39627758153761991 -3242.5416080826144 -2360.2710452249216 -86.57153810861809
39627800449127417 -3246.161054941332 -2465.8255102752055 38.529066381948645
39627764201948683 -2992.7594730414366 -2221.0796305608806 -66.13182631396585
39627776256378357 -4421.026774058798 -3101.901100727182 -36.94844165837011
39627782312952648 -2909.2636694250455 -2116.081772551245 -19.697199806308546
39627788356947619 -3019.790547307204 -2228.6306177487213 4.530311958206032
39627746074166568 -4984.673190877264 -3630.1685286345646 -192.61905729019824
39627746090944518 -4509.195438611255 -3409.596183899723 -178.49999704862415
39627782296180281 -2795.956907855601 -1973.8183331228854 -16.802174762430862
39627764201951805 -3170.507682648021 -2366.449537047168 -67.31176048113993
39627776268963593 -2817.3074728615934 -2038.0534338306193 -23.35723888180154
39627794400941606 -3432.472698642072 -2562.113685127333 19.059516875546542
39627770258522936 -3668.3776383110885 -2818.92362146904 -64.39018145176149
39627770220777462 -4002.6571894161452 -2845.09951227813 -68.30828206861426
39627764197757046 -4235.053327313016 -3125.436460432442 -85.43689285414204
39627776294127089 -3695.90337809907 -2817.6672193065906 -44.91716225336406
39627764197758021 -4176.567084157316 -3087.4560347099255 -99.89916442936317
39627776260572663 -2437.809260069061 -1726.6946949105372 -29.89360537957676
39627752105576692 -5321.370237680331 -3809.7947076891965 -170.97173234393458
39627788344367398 -2919.0610040442984 -2099.268628985205 -1.8998873794891078
39627746074166654 -3322.6137340085825 -2420.118293702798 -127.64985352291345
39627752105576212 -3555.0391396267537 -2543.183858410658 -114.29612103891142
39627764189365553 -3326.4379322517584 -2399.1686114875683 -70.15809207303775
39627746069975767 -3370.3262946375116 -2448.312899341097 -131.86207981117477
39627776252187323 -3339.939189226922 -2332.582907593677 -42.886001660805356
39627782308758007 -2710.1703815334936 -1952.1887047342918 -8.352639730047049
39627752109772034 -4120.08382019201 -2983.1174812707936 -124.79261420100858
39627776268961631 -5015.577793640245 -3619.3411899124944 -63.795978381212606
39627752105575866 -3938.6293547640776 -2815.9140279150483 -128.34682242324993
39627764185170144 -3407.524653831301 -2431.0047999270632 -65.82281231515407
39627782296180606 -4549.470795226176 -3213.075838696023 -15.66728725881485
39627800440738916 -2813.80268255834 -2099.502092813182 23.872305208765624
39627752122352863 -3981.7522817626395 -2951.4272203789087 -126.3483171256169
39627758174734858 -2889.5301226254446 -2206.8159057742746 -72.69841678791228
39627758153763883 -3771.564394688392 -2752.9816395815415 -99.48449313491585
39627764176787199 -3395.801083489707 -2398.916404272546 -65.38868257083179
39627746086752500 -3601.1481437496736 -2706.6405612781805 -132.22319784083413
39627752113965781 -3817.697111990035 -2785.3935709763355 -130.5259202833086
39627770216585677 -5344.029623739355 -3775.563741233901 -97.05249120747892
39627740038561993 -3334.054369221631 -2445.3937132813357 -142.8635268821757
39627788369532896 -3679.5085412188496 -2797.6754283716227 -0.6221811905022923
39627764176785078 -2304.534508815428 -1623.0922439074373 -46.70799855168019
39627770216585635 -4389.76337382024 -3101.1614730545934 -74.33355236962295
39627776256380558 -3308.64559532887 -2328.572387850329 -33.36508531265124
39627764180975964 -4357.68933609845 -3081.162376366357 -100.21942880951701
39627770258523021 -3043.2275879794515 -2338.927436475399 -42.78591893413294
39627788352752412 -3845.9532020982224 -2806.234000210362 -3.2886877166299273
39627782333925396 -1872.3520286130388 -1427.874013972186 -6.792335620458073
39627770224973908 -3250.9308575393757 -2338.5383793062733 -49.566159453777
39627770245941393 -3550.0691318045874 -2660.7081091994837 -67.39228286930552
39627740038562849 -4829.867215655446 -3547.619839868366 -202.3058782931834
39627758174732780 -3051.6326149170077 -2322.3531174696004 -77.92512729402294
39627782308762501 -2943.660153982222 -2132.894614986168 -13.401222172246234
39627740038563262 -3641.87866446961 -2676.498861307011 -153.30163145768972
39627770241749725 -3869.001596709242 -2885.4735567062376 -64.07200767826879
39627770241749793 -4806.806475173756 -3585.2880148401982 -80.39375499905258
39627752130745444 -4547.374993633633 -3455.067605541794 -149.98773673622168
39627788352753128 -4167.3088714146315 -3044.2963647412257 -1.7812156209487342
39627752122356274 -3531.331526857497 -2628.415332311289 -119.42870719372547
39627776289932321 -3513.178268035512 -2652.3318551395764 -32.59141405134045
39627764189368420 -4718.310443532133 -3418.711910483828 -91.74393807468347
39627770245940659 -4371.159515173083 -3272.1445994627848 -80.49507881042378
39627764172592277 -3833.8795332727527 -2683.1658997832374 -80.81850341094226
39627782312955047 -1930.4363947529473 -1408.9714849347026 -12.604047190943893
39627746095138967 -2516.3793906229307 -1920.8445748613656 -90.20492175460686
39627746061585808 -4222.11695035406 -3000.6855449280306 -154.53283086925083
39627752122353510 -3107.330057652046 -2305.0196271963096 -107.27095468370273
39627788335977859 -4556.430593594991 -3213.2097326916937 -8.59779779217654
39627782312954295 -3830.9088310381626 -2793.1140534472756 -18.265049561136482
39627758149567063 -3547.2916715460988 -2555.732375015408 -103.7571142195071
39627752130744529 -4668.149874199986 -3541.134623481642 -157.15817991116313
39627770220778416 -3074.986878241786 -2188.6405862542183 -46.92046035864353
39627764201949511 -2140.8108316845996 -1591.2503605154334 -50.89546668863892
39627764185170496 -3329.518155466141 -2376.4897178465385 -67.67616242068277
39627800444928612 -3815.790787513407 -2851.6225764976157 37.64626248754265
39627752105574494 -2937.5978757955804 -2095.5481799074373 -96.32184576923197
39627800444928869 -4472.322177330965 -3343.3629416741724 44.146574994297104
39627800449126863 -3663.6109485725956 -2780.237394340167 46.87886309061557
39627788361143122 -4320.556552516848 -3220.641080170244 -10.185495010544091
39627758136984932 -3072.667254987651 -2155.895971995226 -88.27027338950789
39627764193561879 -2511.884274411041 -1835.2509729712688 -48.57898551241286
39627788348558161 -4155.383237424796 -3002.6492384719954 11.088358714452553
39627764197756572 -4451.6271802298 -3282.469249867487 -108.2145474114265
39627758170539920 -2320.73880882977 -1754.0134727265774 -57.81705294679111
39627764172591836 -3835.069132340553 -2681.8704302463593 -79.35487863726983
39627758157960451 -2576.5640521059313 -1904.2987698645388 -72.27975478190294
39627794379969187 -4648.105902030902 -3302.934458814517 34.63583259351834
39627752122352421 -4650.516731965064 -3445.0988723839682 -148.2309962803582
39627740034372985 -3927.454398820963 -2879.38229234239 -172.51729982535352
39627776260576234 -2701.3443970327926 -1923.6691218000565 -33.023761368881225
39627800436541401 -4140.549067298124 -3045.5494484824458 54.28857459913458
39627806476342226 -3731.430967958814 -2757.691858895226 52.52852970888711
39627788352753127 -3131.445491187252 -2287.578695376566 -5.80694118314813
39627806476341217 -4988.555897924639 -3681.251532796616 89.08186029878405
39627806476341045 -4991.256140603439 -3682.188913207307 89.1356071805169
39627770220774026 -5440.581142267843 -3848.2790715997876 -74.18010899054772
39627800453317910 -2885.6009846345955 -2198.3922365326353 32.435549712088424
39627770233361203 -4779.301707261723 -3498.842510042424 -77.69850455182768
39627752130742749 -4442.1674782963855 -3359.919287223631 -157.57973330960527
39627764189366229 -3458.099232895572 -2496.541274253822 -71.88954321108679
39627800444930569 -3267.6576923888606 -2448.4748545230177 43.00632358911216
39627794388358988 -4419.3108918762255 -3204.9638481423785 16.55211267010138
39627776268963747 -2789.453052336735 -2018.2609801704334 -34.17208805958921
39627806476338261 -5156.990132011239 -3788.31110276118 81.13772496616618
39627776285740167 -5084.1422621597485 -3816.1390935155587 -67.78838957934552
39627806480537250 -2566.7118145884174 -1913.4021836570325 35.510869578408396
39627788369532274 -4639.942972628306 -3524.2411877128447 -12.088450836196923
39627788369532402 -4138.465004506648 -3144.0572474914566 -8.000420072725188
39627800428153593 -2188.768006775976 -1583.0828218831648 23.10007928059114
39627800428153302 -3242.303406133281 -2343.8928664488344 34.66534699372672
39627752130743927 -3387.537524566288 -2567.033956260022 -108.18844912937703
39627752126548727 -5423.581239160934 -4065.622127825043 -179.94583793963812
39627788352752820 -4368.822681060188 -3189.704147904559 -6.928368904335482
39627794392547775 -2893.0712455350395 -2103.028600290062 8.061177727823042
39627782325539851 -2414.8011192584427 -1816.5704213456975 -18.66361506035325
39627800423960461 -5030.764084282969 -3608.4997566656575 62.54026794965937
39627770241749153 -4305.336523380931 -3207.736513712481 -58.67405494624076
39627788369527976 -3226.0180098471715 -2434.9679146081176 -3.6647938142663095
39627764197757081 -4055.8075228165644 -2993.3170797300127 -78.113179724601
39627764193562515 -2484.2662574565616 -1816.8307345706212 -54.27058021965882
39627794400937037 -3103.511960931348 -2300.434663170171 12.386011392115932
39627770216580664 -4752.883473742923 -3335.71268491003 -86.78260242894723
39627758145376834 -5112.109284875991 -3675.565757379378 -133.82797351302366
39627770216580642 -2693.496329335755 -1890.3086700487413 -49.74833891411976
39627770224972409 -4775.424421680571 -3427.8140717316805 -75.32737728998333
39627782291984500 -4841.926216637796 -3379.320631418453 -37.48219798563354
39627758153764699 -3449.72013930811 -2520.82260040166 -101.33715510217176
39627794384163553 -4010.5710451542445 -2877.0754306800445 30.836448866244872
39627776260575656 -1904.9460325481725 -1355.4146305348986 -23.956250156154873
39627806472145067 -3465.3656313884007 -2526.288574318456 65.03118544577822
39627776277350034 -2124.816124999229 -1562.3863393142171 -27.311960667298003
39627800449127666 -5169.4574215703215 -3928.636189384173 66.27770294269979
39627788335978075 -3200.7880659059488 -2257.9809520325166 -3.4422917075096575
39627764193561583 -4511.325358878447 -3294.6605750060467 -85.91483136083464
39627764189368604 -2616.1486426798065 -1896.0428304309055 -56.385542449984115
39627776268964936 -4398.647097784931 -3187.764093466244 -51.670005740508415
39627806467953175 -3726.6615934720685 -2702.671745020514 65.88529563630004
39627794405135888 -3671.683263772637 -2764.3695130098367 14.3659465652261
39627794409329022 -3977.0604355379937 -3016.541486185681 29.368383333236718
39627776256383014 -2679.847180801811 -1892.5429405659127 -22.280820557364432
39627776260571236 -3263.535413967742 -2306.6509045506455 -29.34048328194551
39627788348561056 -3747.7213423240282 -2719.680860154174 7.1034862087807245
39627770216580493 -4025.309253378674 -2824.3545421023223 -65.61679919832412
39627770229162340 -2805.0033486134375 -2020.1220295006008 -50.70572521693666
39627770224968318 -3885.039636371944 -2773.394739280681 -53.961890828948995
39627800419764866 -4303.795970444009 -3052.5333513666505 40.39956815687696
39627764210340251 -3101.0129014075383 -2351.575097081733 -71.28076568924527
39627764180976564 -3538.7859987462302 -2504.534523754707 -66.65025774498743
39627770229162703 -4395.643213968034 -3167.3872145644045 -81.29421931132421
39627764193561389 -3744.1925982612634 -2733.5901290463316 -89.45259822255103
39627800440736890 -2408.3835971273115 -1791.5782413648105 21.62048035522239
39627752126545977 -2670.7990426065967 -1994.4060503704443 -86.74779557518386
39627752126549656 -1965.4802927455273 -1475.4428625964301 -62.34008734928661
39627800444931450 -2825.4643768735477 -2119.8473026438737 28.75499314577702
39627764206144246 -4568.76773873113 -3427.7289474786626 -90.32453036171042
39627788369530330 -1959.3543178444406 -1483.800889415265 3.1161932811205055
39627746069973466 -4046.7817810561273 -2927.0533731812525 -144.8049239118505
39627794400941517 -3990.323112219997 -2978.1539222957445 11.745520271650895
39627794405133883 -3775.0062666726703 -2833.747239274387 30.045297125921515
39627758157960976 -2970.1593921315207 -2197.1427656449123 -79.7614321175742
39627770254329523 -4680.671516225379 -3568.1427269507853 -74.91216130867666
39627794388355807 -4436.05939397082 -3204.163363154815 29.38168897146445
39627770254329270 -2301.340084196048 -1753.6040623401375 -37.27249230985542
39627794405134770 -3866.3973742575904 -2906.015973493852 29.44922170916682
39627752122354229 -3445.118356950859 -2557.8984908672223 -114.82541087947091
39627794388354269 -3992.073333759626 -2878.2049714329487 31.495196976921903
39627758162150254 -4886.065891514353 -3621.128340275443 -145.3176027730028
39627788373723417 -3936.5433156753174 -3003.980384002976 3.3496078247739094
39627776256377955 -5468.065012106734 -3834.18966285347 -69.35814527422914
39627758149568809 -3110.478401829687 -2246.716016490812 -78.13032900029627
39627794400937164 -3402.852204816821 -2522.826125040813 9.882767740036998
39627746095138910 -4510.397721510549 -3442.5721391879883 -168.71866783017427
39627764218729730 -3779.8695993626975 -2924.054612482048 -86.78118599865158
39627788348561212 -3648.21885065346 -2648.038205756756 6.968495223472509
39627788352750571 -4567.33553934458 -3322.9886031884052 7.383755273875083
39627764206142770 -2480.783322291222 -1856.680079653253 -47.678931842139285
39627794384164106 -3514.990347757678 -2523.5036739721527 17.69072256434796
39627752105576865 -4327.734985997635 -3099.4076857982504 -145.45703183656832
39627782312953220 -4038.591063147849 -2939.932091170164 -32.30718244360702
39627764197754426 -2823.9062766126585 -2075.1958941984994 -64.19450907949987
39627770250136696 -4689.840505062149 -3551.689918723014 -89.4173684188677
39627776273158333 -3976.6486561681436 -2909.686512325447 -40.794441878897
39627758174735976 -4287.677700893638 -3280.513066021529 -126.47647308385451
39627770245939890 -3198.828713387207 -2391.5655218114252 -52.176612027179836
39627770262716993 -3318.962063038679 -2572.0648852970767 -54.56399189231811
39627764214532097 -3547.2030497967226 -2705.666835567431 -76.44254127653329
