EDR/create_files/QSO_14_clustering_data.ecsv
# %ECSV 1.0
# ---
# datatype:
# - {name: TARGETID, datatype: int64}
# - {name: X, unit: Mpc, datatype: float64}
# - {name: Y, unit: Mpc, datatype: float64}
# - {name: Z, unit: Mpc, datatype: float64}
# schema: astropy-2.0
TARGETID X Y Z
39632981823849804 -1236.058470727407 -3602.1871563170475 2669.0660505038254
39632946767858101 -1296.366599538997 -3875.614265873964 2683.112827138199
39632946793022057 -1277.888297932136 -4223.765493958868 2906.950953547629
39632961888325146 -1123.026212141918 -3487.9816978039735 2480.613837343567
39632966900519314 -1417.8634439429486 -4450.467902619139 3176.2163989574988
39632966887936415 -1398.45037161463 -4164.892891520496 3003.6556558535763
39632981836433119 -1046.454779218277 -3220.7927728629306 2374.4757123858913
39632951817801908 -1573.137431527681 -4683.8039282992695 3276.0040408606956
39632981823851325 -1302.1256297509833 -3818.3334522839145 2823.5939697613007
39632966908903811 -1044.2454450457963 -3349.3615667252398 2377.7546878471844
39632961884128008 -1446.2725096664194 -4371.069660089965 3108.019362448308
39632996646522693 -1605.5944565829564 -5165.057857098275 3901.1564446704047
39632986781516379 -646.9207400395841 -1973.9822883744687 1470.7153907681052
39632996646523610 -1244.4302299492467 -4017.225631765112 3038.221888970263
39632951834579193 -1197.0989361682732 -3829.2687328604466 2668.016911816504
39632951834577487 -1352.192865534373 -4294.8037767585465 2976.1457480166064
39632976878765684 -611.2918676350031 -1920.4217714309748 1397.6856112841456
39632996642328026 -1455.7178338767753 -4587.538111598416 3461.0968702048463
39632966887934222 -1717.1598802280212 -5072.510845307017 3645.2298587602068
39632966917295416 -1142.9945208424024 -3847.190063208433 2729.0621591866757
39632996642327117 -1194.7807346898296 -3753.584492213646 2825.5362958763926
39632976874572150 -712.7367399551499 -2207.2379894992946 1611.4755834627272
39632951838769802 -1191.5858375837292 -3825.4311575131774 2654.850908417589
39632996642325902 -1333.0718847005367 -4170.150939263138 3139.4120839427524
39632956871935751 -970.4791920183649 -3062.2962956743954 2151.4644128411314
39632976861990299 -1386.017933117673 -4084.395611915968 2995.5345754597693
39632966896324908 -1435.1797953243395 -4426.471086828981 3175.3607154227325
39632961888322340 -1399.946932727158 -4304.13967300016 3066.2020147115286
39632971908514638 -1592.4241352359961 -5192.984187085511 3727.328254324895
39632961892518397 -1244.942975333923 -3919.2882926501834 2765.1626508584764
39632961896711240 -1443.1970344586937 -4606.85148089134 3270.771648304354
39632961896713825 -957.3692258048627 -3083.4795360924522 2175.5554163829215
39632961896714497 -1028.91523752041 -3321.2805792350805 2336.1184098161766
39632961905102659 -1218.1537421748167 -4081.741050115131 2871.703737546683
39632971879156865 -1810.7083630816105 -5258.316362726906 3821.8362336035293
39632961913490739 -1135.3185421491935 -3942.6048641132656 2765.771454891855
39632966887933242 -963.3762345439795 -2836.4618039948837 2043.4164144789243
39632961884128634 -1005.0270525348371 -3045.1620311467764 2163.049794783819
39632961875741311 -994.2448076960625 -2922.741954665697 2080.5203212890133
39632986798293577 -876.7758534725442 -2880.3501529552263 2131.4288834297554
39632986798294956 -1636.2269687051355 -5405.551669653995 4001.3103265914224
39632991730799105 -757.7313947859152 -2498.749768171242 1869.6760109897743
39632991730796500 -731.6412797832257 -2390.163602406774 1780.7370582743692
39632966913098525 -1340.9535507725182 -4389.835121790887 3112.4958700479
39632956871935123 -1521.306063267893 -4789.332245865746 3345.0596032929216
39632951834577483 -1188.6187717047071 -3775.172423935558 2626.5877481570883
39632956871937170 -965.2811555492148 -3061.734772160959 2153.2580186511896
39632956880322774 -925.4922507754026 -3009.779272045009 2105.140761373308
39632956880324152 -1212.3024067879703 -3961.034106263527 2768.314803374036
39632956863547392 -1332.6047369696175 -4062.261729982589 2863.0296239141444
39632951834577323 -1577.0184756601354 -5005.508428677241 3485.342297487952
39632966887934257 -1405.4325537844798 -4152.214895607955 2991.8011321161825
39632951830384857 -1276.9550953588223 -4005.7247409942033 2782.4924275793765
39632951826189854 -1684.7115229501321 -5185.346954507051 3609.864839437861
39632951830383571 -1474.17934573771 -4600.4167241210735 3204.830401331426
39632946784636584 -856.2299771031676 -2763.2425970270733 1900.4129267114847
39632996646520756 -1305.0670470964644 -4167.365762872718 3132.145271708842
39632946780440666 -1123.2191232358427 -3539.2501244946066 2439.6400596030667
39632946780441627 -1369.620334552069 -4331.597526628434 2986.663687066181
39632946784633655 -1358.992233844666 -4334.109601515718 2982.7033034405845
39632951830385440 -983.1326523295805 -3091.1313487985926 2153.5173766161242
39632946780442524 -1364.9609414787287 -4333.855884779715 2973.152372732147
39632951834575273 -1122.5379432072027 -3535.104011582292 2465.142850936762
39632946784634027 -747.2656567441675 -2387.1363499686854 1634.740261412339
39632951834577197 -1443.1155254121286 -4578.384223489482 3175.006685414441
39632951834575835 -1156.5324986700414 -3649.1577386738545 2526.570138884522
39632961896714993 -1630.651687407993 -5271.8892854843925 3715.3807425223044
39632951834577069 -1082.6872264506349 -3432.7795629305374 2384.478058204547
39632976870378176 -1642.9770090189504 -5006.447694998493 3651.0536832369935
39632941717916396 -1554.5621774284014 -4924.462671892342 3355.5785160058535
39632966904712739 -1520.9845744387655 -4848.160453647124 3449.9001924498216
39632956850965086 -1219.4529493091613 -3533.5341343199 2507.168705403171
39632976870377525 -1214.5348534040986 -3690.243751123441 2691.4088103537033
39632961892518073 -1209.0707404734385 -3801.9384132656346 2680.3286637090077
39632956880326330 -1002.8909556438342 -3303.185315168849 2307.5206756632156
39632966925684412 -1542.0963476150655 -5421.112140711939 3846.5806852123483
39632956871934251 -1443.1364624800112 -4527.297570392276 3174.563215278411
39632981823852536 -1144.9012941916883 -3372.1334214638487 2483.3656823993706
39632986802487555 -1013.955756558296 -3391.984630538486 2507.704242255556
39632966925683987 -1222.3600853755802 -4290.004310106165 3043.308322318664
39632966925683030 -1053.645778828083 -3681.933007106702 2605.097799661998
39632946776244876 -1211.0890804167639 -3723.030530654008 2569.132701739201
39632981849016263 -1135.9312616265945 -3699.2089953622135 2716.792942023569
39632996659104325 -1243.0036154576294 -4217.427744378318 3154.978698145821
39632971916906340 -926.8397756803322 -3176.1448902464813 2275.2236571882117
39632951847160785 -883.9442184108709 -2974.696766864196 2055.7544326565767
39632951847160987 -1559.0979874525422 -5250.9956740679645 3628.2598497748363
39632996642327344 -1401.4370800125926 -4406.457368414666 3329.4909885722677
39632971887543285 -951.2639946346636 -2835.6168008273416 2047.2235241822352
39632951834577089 -1417.6912870119927 -4495.27178846076 3125.292703438816
39632966892127829 -1538.8261313000228 -4617.761380993781 3309.858817189984
39632946784636520 -1362.5680808401744 -4396.304251141953 3008.678573266345
39632951826187758 -1612.1302864164054 -4921.659126165352 3430.404912794158
39632956871935198 -1473.4237975952492 -4639.920411148022 3243.485744273146
39632996646520653 -1561.0288655151958 -4982.928232764142 3759.7919362358066
39632991734991555 -1347.6774188010997 -4498.399979820107 3340.5950208555914
39632941722108808 -1067.991576533572 -3419.119616720542 2335.9302092037096
39632946767857686 -1574.759877731001 -4699.951400053323 3254.504453374455
39632951830384016 -1091.2580411032502 -3412.0830001892446 2361.09262387905
39632951847161289 -828.1162879936174 -2792.346046498656 1933.0196833999983
39632981832237139 -846.2677668290945 -2540.6510146261644 1881.8893321368869
39632981861600495 -1084.0927841786367 -3754.7712446563837 2738.8072811977886
39632966913099168 -982.3416483425192 -3223.8788803009106 2293.7620926638706
39632961875742631 -963.4010778407492 -2844.9073722850408 2019.1862930354566
39632981840627520 -671.3060699066684 -2103.6035213437617 1539.3351391673793
39632966883738093 -1238.3978563260912 -3573.2191774717944 2569.759066938503
39632966883738477 -1875.3779886148313 -5420.149056833362 3896.0741008333525
39632946776244677 -1215.8457934364178 -3734.5823249414293 2574.6961325475336
39632941722109241 -1273.2072850128661 -4082.722077657711 2786.304964122554
39632991726600807 -1190.2470145266932 -3794.5385747072783 2845.511415441887
39632981823852404 -1342.5620338158335 -3952.546162329143 2921.005500048095
39632956850965758 -1383.8799664155517 -4018.766320299525 2848.451415168835
39632986794102576 -1050.3292259148236 -3434.9310390115243 2546.879960908437
39632966883737744 -1240.3959443434635 -3574.0742797416883 2573.369968513046
39632956855159611 -1131.2067795511875 -3338.4557346528577 2361.3437506191635
39632986789905834 -691.2761805947052 -2194.8348567223547 1631.3313366932746
39632971916904282 -1086.5654538017966 -3694.2331615474623 2653.7047783841795
39632966883738090 -1641.8773263890741 -4737.346595635428 3409.812365290617
39632976874570504 -1298.6461401892489 -3994.0009934164127 2919.94109047535
39632966896320936 -1368.2350238858921 -4158.148579094489 2982.4264068732377
39632946780439006 -1238.1071887461087 -3873.3303038932936 2669.3753873309015
39632981844824140 -1320.8433603060641 -4256.163795951432 3134.223824388216
39632951834576995 -1374.7883227007737 -4357.572049709111 3033.9863183036637
39632966887934180 -1348.761420326198 -3983.708902253141 2868.5071233138565
39632986802487451 -918.8408830377372 -3072.765100166609 2274.656732783572
39632991705632317 -1255.6607269367103 -3697.383779271118 2786.732026258614
39632976899737384 -1407.685344793553 -4865.275525779211 3499.4088504157553
39632951821996020 -804.8775151173089 -2440.4336123524354 1696.0296865481578
39632991730796265 -1125.3107122350727 -3673.0141494586915 2732.9893024192043
39632966921487276 -1583.895094421233 -5389.902410449621 3809.87667829905
39632966913098922 -1194.7675209088354 -3917.181456918585 2790.315911046179
39632951821993668 -1422.8821093006095 -4272.72979910928 2967.9888396648084
39632976861988952 -1322.5284382845139 -3877.1180213707557 2836.1289049821266
39632986802487957 -1027.518861365672 -3442.588363720861 2540.237690016547
39632986794100675 -1608.5773565874786 -5219.134789234805 3849.597808713422
39632951851352589 -656.9668987118782 -2230.7709518961196 1540.161214611834
39632976861988157 -1100.1074917554504 -3215.1533128181313 2358.31372043281
39632951851352665 -990.6653001145319 -3365.0214446491054 2323.186578324535
39632951847162317 -620.3654756982654 -2100.966187624336 1451.2770869756216
39632986789905057 -1626.3201652498053 -5147.6705636979095 3807.089310061675
39632956892905862 -1141.171682041193 -3934.328932549567 2742.493337882957
39632976895541377 -1246.3381307181235 -4197.351013952841 3037.8536123150834
39632951847162377 -1326.7785030555258 -4494.433917513018 3106.2765889998423
39632951847159493 -1127.6881077563967 -3775.7066478046554 2604.4374266864234
39632951847159268 -1261.2012598839601 -4218.77587985646 2908.0343552618174
39632956884518240 -1083.9373071078014 -3608.4340886947625 2517.95630216392
39632961917683795 -1350.6290304891836 -4766.224620391393 3348.630234035595
39632966887935456 -1082.1214562045036 -3211.7403533055653 2303.458660140765
39632991734988835 -731.9211030746577 -2418.6529717997414 1799.2498715384957
39632976895546097 -1218.7926429603103 -4176.552591354309 3019.2528782854847
39632981836434215 -1226.2406258806527 -3791.7908506827503 2795.414320660654
39632946784634893 -1248.7100959664983 -4002.3385392308687 2758.386571308271
39632961879935942 -801.0780854906415 -2402.3297600384863 1707.879211732007
39632951826188105 -1013.0712225811642 -3097.045257472505 2158.616351624516
39632971891740703 -1283.609721844906 -3940.9653416090146 2846.1602331020836
39632991739185731 -1179.858766490322 -4012.4526097478774 2984.099737054271
39632966887935110 -1340.9123883488148 -3974.5024151369935 2848.9570883478846
39632966921487106 -1288.2240288238497 -4380.9842597457 3120.4779179639695
39632961900906924 -913.761770584199 -2982.3202393545457 2096.857867817348
39632991739183441 -1165.8499809909897 -3932.5816529837675 2927.281625705633
39632966896325111 -1181.537591949585 -3647.0366212845324 2615.38948821254
39632956876129583 -1188.0322818700504 -3808.266511346665 2661.6762453217434
39632976895544171 -958.5067461714266 -3261.163700699844 2354.9693287791597
39632961879933722 -1140.9954610456687 -3389.224999505626 2420.2912685320016
39632976899735695 -1078.2172079607758 -3702.793269464857 2677.0984123016174
39632966921489226 -932.8132740274183 -3200.8141529820355 2267.5303142004914
39632966925684621 -1160.3092348619969 -4082.501425831239 2893.619895041782
39632961879933828 -1295.243773191242 -3848.8534555884517 2749.0944973196238
39632961913489935 -1423.341002257275 -4926.109384931445 3459.0379003537782
39632971883352328 -1610.3237632405007 -4772.412928895413 3459.119528284571
39632951821996079 -1319.283234691628 -4000.9341758512855 2789.3116639366967
39632961879933801 -1300.4344646387476 -3863.9443282218544 2757.465993035324
39632991714021136 -1261.0247609417274 -3854.8581534463756 2885.994752225786
39632966900517164 -948.6665181793618 -2954.8597418039826 2116.221635965726
39632991705632746 -1286.290555170686 -3793.0448539414524 2851.4158599269745
39632966892128472 -1079.156703619298 -3247.0760882975983 2330.084666928566
39632961871545654 -1181.4696930068474 -3399.664398855022 2422.561639494951
39632951826187832 -1056.57830794865 -3226.4055245649624 2248.3413875092747
39632976887157524 -685.1848057937384 -2262.529804001388 1642.3877420926322
39632966921486442 -1536.5862419946889 -5211.142967999636 3690.6344899222377
39632946793023894 -892.8311120286538 -2971.148694220533 2043.4532451388334
39632946793023746 -1304.2435965683226 -4337.820784808423 2983.065834973604
39632976874571579 -1453.2746811982909 -4489.322020716256 3278.308074386399
39632991714021847 -1247.3380122013327 -3823.0203735342484 2877.079087872415
39632946784637070 -1226.598678367002 -3966.2351254852956 2726.1586512916806
39632966887936117 -798.8865928967555 -2376.710778822778 1701.3551396839862
39632966917294511 -947.4691265660471 -3178.107882030719 2255.9025651043717
39632961892518530 -1376.121234205738 -4334.495122135386 3081.3035382894927
39632951838771834 -1428.3938320974692 -4624.349396007853 3200.9678600638244
39632986789907582 -983.5242878255615 -3144.6632969642824 2338.669061519295
39632956884517417 -1478.0862307927516 -4904.346150870089 3416.5243393455607
39632971883352635 -1570.6772114362786 -4660.709263725114 3392.8325231373683
39632946780441355 -1266.6136677046882 -4001.8386546546317 2746.4221318301566
39632961892516674 -998.3473774886315 -3124.969538688289 2214.6436289948238
39632961875742653 -890.8316103350535 -2630.8718013564744 1865.4566974744312
39632946780440817 -1375.2713648216634 -4336.095373016529 2977.242578663877
39632986794098917 -1191.3145798353762 -3835.907685159387 2846.4376773881086
39632976861991278 -1737.8872308316759 -5139.412894453177 3773.2501730246227
39632986794102078 -1076.7376010482474 -3514.7514518605553 2598.330226373317
39632991709827979 -1291.3416038720738 -3887.394775327656 2919.4039626607223
39632986777321554 -703.3727220786624 -2103.884381161687 1570.7783385468265
39632986773131770 -1210.508980444153 -3619.2232174845153 2702.5830731662504
39632951842967346 -1163.5283699244408 -3853.0397711672604 2654.2252658087095
39632976861990987 -1153.569422968502 -3408.2411974266206 2499.5423776433777
39632951826189473 -1191.2748079016128 -3660.827788604238 2555.2696920086237
39632956880325086 -554.5709674522958 -1817.861690340868 1268.425018966359
39632991718215374 -1518.401686625478 -4722.8042517017575 3544.7499804197755
39632986794100749 -1184.8859099556296 -3845.5856359307386 2850.093471872082
39632966913098278 -1155.865637218647 -3779.690054080355 2684.1017102057494
39632981853210427 -951.9345683383615 -3156.8739766838985 2312.999509386279
39632956884517702 -933.612814246716 -3101.342541686599 2160.5164208098304
