EDR/create_files/QSO_17_clustering_data.ecsv
# %ECSV 1.0
# ---
# datatype:
# - {name: TARGETID, datatype: int64}
# - {name: X, unit: Mpc, datatype: float64}
# - {name: Y, unit: Mpc, datatype: float64}
# - {name: Z, unit: Mpc, datatype: float64}
# schema: astropy-2.0
TARGETID X Y Z
[from data line 211]
39627800373625830 -3963.4132611940768 -2530.6000428672237 36.710651824381294
39627782237455505 -3166.5361366141674 -1945.0396056840634 -9.660744103943738
39627782237455648 -2027.9578452545832 -1246.0305806166155 -7.2248944853198855
39627794333830620 -4134.773633997203 -2650.374471067649 24.853671882006296
39627788289839989 -2633.2167512313813 -1675.740248359083 -4.207563032127915
39627758099236143 -3000.971179212361 -1934.2478979226241 -84.82118788628394
39627758095045317 -3930.725923284679 -2525.106069296865 -105.79880484812438
39627770191416832 -4002.9314755421747 -2663.807359243593 -54.12942770941042
39627752067829112 -3358.90681177996 -2214.3885137834054 -110.33837508424918
39627794325441189 -4530.738370640687 -2845.62019113331 32.76886477358801
39627764143232085 -4679.388861739888 -3064.1970839737864 -107.42403761244663
39627758090846671 -4430.508625156696 -2797.9555519338696 -105.97979337382192
39627764139035796 -4838.485094353286 -3129.7453043633236 -105.66200503357116
39627794338023883 -3097.2043297557507 -2002.0390705611487 17.257894233127747
39627739979842165 -3888.4220870861122 -2503.4362612117075 -157.08105383536207
39627764143229977 -3480.9220653643 -2271.4788296773804 -70.58960657093886
39627788298227979 -4336.050394170979 -2813.1928088279506 -1.3512970773894595
39627764143231772 -5243.9017831754 -3432.0806196993562 -122.01455377716039
39627788306616097 -4094.114650434886 -2704.3979840524867 10.486062641860034
39627764143230221 -3601.5053005806935 -2351.162457277817 -73.50063407708413
39627794321248074 -4640.144826293799 -2893.6012568568513 18.565187759550177
39627794346413219 -3796.9166153911074 -2503.4704861434375 17.28278666084821
39627758111818286 -3268.6822106171435 -2165.2096518158264 -92.35415828376922
39627800390405476 -4888.5617325739995 -3257.106165218314 57.09877280527091
39627776201851205 -4480.0562102463455 -2774.2569663895247 -37.289958416692
39627758099240283 -3855.304150676688 -2501.08180256726 -103.92009034808359
39627758099239242 -2504.4866292136844 -1621.6644922807734 -59.23385301491131
39627758099235909 -3508.1325048269728 -2260.2544883163996 -99.71039964090666
39627776197658209 -3818.0320248037683 -2347.019321899515 -35.079300319499524
39627770191414062 -4648.378798323397 -3079.855031092381 -66.99032012618703
39627758082461268 -3250.1358555522283 -2025.4498796057937 -82.79261357889635
39627770195611158 -4034.5811030573436 -2711.658324153381 -68.6501279324228
39627752051049617 -4279.639577647923 -2706.376472718845 -126.52671748634987
39627752063636543 -2996.658633370483 -1962.5324621974896 -88.11603187279994
39627782241653451 -2558.664594040627 -1596.3227426392446 -18.03505897778994
39627752076218279 -2543.3905387341874 -1711.1395640258995 -84.41357762810252
39627770191416566 -4048.4060673105955 -2692.7467808657516 -72.29525221498871
39627800382015656 -4472.137648555977 -2915.7990905396846 36.912801667418
39627752059438294 -5259.940032275339 -3391.0350065771186 -170.82958345458078
39627800356852479 -3569.247661746783 -2208.1610292801824 29.728644700285386
39627758103433670 -4850.300342366162 -3173.582811000946 -131.5529600285942
39627800369431111 -4027.702385184995 -2543.6902768987115 46.40987362677509
39627782241649927 -2624.0205146155286 -1627.4135134290218 -17.332101732061012
39627770187221305 -2013.728759099481 -1324.9966995540567 -33.39722006977912
39627788306612527 -3468.840517999224 -2275.540595095923 0.44253046019919756
39627788294030969 -4737.150398168322 -3025.5958018639726 -10.117559619518683
39627794329632994 -4430.8624182993335 -2796.6430741887357 16.645178249555048
39627776235408990 -2224.6935796901203 -1494.5927164752452 -25.804401879288697
39627770174641182 -3565.9901331351207 -2292.7595589652205 -62.1802580460862
39627764147423623 -4519.50087965522 -2976.1111442900074 -105.87560834409487
39627788289836106 -4131.469352628404 -2612.410303847485 8.501383846801932
39627794325442547 -2466.9945321165696 -1553.8155780286602 8.544345613970167
39627746032225654 -2157.1058199750596 -1436.4091883381307 -76.81884252992172
39627794329633098 -4397.870997688177 -2776.369944007266 17.434774474766485
39627794354802593 -3775.8563800681186 -2539.1707457795133 15.076738263176571
39627758099240229 -5297.199891206629 -3436.2113014254423 -133.73377197732142
39627776197660490 -4684.156965019646 -2892.621314695627 -39.086500494172334
39627746028028504 -4390.901310818677 -2881.5025873964637 -164.83752010587557
39627764151616341 -2635.6931379001053 -1747.0027080289374 -61.80430643044365
39627770187220669 -4179.123320638614 -2746.9494427485834 -75.9308333045457
39627770162057846 -4789.456383924532 -2989.9672171351244 -72.82123815232877
39627800365237882 -4733.000332849583 -2967.1990207809827 43.454847659613094
39627764155814357 -3479.6423906502023 -2342.2049319921043 -78.90634516995212
39627788310809382 -5340.977042202169 -3552.818920554436 7.702438685032888
39627758090850610 -3178.8580598798817 -2021.487635450322 -75.3926319858465
39627788310807884 -4163.662740142936 -2762.395563204463 10.4292620312047
39627776214435693 -3844.558340585236 -2456.967119045634 -32.4163363467606
39627776210242043 -3789.686438414618 -2401.470191525074 -47.65140820916128
39627776206048557 -4695.257073992215 -2951.8029666367647 -51.3707767215859
39627770157859982 -3147.7063087098395 -1932.894451819927 -49.73022929703443
39627782233264010 -4890.104816403615 -2991.2611536108006 -30.780527762878243
39627794325438548 -2380.850681696425 -1487.851125299487 11.347137864188053
39627794333831681 -5073.300195267492 -3258.6921839946217 27.68205420938765
39627794350608496 -3618.9673415145858 -2411.384452401951 27.113911623133003
39627752051051976 -4155.938169446574 -2640.0352913957936 -131.12300285242512
39627739979843353 -4743.088439170634 -3059.8913190059097 -198.48458501129255
39627746007058312 -2405.8857214395257 -1509.0806795070998 -90.77648036568911
39627746023838472 -3810.4054308597574 -2492.6310456499295 -147.269946263997
39627764155811764 -5499.018484602128 -3685.7972067925684 -103.56009986194843
39627770166248601 -5553.732963287324 -3477.8203588765605 -73.8928650504088
39627764113869723 -3767.925278070126 -2300.768002975369 -72.34664118601273
39627752072021617 -4874.496807193384 -3234.5702916499094 -144.19372130880782
39627788310809357 -2298.2604060169538 -1528.75942748364 3.764323902130621
39627758082459461 -3407.655370229072 -2115.8581070336186 -81.22104668321475
39627788302420256 -4397.314123312777 -2867.5580358401185 8.207720429780823
39627758086652311 -4519.654424606448 -2826.3773105303917 -125.97190149314326
39627746023837653 -3388.489408653945 -2213.9050752797134 -127.08804835540165
39627794329635481 -4586.362168854533 -2907.9300401619403 18.068005314083116
39627752063637040 -2865.545679626024 -1878.0011679007414 -89.20370283743001
39627764130646413 -3813.359304390484 -2416.743827414874 -79.719248473628
39627782266819044 -4250.9352654349605 -2812.5051130345487 -25.3375772182243
39627794342215894 -4002.692662345646 -2600.443007465393 10.958526884548728
39627800382015899 -2908.1071871569166 -1896.9195657924633 24.984725904273663
39627800382015592 -5805.697267982431 -3784.6131007532 48.902900413582046
39627758090850762 -3991.394963407261 -2538.9488281657386 -112.49060154445552
39627764160008273 -4900.301636733987 -3328.8258879499504 -101.83703340107634
39627800373628668 -5791.278834859757 -3719.1071573387494 47.97032110962069
39627776193465197 -4983.500663008378 -3039.507992527673 -59.77958097713031
39627770195611958 -2078.512996104426 -1398.8255040015465 -31.941058011217372
39627794338023046 -3195.993493002244 -2062.5559093556544 16.637904358531344
39627752063635836 -4905.772535825895 -3209.2218994535106 -159.89071915155426
39627788302418284 -4523.805420386855 -2939.5866159948664 4.392666412691238
39627782241650070 -4825.707937121391 -2993.538483627271 -25.612945338362163
39627764155811524 -2028.0701843030079 -1358.8536582122315 -47.40911117155781
39627752063631958 -5727.4746214632905 -3723.0472251801625 -171.37166034970716
39627794342217635 -3983.314302114806 -2597.2352289522364 25.67401192696518
39627764155811519 -4170.019030025381 -2793.962173872318 -96.32267394088029
39627758090850005 -5101.657560714658 -3241.0856190460545 -127.9802343887573
39627752051053541 -4858.351707287042 -3094.834833184084 -163.16309283545215
39627758111818738 -3694.9801186254754 -2449.32720095444 -100.11222405315603
39627758107628567 -2401.5110714054426 -1588.1529303500645 -66.97181667122442
39627758107626978 -4501.21777709978 -2969.26745463069 -112.45058660475637
39627764122255457 -3871.8810855828024 -2396.3646862864102 -79.59058533858409
39627746011255034 -4457.122444590081 -2837.012795720428 -164.20769820494812
39627746015446830 -3869.797549502822 -2474.197009271187 -142.12284160750946
39627764130644821 -4323.545941456374 -2731.8458454944234 -90.63008841360785
39627758103432187 -3842.4475294061926 -2508.587680766284 -108.00705184650843
39627746015447126 -5647.246647352743 -3612.7378461745493 -199.78287143942754
39627746019639988 -3887.561448893201 -2503.684457552916 -139.86553216525843
39627782266816475 -3923.9338033561803 -2583.209235124144 -11.435317588009797
39627746023837248 -4801.649006857591 -3135.0115265546474 -178.03891557525628
39627788306616596 -3527.0108427702826 -2331.571434127422 6.827964835021498
39627788302423135 -4375.314127772808 -2868.228597655638 9.000790008804207
39627800365239947 -2465.0672984532835 -1551.6372801199423 24.277523459402303
39627788302418043 -3020.4087054758875 -1961.7889903992386 0.08815535185621043
39627794338023742 -4354.11232746507 -2813.737041147566 11.493812073417699
39627776235407001 -4257.713070864578 -2851.736350410895 -37.262599161642086
39627788285641532 -4541.823277361595 -2841.580617087037 9.163047266456049
39627764155811053 -4016.5524040186747 -2689.147617350925 -81.44954614377914
39627800377820230 -3451.0234381854502 -2223.1786671879145 31.0264726572977
39627770162055421 -4316.552890973603 -2682.893685487053 -65.80096338357387
39627776197657440 -4045.5410506516914 -2483.035605761624 -37.41475490855763
39627770157862764 -4453.11644173039 -2747.9054997539456 -61.137408995922264
39627776210239643 -4252.585252016324 -2683.790200445648 -39.72506819164982
39627776197658257 -4735.086609239373 -2911.0951446924946 -39.11254977248717
39627764130645924 -4321.706292990007 -2736.3966848002724 -80.31220857988453
39627752072023288 -4902.646643671908 -3262.992179104916 -164.52574974971995
39627746015448397 -2150.598995880102 -1379.395218178574 -81.6198190449046
39627782241649479 -4814.021350264125 -2983.5099715926963 -30.215680406485223
39627782250040394 -3575.7881467733955 -2266.366048339546 -10.388329948283465
39627782254236674 -4724.544449750603 -3037.390735959808 -14.194490134280947
39627788289838800 -3796.440411784301 -2411.545124030357 6.374918059009232
39627746002863666 -3555.9450574643706 -2207.041115955062 -126.04606756775279
39627764118062928 -5027.476836336518 -3094.0604430721405 -107.34366062469071
39627788285646428 -3560.046473869385 -2245.333153230232 -4.696860949268964
39627764122257483 -5621.411145423665 -3494.4019793621846 -115.74881654916544
39627800390405104 -4686.308142507365 -3120.436085025416 49.801321152119
39627746015447626 -2741.658694089559 -1755.819539856101 -96.56930189542796
39627752046856842 -4628.9510229351945 -2907.5677846705707 -133.41380229310292
39627794321248473 -3302.2315248867194 -2060.649922481134 10.85430783214513
39627794342217490 -5240.528865747629 -3415.8958680546866 32.143219335979744
39627794342217264 -2478.3995965864297 -1614.6713381186414 16.491075674128773
39627758107627234 -4220.318020450273 -2784.985719191963 -105.44627377535045
39627788319196910 -3212.995669473965 -2172.8425287738764 -4.724573695555518
39627788315003053 -4335.754807599832 -2905.9904462617087 8.453535204678259
39627746011255519 -2979.909533794311 -1898.410184287425 -114.08053267900614
39627752051051786 -4165.934075122761 -2645.374920949269 -129.41972470834202
39627764151618234 -4248.596370804055 -2824.341308105492 -91.86154515445585
39627752051048976 -3891.9711368442927 -2458.087788580547 -120.97905377108707
39627788281449387 -3189.3043243615475 -1982.2853162749234 7.486553282454078
39627764143231812 -2425.0921969937435 -1587.2990680153353 -53.67987859376594
39627758086652169 -2437.744244721489 -1524.0363123287595 -57.70165776791103
39627776210243072 -4868.297999749355 -3091.107315317822 -50.595828749487104
39627746019639932 -5129.245326549241 -3303.1240233483104 -188.74363374228892
39627794350607653 -3649.344607960371 -2428.5559324854466 10.016849811121178
39627764122258420 -3026.974139803074 -1885.400899741801 -64.58298329131603
39627794354800093 -2345.123917824658 -1570.9613517311436 10.380927906666848
39627764126453352 -4017.3015405644082 -2527.3987200765805 -82.95681040275772
39627782250040304 -4031.9899840049447 -2555.1729062049335 -10.473020572286885
39627782233263589 -3651.4164302732624 -2231.7331871657802 -23.61549520571825
39627758116012795 -3984.8361702868706 -2665.9324352918325 -108.49661778434023
39627758111819201 -2621.2046623322944 -1738.825056411579 -67.03930493023857
39627782245843266 -5164.400924812062 -3228.4666342244323 -37.164859648175515
39627752067830424 -4099.33842108579 -2707.8261685279917 -133.09770357971206
39627782245848823 -4346.950011471294 -2741.857240198993 -26.502997471682026
39627764134839264 -4025.1442954807862 -2568.2567285886284 -79.06906586384856
39627770153669572 -2926.425724119259 -1792.7715538313957 -44.380473766541904
39627752055245012 -4096.8949296711935 -2620.746686522772 -120.52319625865105
39627794342219451 -4232.661513369946 -2769.4595765283675 16.977500519095884
39627794342219142 -3867.0163361247473 -2528.6275068365194 28.80130823316487
39627794346414859 -3796.3450687947497 -2510.727278644995 16.041526284613678
39627764122257729 -4313.637002777431 -2682.9641558056023 -88.17408956699634
39627752063633172 -3386.4998023690873 -2205.75722774163 -100.0149924012159
39627739984039108 -4477.674888008191 -2921.618509119716 -179.24360492532134
39627764134838563 -3417.718648900972 -2178.263216730092 -65.5946721215325
39627782237456530 -4033.73492008019 -2483.014172632996 -30.42387599453396
39627764134838390 -5154.30045706896 -3284.0589184428577 -105.53419485629847
39627758082458143 -3517.896272658306 -2179.0570141150083 -84.46942104388093
39627764118062067 -3855.646688592711 -2368.08884155814 -80.97949685327131
39627752055246770 -3927.8347743841837 -2520.7039037049412 -115.21977723325922
39627776197657504 -4027.4166067706856 -2472.284758122663 -42.7211107791217
39627794338022015 -3344.0392233623024 -2153.7662943157784 16.825197986697244
39627739984036382 -4392.066341729017 -2854.392257475451 -187.337896356856
39627764122259709 -4847.235894392254 -3026.940055074203 -88.49722505255842
39627764147425601 -4349.166817087902 -2874.907444629658 -100.02893926629854
39627752046856534 -4739.03390649748 -2974.9250954288254 -139.51830675443898
39627764147423542 -3200.812107367205 -2107.484710447695 -71.06027795442239
39627758103430528 -5392.777798787936 -3510.863390550924 -147.44805004199847
39627758111820144 -2613.06604466886 -1735.9909131693641 -69.54200830069938
39627758111817867 -3698.8161614485775 -2448.526434577071 -92.58036896040002
39627758111819761 -4762.171684275926 -3161.9708218384935 -123.66606902827608
39627782245847374 -3176.3374854449066 -1998.8928256434351 -17.28694940930701
39627806417619289 -3830.194712395893 -2472.080160631892 67.05724732405432
39627770183030235 -4935.943717740577 -3233.4134450633223 -88.95974273069996
39627752076217411 -4246.326803350531 -2852.1512115846976 -127.23879889406639
39627752067829253 -2591.0700607212884 -1708.5399803307614 -77.86776142652816
39627739979843210 -3383.733557957263 -2182.348592867805 -136.12427477645716
39627794338022041 -4425.2566628905915 -2850.3530726759027 20.290874338968546
39627794342218174 -3109.064031680056 -2029.4099420695356 18.33649558509911
39627764160006905 -3488.3390422155417 -2364.1513813000065 -67.67555213694206
