EDR/create_files/QSO_14_clustering_data.ecsv
# %ECSV 1.0
# ---
# datatype:
# - {name: TARGETID, datatype: int64}
# - {name: X, unit: Mpc, datatype: float64}
# - {name: Y, unit: Mpc, datatype: float64}
# - {name: Z, unit: Mpc, datatype: float64}
# schema: astropy-2.0
TARGETID X Y Z
[from data line 849]
39632961909297641 -1133.7123363578032 -3883.1300279544284 2740.837848752731
39632961913491914 -1240.9202301271016 -4331.277630876296 3032.235923759141
39632986798297412 -628.5267682181253 -2098.1045063242045 1540.8747177707435
39632961900906274 -1015.8869725724289 -3308.6150762003663 2336.488707734823
39632971891741164 -1104.0994325400122 -3395.322970252763 2455.3984062894197
39632976870379548 -1617.092729471843 -4955.276053562897 3623.606253945093
39632986781517144 -1606.0870114564048 -4915.539299356044 3654.782752622248
39632981849017989 -686.8641144431091 -2251.251942648424 1646.5193658306173
39632981869986479 -1206.9165531904061 -4309.480032502706 3121.8456406406117
39632961917685607 -1325.6263268699458 -4709.341749717874 3309.508030915628
39632966892127753 -1350.4838866595187 -4051.1738516386436 2918.8071117188547
39632981840625944 -1256.1704351936996 -3912.2240696334443 2885.895217888605
39632966929878237 -1113.9583966116281 -3976.857956412366 2821.1133095151654
39632956884521756 -750.3749821713228 -2530.7550024951865 1771.015523828261
39632991743378754 -1500.8277872852375 -5181.7720510692925 3850.9139369291183
39632971900125457 -1360.3389079246801 -4266.667930540002 3084.521401111539
39632961917686496 -806.5432048551 -2874.5737288149244 2022.2330789896375
39632956892905891 -1105.335389050277 -3811.236218905064 2643.390872696048
39632971895933226 -1295.4060304173813 -4024.5588279781023 2912.387704842259
39632951842966988 -1343.882258090577 -4443.9730877005195 3084.481261494139
39632991743377732 -1388.9299461825385 -4778.110861976019 3554.311954283266
39632986789904830 -1030.0018357017098 -3257.4017360850958 2411.5148065935273
39632991743378330 -1186.0000190093303 -4088.7718297977353 3043.351084319766
39632941726303079 -1129.7530610612953 -3682.8529520767866 2510.13451027566
39632981861602564 -1078.7284551480823 -3764.0168033948844 2742.4602881594187
39632966929879097 -1114.5620720002355 -3990.949901076488 2823.787305737282
39632961884127677 -1290.640893538355 -3895.630526932818 2758.519285018039
39632986810876231 -840.6931056400592 -2926.26044014868 2146.7964025470533
39632956850967261 -900.5916244381783 -2629.3493457101954 1864.3616811625247
39632951855547195 -1425.8739875019262 -4941.570224762303 3406.48898173928
39632971900125541 -1552.7966566671541 -4871.90660426213 3505.5558269080234
39632956892908491 -1412.1268019823758 -4918.44341374508 3404.239694470968
39632986768936541 -1147.5875116025225 -3363.230650557869 2507.9064399066983
39632986785713598 -894.6623610630201 -2810.59502341219 2080.641291500822
39632961884128216 -1020.2701438406705 -3086.027650651994 2186.1075000767937
39632956855159348 -1469.0340890171778 -4330.73458932488 3056.050551135258
39632976891350446 -1440.6636611252336 -4822.1915882227095 3503.1796886038073
39632986802492051 -1207.5119514609216 -4111.465494803172 3033.770407038303
39632981828045078 -1147.506893401869 -3412.765542899519 2513.785915195497
39632961875741456 -1392.0802155539761 -4094.570328771399 2918.5201619712943
39632946797216994 -1195.386098228034 -4038.32671074606 2771.7273091024636
39632946788829033 -1048.5272349084544 -3418.912078812132 2337.3415418098443
39632986777325013 -1403.6584006787823 -4256.834741238481 3165.515260395369
39632996646520236 -931.8487506722898 -2970.11962092096 2237.680912455072
39632996646520437 -1256.6738430449445 -4008.1146860312906 3019.768057030347
39632996642326170 -1331.211366347007 -4168.012868123859 3141.6383492773275
39632981832237488 -1254.657760563564 -3772.1580253648326 2786.5141374886416
39632971883349710 -1183.182087613382 -3475.136042572897 2533.692735518163
39632996659102993 -1187.155465862096 -4005.876648476531 2998.8747076881978
39632961892519653 -1393.3274557369023 -4407.868497044056 3120.9305242897058
39632976870375491 -1530.9645162801455 -4612.4749347245215 3355.9996289947117
39632956855157321 -1630.5159409139267 -4771.7118634611 3376.523610301264
39632951842964017 -1084.428961199726 -3544.3615954573247 2454.283889224607
39632956880326241 -1586.6849583400947 -5224.289045585566 3646.688319756832
39632976882959087 -1051.0110624238407 -3352.1496091829185 2441.289610067758
39632976882958782 -1220.9612602135585 -3889.501172650198 2834.5063157026375
39632981865793895 -1172.0152830543866 -4129.249640802787 3018.147486130112
39632976878767250 -1225.6775489597471 -3876.343239052094 2820.9809897456535
39632961909293823 -1382.9593116281856 -4666.093657623815 3290.0665930185055
39632956888711550 -1052.5087274368318 -3558.123016367164 2475.25800061704
39632941722111299 -1242.5096643232723 -4018.764951640357 2728.185568661163
39632956876131494 -1168.807825507328 -3774.4773735145327 2632.453712395941
39632941717916000 -988.4580392860853 -3126.7865060499535 2125.776273725976
39632941717916662 -1228.9968419117872 -3896.755849310685 2648.0187910900004
39632941717917445 -1368.3891792458546 -4352.179366336164 2957.316958449903
39632941722108659 -1540.0265338658717 -4927.224823084391 3341.6110834894425
39632966908905558 -1633.13227143819 -5273.097252844596 3743.2856219184678
39632941717917776 -1149.410542843845 -3660.786257114403 2484.9475109118166
39632946793025210 -1064.1581057427493 -3561.0019312422787 2443.8873952314766
39632981849016868 -1054.640198223113 -3441.760377808249 2509.058883134985
39632956850966946 -1696.2025248824202 -4947.137663092084 3483.7029991599966
39632961905100875 -988.3370654177647 -3287.742341189058 2319.64049728145
39632971887544604 -1639.4628081055373 -4909.500456947567 3568.832842153039
39633001549663513 -767.5133840254505 -2453.8745208032483 1861.8063777331488
39632986768935936 -1009.4926789326205 -2952.073422779758 2207.8414909303915
39632971925293055 -1168.077378271516 -4137.408660905335 2966.892891444047
39632976895545999 -1064.857856543363 -3647.557187838136 2624.012889324218
39632961884127572 -1035.080606939625 -3123.0311092384136 2209.198708296324
39632946793022117 -1489.6635133544298 -4924.801660156478 3357.3522451419044
39632946797217725 -1276.3899690425128 -4324.558661167447 2948.5949677226463
39632966929880504 -791.6943309086807 -2849.1495574222417 2014.065834116902
39632966929879445 -576.8428413689554 -2068.067292239993 1458.6327219004327
39632966929879439 -1211.4564415345167 -4343.175074503729 3061.6043432527495
39632941726303847 -1266.9057761907652 -4143.68893112 2815.609976037465
39632956897102094 -1072.785866293933 -3800.4542429457492 2644.051779400864
39632976882959552 -974.0488445942713 -3112.534879091837 2262.101758124299
39632991743379236 -1172.7594579855672 -4055.663215705899 3004.4542929538193
39632961917685731 -1078.022866513198 -3831.3996093419787 2679.325767759884
39632986777325563 -1406.7134580694496 -4275.822478920886 3194.6246053869477
39632981869986510 -978.1796674423424 -3493.1420592933828 2533.869276499414
39632976882959065 -1561.1953184338267 -4978.981087626578 3616.502644133201
39632991739187730 -1045.3222765456962 -3581.0239311928494 2667.891837108198
39632951826189175 -1160.995399939544 -3563.948712021333 2491.7387823051686
39632956850967107 -1605.1601246513126 -4684.261906505507 3294.3894482182263
39632956897102969 -977.9729503896898 -3476.129637703904 2412.3299134533827
39632971925292098 -1002.0362973179845 -3536.6935080578396 2537.0612892196104
39632946797219239 -932.9458695846503 -3182.732531362987 2172.0800794188776
39632976882960553 -1296.0633597532005 -4156.164004633111 3021.1305426076747
39632941709526817 -1482.331317239347 -4515.832100884518 3097.7493989329796
39632976878767457 -1229.6855460054549 -3893.057869711473 2828.9452324529707
39632976903933319 -1162.7809223723611 -4131.462699172371 2975.1770499241734
39632966929879137 -1112.7425696881985 -3985.0153429057427 2819.465922431041
39632971900127902 -1353.3321244608057 -4286.483632971909 3095.068489007087
39632961917684734 -943.9202878550301 -3342.992094434303 2333.3907773377223
39632961917685223 -1494.157111653477 -5300.798886037904 3701.189467830197
39632951855548125 -1369.736595740269 -4766.513749010546 3268.864848688192
39632946772053045 -947.4102800105205 -2889.240133771612 1985.9858629760179
39632971874963321 -1413.09556115348 -4042.116135794957 2948.2923673853616
39632996654908279 -1127.5653210150392 -3724.3157109500576 2789.839907455241
39632966929875888 -1155.478089321624 -4090.5157402268933 2890.4790534678577
39632966929875702 -884.5758342991016 -3129.2383819161682 2211.914155138804
39632991739184192 -1254.752344849352 -4244.413274364909 3156.6351962760555
39632946776244574 -1503.608064579297 -4616.624235492739 3197.93878168877
39632991730799550 -1164.871462237073 -3847.9944730131992 2870.9558902652357
39632981836435477 -780.1278369745668 -2426.0331877902454 1784.241452990537
39632986768936606 -1402.3986704816193 -4110.885869817978 3061.5737289164604
39632956892909242 -1342.2487764889188 -4687.359295613569 3272.841539129701
39632986781515886 -982.7305850977598 -2992.8346520124587 2217.043583582482
39632961913491876 -1022.5456002486508 -3568.517815876555 2496.9719800210855
39632996633939934 -1225.6238380157042 -3738.864778429924 2844.7737006958473
39632981840625995 -1584.9284437743925 -4937.261434683315 3629.6049622480773
39632991726602096 -832.4811021116977 -2667.9876993855423 1992.8041937641008
39632961900906918 -1411.9487637093632 -4608.248831377991 3247.8226731228337
39632986789907691 -1109.0225237450297 -3547.4494466405827 2628.335845689005
39632966929876779 -928.5796030573058 -3297.784541537178 2331.184662896469
39632966929876971 -1017.3441140159861 -3615.5952672508092 2545.432163874406
39632971912711312 -1171.3098810091974 -3930.079589805071 2807.9924548247673
39632946772052198 -1581.3147235079343 -4806.641760726245 3319.9606145863327
39632976899740457 -974.6806686039661 -3408.618143182929 2450.167996570221
39632981853210221 -1454.6117231127819 -4819.841275262853 3513.213740831823
39632976887156392 -1526.1576620631195 -5016.422618693336 3631.5275308240184
39632961871546810 -1620.9903927649946 -4685.670582236145 3337.940471488497
39632981861598295 -1294.073371220532 -4445.583107976675 3246.552997585955
39632976891351542 -1013.5607451605208 -3405.715159569329 2467.60399566076
39632981836431531 -779.2180181317744 -2382.189280512532 1760.3527667860592
39632961884128927 -1286.375382712572 -3901.9687205055675 2761.938601428597
39632996638131103 -1009.9920970422571 -3096.346542104575 2352.2144326451285
39632996638131273 -1715.2603090012303 -5261.923040450857 3993.7682676633776
39632976903931991 -799.959425939272 -2826.2587595340156 2038.5790160251042
39632951851352290 -759.428409837284 -2575.0511449512633 1775.71804932787
39632996629743573 -1488.1104272528721 -4421.341602004098 3359.978050444703
39632971929485630 -1060.509723538399 -3806.2747343939945 2708.3701699157787
39632956880324742 -1062.2993701226537 -3478.0673880783393 2441.1590798216557
39632996654908426 -1488.3618693222045 -4918.970095153 3694.5244527381924
39632996654911455 -658.0681469045559 -2201.1614471479593 1650.71994202315
39632981853210304 -1373.333062662078 -4552.277408867406 3322.0781879140222
39632981853210292 -1370.4317306033136 -4542.455631147011 3314.8262114496792
39632986789907699 -1300.0612817600013 -4158.703377986591 3080.629880547361
39633001553856452 -1571.9482672225558 -5097.337495183551 3872.236391177524
39632956867740894 -1250.717351345877 -3863.4957408853843 2713.184574262702
39632971912709043 -1158.1787943809124 -3851.6390943760266 2764.3848170196225
39632996663297753 -1555.9804216108294 -5363.836948695571 4014.122709754856
39632986810877616 -1536.4942521439618 -5374.072798675669 3935.0662569036244
39632971925295209 -926.385024019102 -3309.0094907777193 2354.1045633982358
39633001553857738 -1126.3117259805135 -3669.792030158335 2783.6425353402074
39632996650713730 -1171.3925467838797 -3793.4843577206334 2857.4488139266637
39632991714018102 -1023.3001082841251 -3092.1313835685614 2317.9513462066684
39632981857404428 -710.3647977872618 -2395.099574895637 1749.4196373193145
39632991718212152 -1476.5560363656293 -4537.340461305745 3401.3107701581725
39632976899739914 -1346.906584576667 -4700.319262400106 3404.4857965688775
39632986806686800 -1343.775231144382 -4668.999193865253 3440.057956478445
39632996654908059 -1214.5676521048138 -4008.709759966168 3010.4872989478145
39632961905100988 -989.883095656679 -3294.5666874038748 2313.4575396928603
39632976903931972 -1220.2704472103842 -4310.899536198543 3106.7734901473286
39633001541276200 -628.4207927217565 -1948.1235052013337 1491.534908312003
39633001545469488 -1345.6883659524233 -4226.795756490202 3235.6443349156234
39632996663296625 -1285.444110812705 -4412.461103916861 3305.013836001778
39632981865796467 -1201.9030070177535 -4279.23880302217 3123.496465477446
39632956859352302 -1577.8829644055231 -4711.521327946312 3320.9848952857137
39633001553858797 -1196.0535119915012 -3913.6523191388446 2968.5764857861495
39632996663297258 -1069.0456232110828 -3678.587817722683 2754.8187808944244
39632986810877881 -1160.7645613365742 -4064.395657286156 2999.904650525134
39632996659105834 -855.0535038085642 -2916.828688621927 2191.973212831341
39632986810877869 -1120.9372791202247 -3924.798395188907 2895.7517064642734
39632976887152991 -1136.6286115989585 -3687.5763217441054 2669.1140110401434
39633001558048916 -1269.9392368574747 -4168.075811793928 3153.74333927698
39633001558049950 -1202.2034153604043 -3961.5000532058475 2994.2158666305027
39633001537079961 -1438.8595604374632 -4349.3309209413665 3320.204794977493
39632996646519312 -1203.666963162157 -3823.290376576829 2896.4944225013573
39632976891350922 -1576.128518399877 -5284.76564985101 3823.9090602561355
39633001549661628 -1224.700887823946 -3887.1043130274593 2974.4338591421542
39633001558049329 -1229.7651428126671 -4042.3948567269204 3057.751060905438
39633006436028592 -996.9324796162829 -3191.918594329342 2442.412869253166
39632941726306024 -913.9424419999098 -3019.397139812995 2055.354388566399
39632966900515490 -1049.302587575676 -3248.5470926737057 2333.7157570303407
39632951821994833 -1266.8238849980582 -3821.040443565924 2667.694031062935
39632986777322167 -1408.284000235426 -4222.951187958752 3148.7607837976457
39632991709825164 -1275.1187622786695 -3800.6731516892505 2864.647610668192
39632996646523119 -1340.8350833478776 -4320.590552364748 3256.429434371367
39632966896324198 -1415.637150023927 -4355.806605831672 3131.9265879617815
39632971891737689 -1544.9752946820272 -4688.766357728253 3405.6442241180803
39632971895933104 -1138.5012862642634 -3535.0787596710243 2540.896701936827
39632996654911615 -743.7457663270275 -2489.5914021032327 1865.1835389121013
39633001553854984 -1339.931838540579 -4320.256216410631 3284.5904570118146
39632981844823699 -845.8694622703025 -2721.2178534760883 1990.329111200829
39632986785711511 -904.1827038840859 -2817.9453509024643 2087.9070169147267
39632941717914277 -1185.8910321498918 -3725.7560814019425 2539.5412777724237
39632946797216193 -952.8697587984611 -3208.6351231754593 2191.8867111884215
39632996633940197 -1561.4550248258113 -4768.3312057065 3613.099728701795
39632946797216871 -927.5956025898793 -3132.1719133753386 2133.881298076493
39632941726306125 -1358.2429110833525 -4489.396780765285 3050.746390463138
39632986781518127 -978.4391684468977 -3007.8441949854896 2228.679860956918
39632946797216630 -1153.4790469878794 -3891.116722696664 2655.879153871171
39632946797216907 -1058.126716703667 -3573.5050328037423 2440.244346853966
39632946797219215 -1334.2665807382373 -4551.086870085925 3116.1621187871165
39632946793021949 -947.0026126143123 -3128.5718683804703 2134.2342253109377
39632976903931210 -1414.8105426280338 -4980.742395761568 3580.683081184913
39632951851356372 -916.7254292876524 -3165.9358692977257 2176.0274175334116
39632951838773610 -881.8568346345073 -2876.181170714727 1991.9834767513616
39632946797216282 -994.1758794341804 -3348.857741566205 2281.736832871019
39632941730496617 -1529.6365726816125 -5064.691628876632 3439.692224615098
39632961921877537 -1112.3433778660956 -3993.2701888026445 2799.4844784437396
