create_files/QSO_0_clustering_data.ecsv
# %ECSV 1.0
# ---
# datatype:
# - {name: TARGETID, datatype: int64}
# - {name: X, unit: Mpc, datatype: float64}
# - {name: Y, unit: Mpc, datatype: float64}
# - {name: Z, unit: Mpc, datatype: float64}
# schema: astropy-2.0
TARGETID X Y Z
[from data line 1507]
39627871806819072 -5887.331364201185 3247.9229143014572 401.3576569946876
39627841624609452 -4470.78179630748 2429.9756202140557 208.40212112172645
39627817465414622 -5030.117013728487 2753.7625467160265 126.61921546049386
39627877829837511 -4613.767878356909 2611.1469356154403 337.3917788021773
39627841624609661 -4592.44377591094 2495.034025436976 213.47776504646785
39627871794237437 -3455.2577262455284 1961.8697350979944 250.3015425235686
39627853704204929 -5745.03602878353 3120.1855049822425 327.18470703414636
39627859706253172 -4647.428418133569 2768.6591463860195 281.43654655485517
39627823467462944 -5526.508878404044 3319.322646609944 163.42557430795242
39627853704202419 -3935.6407254825726 2149.7328744529686 220.814385390338
39627853704202122 -5125.612853639035 2801.246681698974 286.81842951233693
39627865775410516 -5053.5032379142 2784.520799441762 334.91411212052645
39627841624609821 -4704.67011575793 2555.1655697740166 215.66714654162095
39627817465416014 -2956.1573143793976 1613.0010746070498 67.94503086377134
39627823509407106 -4521.21216776968 2446.0657930651805 135.90008923624626
39627823509407311 -3671.1301543656455 1985.136702842016 108.48224526743832
39627823509407733 -5008.669661768675 2705.8236377734265 159.4341553608484
39627847643436099 -5711.469042773085 3269.5649774122417 274.8469272537875
39627835589004515 -4054.17339882197 2184.230252469609 151.53084292546873
39627829549205621 -2323.183229962335 1254.57451559109 76.22335338704917
39627829549206831 -4021.2109899156103 2165.170603546463 146.98155432400745
39627823509407526 -4239.256642924913 2291.2578654532617 135.0369443142513
39627817465415437 -3755.5745884373323 2052.2012473295604 91.90973100287478
39627865779602356 -4373.283160807216 2398.021783435427 277.9022515139337
39627865779601529 -5275.695172569148 2898.536995540197 348.7717826216344
39627841628802271 -4899.770715333608 2643.024695623827 214.072887151929
39627853704204882 -3951.957631223335 2146.592051177393 213.86892092146329
39627853704204835 -5418.367275460738 2943.379758021962 293.2106274105099
39627877825643231 -4110.68206995113 2349.7962902919085 308.73504466226456
39627847664405807 -3185.3037463537626 1734.3750284117461 155.7588955450025
39627853695815673 -2992.6195276789836 1662.241628339921 164.35208475821048
39627835563837456 -4937.566921624725 2838.99774075285 209.3909899879944
39627871798431194 -3856.372118999019 2168.399248882493 265.87820084822675
39627871777460587 -5187.327991113072 3061.125768566895 378.17281057418234
39627847668599383 -2971.8660691768127 1604.1955796985842 152.13285507005156
39627871806819578 -3885.038662849588 2141.116579367241 266.4989850001666
39627841628803133 -5209.806403457993 2805.277962321521 229.86220966021918
39627847664406570 -3655.3597772956377 1987.229670589159 173.81586042807342
39627871773266149 -3388.897676062011 2020.3575243901337 237.91770532007058
39627835563838480 -3304.976262675943 1896.947507598108 135.93881907151626
39627841628802267 -3804.9113492756123 2052.4650246537462 160.6293186199575
39627877817258675 -2666.2237494962096 1543.1942618923194 203.93915599480113
39627841628802177 -3117.8355063595354 1682.101343324472 137.48579728304185
39627877821451986 -4774.915055694336 2740.5932684836994 357.09576461709656
39627871806820052 -4313.197556605174 2374.7164546846575 300.07828514194154
39627871777457605 -2209.3524130716505 1312.4856931863376 156.53839012828917
39627859743998978 -4596.276236045383 2515.745097242427 284.14594037038927
39627877821451405 -4546.451050379407 2612.7405033691193 345.6727882773875
39627805373236898 -3856.7340215375116 2175.4503067037767 52.07919214194209
39627853695812316 -5285.167033026002 2955.508245065989 288.00914943780106
39627853708396795 -5022.223587063754 2712.818575796663 263.0135883884942
39627871811011442 -2848.4630243929673 1562.4336812217393 193.92917454170467
39627871811012054 -5671.406592737357 3106.7829087025098 383.88227976107714
39627871811011337 -2019.047032843275 1107.7469367387578 138.89193376581673
39627841628803769 -4488.317135628698 2413.5483177251144 191.67180130284186
39627817465416031 -3278.9135263688977 1789.0316328668907 81.36102732184378
39627865779602318 -2916.1713068761405 1599.1873872045276 186.9115125599321
39627877825647183 -4893.715181029533 2775.592307280804 371.16635361557144
39627811383675445 -2874.4372896894615 1733.9794101578416 63.02900222014034
39627853658063666 -3167.2386879407914 1937.826926965076 180.75340913330353
39627829494681463 -4050.2733345323772 2488.000765563326 142.27557617447542
39627835534479320 -3661.6059487481803 2247.8916293270877 144.96213574520206
39627811387867769 -4371.34065099653 2623.242976558396 80.41172560195994
39627805356462783 -4346.784467193139 2539.5664748699373 60.813066757150914
39627871773262967 -3482.429007367379 2091.017921175887 246.71539351080602
39627859718834513 -5822.4539537262535 3381.509961541277 342.6246641279138
39627853700008449 -2695.1001052453394 1486.4972736164016 154.26116604690193
39627853704202276 -2600.1145636045644 1420.6373763589295 141.40060249491873
39627805369043234 -2444.151768468164 1390.9477370502761 42.61657540415658
39627859735612798 -4196.053572537129 2332.374176926078 247.78663372488245
39627853704201692 -5052.0867018882 2763.6326661720154 273.9840903971106
39627811421422332 -4469.86282341053 2473.768703965286 88.41541779150448
39627841616217235 -4509.207942480329 2519.8249366538616 193.6783162713037
39627823475852927 -5654.06458072232 3319.7867163290116 182.2062787092586
39627841586861188 -3166.033139641321 1884.7776605884114 142.890898083966
39627847651825004 -4652.6821212175755 2606.087431232305 228.81779214478328
39627805352268828 -3837.1883351939614 2264.937732524363 62.94968044395378
39627847647631445 -3674.545668243796 2079.3270668443947 177.88420576940806
39627835547059220 -5313.815367509968 3187.223073409348 222.340856470683
39627799325049919 -4543.952518602297 2617.7522599130502 56.60568728630093
39627871773265627 -2156.0902678129073 1286.936756183744 151.7321953325648
39627871773265639 -4392.529755203867 2621.78148668483 308.85659077441886
39627841603638517 -3895.111030141759 2230.77336709479 171.71892453730246
39627835538671058 -4684.154824925564 2861.0182482278974 186.88712805200032
39627877813062306 -3594.1449091136637 2109.1301486839884 265.03137586436037
39627859702055505 -3791.0375228806483 2297.8239375184844 227.883330083623
39627811387868815 -5003.001353510542 2995.2884918030277 110.92496546816245
39627823480047091 -4133.998033449996 2403.5577328817285 126.74767690031231
39627847664403280 -4152.984573596254 2274.12705852319 213.24745181744018
39627847664403489 -3949.697379871279 2161.9248850606236 203.59408243299106
39627847622461659 -2764.5999211238377 1669.840586787892 144.2487626230241
39627841603636022 -3581.9750628816314 2060.073254142061 154.77526629253026
39627865741853612 -2826.092816249487 1697.473778126358 191.60426437743337
39627847647630903 -2158.2682405712917 1222.480410804615 104.40385762684191
39627853695815546 -4127.228161567696 2292.95086420681 218.17839168620335
39627847618266787 -2914.367270605437 1780.4146886973833 152.5282072834431
39627811383676094 -2059.0803251349957 1240.5968500135866 45.89944393248871
39627811383675573 -5851.477344809261 3529.125390416121 132.15370286208994
39627829494682062 -3762.4052579128506 2308.4297801737234 135.4866751383332
39627841574278007 -3221.3940700363223 1975.6760585296 155.26615514431722
39627847614076854 -4843.56232249193 2968.669236293956 241.0267620367006
39627835538670890 -4056.3399693824795 2478.546566789403 163.1631404657466
39627865737661675 -5427.125257305411 3277.274919858569 347.328824426354
39627871773264978 -3391.9267328502237 2028.2982478734107 241.194618160272
39627811387867314 -1953.7693361704896 1173.6257368816443 38.514208524833506
39627805360654475 -2439.693627978329 1417.1291926571744 31.916927900173302
39627805348072277 -4643.415142783949 2773.2093201122743 80.95554221205819
39627847647626483 -3889.3381817560567 2218.463850666238 196.03388419818492
39627871811011826 -4667.016055222999 2557.7402907551113 323.5885107818386
39627853708397461 -4825.385366534279 2602.56786318323 266.46902734792826
39627865733468929 -4746.136914000702 2889.1018798108757 303.38072765998453
39627871806819568 -2562.805587351045 1412.451310026027 181.9234114031392
39627871806818756 -5807.964651825268 3206.3657330900546 415.94091813511454
39627871806818269 -4339.833667036998 2398.5699890132073 312.1516201803818
39627871798432045 -4118.531374749164 2312.2541555055486 296.3682223642683
39627871798431245 -4737.009817867655 2663.2628256248368 341.47261106876533
39627871798430910 -5551.165468323099 3123.4029787818245 397.26479601261417
39627871773265459 -5794.767201835158 3460.295152400942 426.50055488658705
39627871773263944 -4533.798861114287 2717.206376186192 332.856944508635
39627871773262887 -3644.7010296065423 2188.798785788641 266.70883730951203
39627871773262614 -4875.640317462326 2929.8348040969768 348.11199183503874
39627865779604967 -4833.4025752168955 2634.7566824217124 317.9329842533491
39627865779605475 -5520.545737430511 3005.94598818557 356.92210875143894
39627871773262395 -2401.984963737577 1444.1396825113552 175.5612009211361
39627877834035492 -3631.6194340723305 2018.049659499937 271.11689569333936
39627883852861930 -4888.299476713611 2800.7766655793253 392.5412415350986
39627883857053047 -3527.348616264408 2013.8718639630983 279.16453829114374
39627883844473029 -5204.2090267772155 3043.724140715946 413.1274640003614
39627877838226474 -4474.585633702263 2478.761854645547 333.811377727086
39627877834035475 -2804.597887817479 1558.5154398148272 212.23764933844257
39627877825644730 -2965.6570227339603 1690.1220847634027 227.54575345463712
39627877813064014 -4167.005255322181 2436.267048115216 326.6310254532778
39627877808869570 -4702.840238524993 2778.5853852385994 362.4681195015944
39627883848664356 -3512.1268241882717 2046.3171015760158 283.76474998470366
39627877804674573 -4871.350959888016 2911.7413742052167 366.12090799573645
39627883852860456 -5299.263974497333 3045.481519042241 430.76120077007874
39627805377431586 -5408.0748445620975 3016.955639647869 82.77668391601446
39627817469609558 -4097.821511648273 2216.138324100539 111.69519556823656
39627853708397943 -5457.711846193852 2940.794280149833 289.3563384728611
39627853708398071 -3446.2396915284426 1856.4342402387501 182.54963755952508
39627823509408616 -3368.2016512114897 1815.4397664808962 105.23564786130144
39627847668599386 -4698.684736788574 2536.31160768744 224.7724434445309
39627853708394827 -3420.3225573513823 1855.6022575784252 186.791870326862
39627847651819820 -2924.997082405213 1654.1050316958972 141.4036289245416
39627823509406693 -5388.41171074742 2918.281403642163 148.74711349272363
39627811425617274 -2243.2024307746224 1227.052484782031 43.958816097133
39627805377434432 -2728.6522020236716 1514.302004519117 39.89081232512898
39627805377434643 -5973.568720829997 3313.8072604128506 90.82743331671517
39627805352267832 -5440.105063908642 3215.6664547436835 87.26740447318957
39627823505214758 -4414.355768484895 2403.7672380350123 123.07595921377958
39627811425619084 -4305.908917008642 2345.212976265808 94.8529699968135
39627817465416441 -5054.812174624055 2755.04895048913 114.0012221384115
39627805356459857 -5035.1630694785135 2956.65670632641 76.27901636345601
39627805381626166 -4412.858804631438 2434.6819405927713 72.52567450855288
39627877825646434 -3205.583100566262 1820.912137901431 239.6548054490223
39627841628802566 -4681.551232113483 2523.7764057962454 212.0154691617363
39627871806819029 -4282.46481209454 2362.695076987451 302.91788353182744
39627877825644839 -5540.349774643789 3156.781589040282 429.1591636940853
39627877808869968 -3444.927736882341 2033.5925178813602 259.2261307477596
39627859744002929 -4187.1978843361185 2275.1456457275867 242.3745581903646
39627841603639518 -4707.616260199583 2692.1248541357304 216.7801015705144
39627859702056177 -5460.395279145027 3305.437122972757 323.5655570406515
39627877821452548 -4119.918615147268 2361.8382416135937 317.0757586871611
39627853662258102 -5408.252449339419 3274.385075646247 316.1643973094454
39627841616216900 -4579.349814307128 2560.531783588457 214.75864892222017
39627877825645621 -5477.017457808264 3115.829183401684 412.2162872545445
39627859744003267 -2603.079137231852 1413.5164857739037 150.6658954787602
39627871798432278 -3867.0553495823315 2170.033622602895 273.7178665601029
39627877825646358 -4394.504963713037 2496.6407039195806 337.21178827594605
39627877838225455 -3163.0464655218366 1756.1280156118264 229.97463865553902
39627871806819770 -5285.142775834271 2911.4968616801234 368.4509330389711
39627877838225923 -3635.9272339350514 2016.542494628972 264.03245915868126
39627847614076641 -4653.609509232447 2853.392622456693 237.280454102304
39627865737661066 -5273.760019958035 3188.8602890541074 356.48338030678735
39627853658064077 -5843.497072690823 3572.236074246661 339.1340665678076
39627859697862602 -4031.731529734378 2461.5770069817695 244.18025062290823
39627853658064934 -4945.345638347263 3018.471420117462 287.18983250142816
39627853658063490 -4566.215354118859 2794.7177315984277 247.0917973832191
39627847647626120 -4518.469456203057 2578.876498682969 217.60025256501538
39627817469608155 -5826.002089106872 3161.9754468107335 155.41505547164925
39627847668598492 -3847.9435206766325 2081.414283462298 185.81983357769704
39627805356460862 -3706.0554152795266 2172.542619071751 49.40189268270271
39627805381626632 -5559.614742494274 3064.3497056262586 90.0486329781601
39627799316662843 -4996.434261841878 2929.456712713615 57.48483302993503
39627799329243571 -4292.685726496365 2451.0292313059367 49.29559057484973
39627799320858586 -4164.643091916232 2410.8511216681395 50.483843591200596
39627805373235710 -4333.1114266719605 2449.371335607197 62.01401017925375
39627847668598396 -4205.0245807300325 2275.0464588615755 199.87581141908794
39627877821450993 -4606.130252157823 2649.657606133153 358.030720333709
39627877825646719 -2209.5803513500846 1254.3856274331401 169.62741164914667
39627865783796101 -4344.354030702925 2361.1629509888803 276.30765183201135
39627877829837027 -5406.741233412486 3062.8608757770517 413.93896512980876
39627883852862353 -5921.098910861531 3390.052449763031 463.7828519307106
39627883857052636 -5434.092449243725 3105.290099561019 424.0609399505229
39627877813059728 -2610.064196595498 1539.5989254403257 195.05526161981484
39627871806820043 -4110.955064149116 2263.424233351987 288.2236555243995
39627865779605543 -4584.37577623402 2495.875339434755 287.3904249298163
39627877808869886 -4278.0915807174 2525.8761248388414 315.0190351230325
39627871806820283 -4922.7778867706475 2709.0362107703304 343.4952021840324
39627865783796280 -4022.3523009039495 2185.2950069094486 256.7105290616565
39627871806817509 -3829.9305247340994 2120.4368089563773 276.08202336221854
