create_files/QSO_5_clustering_data.ecsv
# %ECSV 1.0
# ---
# datatype:
# - {name: TARGETID, datatype: int64}
# - {name: X, unit: Mpc, datatype: float64}
# - {name: Y, unit: Mpc, datatype: float64}
# - {name: Z, unit: Mpc, datatype: float64}
# schema: astropy-2.0
TARGETID X Y Z
[from data line 213]
39627926999665820 -3234.230228249794 -1794.8254002497442 366.041862537465
39627872796673841 -5341.796493609803 -3102.3225114859847 379.3202060526839
39627884846909292 -3908.7059783878394 -2200.453439732201 306.43180839434075
39627933014297486 -3545.5477289494593 -1965.3792962209666 427.71875466616535
39627914966207707 -4911.64344708839 -2720.9044486995053 514.0105641164852
39627921022780418 -3610.413777670451 -2184.4239980858883 408.95022773497266
39627902953720760 -2028.407271047621 -1217.900332217603 192.91255986719216
39627884859492730 -3258.9676874823435 -1893.7669405132071 265.06919066784803
39627933014298862 -2902.5243793657837 -1612.430417872387 353.4081070499883
39627896901341420 -3686.257025160188 -2070.848817532025 341.942149868267
39627939028927248 -3440.8210738855396 -1922.8076824808304 428.3442472634806
39627896901341004 -5356.741901541519 -3006.299476934391 490.59172786802014
39627914999764105 -3285.3414162975896 -1979.588037023403 345.2776945650136
39627933043655339 -3723.250096557675 -2206.984080938461 447.55815304425835
39627902915970959 -3710.1143004544283 -2030.404696352888 348.414442913542
39627884842717261 -5252.766316475712 -2939.097506604043 411.8605693635593
39627933031077195 -2267.326662574715 -1315.6653459670988 280.31319154320215
39627933035269942 -5280.8154206229765 -3088.3087840047906 648.2699552098437
39627914970400526 -4058.010080579474 -2264.8260241386965 434.1124964650295
39627914970400460 -3718.715363557345 -2075.172566437026 397.3655610162023
39627914966208371 -3584.3896309411903 -1987.9343981640252 370.6595281589359
39627920989229312 -3952.742739309861 -2219.7100689174576 443.26174094861705
39627908938991769 -4675.263412343029 -2560.0537272685415 476.7759192520892
39627921010199926 -5287.426160538434 -3117.587171708002 601.5342043514411
39627921010200148 -5432.692665548424 -3204.6008669615226 616.2759385367707
39627908947382620 -4065.6083372458584 -2283.624817009563 408.12801693109725
39627920980839964 -5978.19780933229 -3284.6497266064343 654.2374578838079
39627908938990691 -4323.753977700476 -2361.365617859297 440.66328261006873
39627920993422838 -2214.7702830298767 -1255.0604450811102 241.7604396313378
39627914982982693 -4349.983978937982 -2500.2077450845236 471.55122759813446
39627896901339169 -3760.582909503981 -2101.7771871747527 341.30336333540356
39627896901340216 -4791.941945751305 -2684.5612377124344 439.51949977930474
39627890869928883 -4084.845145485151 -2249.1880342413024 345.10494079534647
39627878836470189 -2730.446963436201 -1612.2849274773519 211.71757058695567
39627896901341153 -5736.9716552639275 -3220.725585747001 529.9448488493774
39627902945332695 -2605.903179556 -1535.3844918039094 252.23040063776918
39627939037318217 -3935.1962925262733 -2256.012827697177 491.3683878994675
39627902949523881 -4370.55592917866 -2585.302361950607 420.8867779871639
39627927008055962 -5157.484423011485 -2929.1537168905024 584.9471993332181
39627939028930050 -4330.267388444941 -2432.30651712206 538.1730928727616
39627933014299756 -5627.931427324125 -3130.7715452176312 669.9354872867697
39627896913925161 -2617.198157992349 -1514.489635593562 242.68713333703755
39627921001807970 -4740.580045437983 -2723.613514542145 517.4384120563892
39627890874124914 -3529.643991318226 -1970.6698338316573 298.0112976185371
39627921022780679 -4384.305464323186 -2654.020831605696 497.7137295065569
39627884846912325 -3718.7457809090697 -2106.2274448338394 295.4549449817676
39627896930699689 -4891.665898457847 -2933.5250157280384 459.1293419459905
39627939045707528 -5056.289505194671 -2957.252442879483 628.6302584212332
39627939045707600 -5049.5456497762725 -2953.687800209583 628.5969676217476
39627884863686178 -4349.159254657288 -2549.646565247994 354.71126942997466
39627920989229252 -3401.75945055411 -1910.0714932467267 378.80356995420556
39627939028929064 -4795.450402210986 -2688.550596750398 595.0312801832912
39627896939086713 -3904.378284998286 -2381.8773629908596 359.525696919376
39627921022781804 -3763.927483439348 -2283.0381800431715 419.79442413819453
39627921001813107 -3540.0454509368024 -2052.049551038792 393.6174954113673
39627914962013609 -3544.599886624278 -1944.1025866715215 366.54772379145203
39627908943184620 -3360.6948988494937 -1852.4726315083567 343.51791157020955
39627914970401296 -4401.787888954052 -2460.814597456483 471.5677814895787
39627878815499025 -4551.471848145349 -2556.8782658016344 350.20362937190157
39627945051948151 -3549.3832479740213 -2067.4420673305804 459.3767935412222
39627890886706780 -2718.767626397227 -1561.079554157533 237.50179576480522
39627908947381550 -4684.985125675611 -2625.08388716914 480.46326543955365
39627939045707907 -2665.884401303034 -1560.1636906898582 337.1934435987976
39627927037411743 -5438.838926354193 -3287.254136045594 637.5068516280372
39627884846912295 -4950.224932657054 -2803.5064855838204 399.8214668827414
39627896909727689 -3738.158271254881 -2129.393752356636 330.0119584354265
39627920985035782 -2855.705650190088 -1590.2534761830627 308.1445990828609
39627884842717695 -3615.401555630639 -2024.278073871648 297.96032427905305
39627902915969913 -3830.8944331689695 -2090.9172583103655 359.10681815475675
39627927020636880 -4290.65968936993 -2502.634263280956 503.9199616642478
39627914966208946 -3810.950760778052 -2116.292178885601 405.30054264913235
39627921014391276 -3421.7235180057514 -2027.716065087056 388.2219372893672
39627896934894979 -4298.429454045983 -2607.5694038973825 403.4307243295886
39627902957917143 -5305.063581160202 -3226.071590503488 503.1925094063683
39627884846907972 -3847.5977131268646 -2160.4977789159993 314.9279523535691
39627921014391273 -3420.6500118754484 -2027.0662161247028 388.01176112450514
39627902920163497 -3958.720111986603 -2179.880926184401 376.16001914194356
39627884867879494 -3678.1631073362987 -2172.4590365605427 302.6283457465829
39627902936943676 -4387.576697943838 -2531.4229915184187 413.70495299050765
39627914970402969 -5154.586986469962 -2892.251567426498 538.5325164211674
39627902957912597 -4188.489286870014 -2527.446086258936 406.9051250021609
39627890890904070 -4149.186404491401 -2422.0779396891467 348.670745384613
39627896892950155 -5098.844878509318 -2786.3315486834176 454.25799989501644
39627902945334203 -3655.4290639082483 -2160.4504021982466 345.31035725432184
39627902941137673 -2175.1452497887185 -1266.3899562403449 211.20796115925808
39627908972545410 -5348.0901120639455 -3169.543119014972 551.7867700874767
39627884846912049 -3831.084799010234 -2168.6395342515525 311.4518258729067
39627878815503164 -4921.739089754696 -2783.267388698306 380.37185627566697
39627896892950343 -5305.144128329989 -2900.381105220549 471.82516627986996
39627896926503864 -2823.1844498954247 -1672.2254329349933 259.3070372228864
39627896930701981 -4495.406451582198 -2707.138944974017 420.96786063879546
39627896913922772 -2001.556995905055 -1153.350969870041 182.28667732668728
39627896934892042 -2711.232775575604 -1636.0021424967047 245.84252213253708
39627902911779420 -4510.353718540848 -2454.8678189903535 418.77847299759503
39627872792480693 -5752.705204320207 -3314.9636026301723 419.02117820493237
39627908938990156 -4345.626083706906 -2370.239226385384 432.3735533316145
39627939037315372 -5452.884020248433 -3107.783279601774 696.0801173015047
39627890890900124 -5328.857424564027 -3085.919965999074 465.7830355145226
39627908972548076 -4960.184566241604 -2955.489276243492 505.26874527970597
39627914962010160 -4233.550504306799 -2306.3756231379225 442.3713503576874
39627902932747066 -5242.128624543045 -2980.9184560373146 494.7880856226257
39627908976742047 -3756.874045716891 -2258.9445423262036 389.53508095504105
39627939054097899 -3331.1019281747454 -1994.0664723189923 420.6771451592676
39627927033220428 -4311.728958352621 -2594.52099719246 504.746405809562
39627896909727578 -3887.522092404846 -2214.0274914978463 342.3718621995622
39627902915973325 -4596.640011533954 -2530.1411201461433 428.20331651759767
39627914991374309 -3955.6509394458235 -2331.0295920174026 416.29934417192624
39627914991374465 -4470.536521061151 -2635.19283202178 469.90551646346216
39627920989228942 -3397.070375727452 -1906.3822945803645 383.334132879932
39627920989228829 -3397.9190067853538 -1906.4129634219278 383.05086025475634
39627933031074240 -4557.327091401693 -2629.682350547488 560.591841067848
39627902957917642 -4163.87327147671 -2534.0880415021593 402.58721098200306
39627896918116870 -5409.993409459066 -3148.6577242784006 493.2384922023192
39627896905531868 -2822.3166539833983 -1587.3539028234225 254.62375154726797
39627896905532180 -5170.855709447286 -2909.886487326331 466.6860712843619
39627896897146805 -4000.965574927544 -2221.0027471559088 360.2479070398939
39627890895094518 -4256.407974950593 -2490.1070559152286 361.92833440002465
39627896913922151 -2686.8944371650614 -1546.6541856016345 242.24522511832242
39627890886706901 -3822.0538798667294 -2195.011634812356 332.6386028794916
39627914999761243 -3666.4035644802584 -2198.34885425054 389.4046229508362
39627896930701291 -4494.908995118716 -2703.5889604913077 403.19109418679136
39627920997618301 -4564.921017871882 -2619.424906044926 513.3797936268408
39627896930701025 -3183.4200249670694 -1913.848008526059 285.0681214577456
39627914991372349 -3130.814706181078 -1838.9410076249155 336.17972614590843
39627933018491699 -3807.65810573611 -2130.9377183438746 457.0029817019697
39627902949524576 -4929.499844516919 -2920.2801841330793 478.830179507617
39627902928552122 -3564.521902819097 -2003.5744954953695 339.7731051452829
39627884872077120 -3413.8675266095397 -2045.1919192123228 271.8694871961642
39627933035268804 -4053.6886586317864 -2365.5137447502198 503.43872665614253
39627939033124664 -4203.1737739527125 -2387.1793126316757 523.845899930596
39627908955768180 -4377.058359525664 -2491.6261997948636 440.376860867093
39627890878319652 -5732.0939215711705 -3238.2297983006924 488.6492001468883
39627902932748119 -3706.932372777265 -2112.1707760024115 362.0967058260465
39627902957913008 -5563.309297248856 -3359.478442281958 543.3014949344445
39627878832280211 -2108.256010928304 -1243.4802553898173 165.01859884836463
39627896897144773 -4323.713110880439 -2389.937425868301 380.16565933045104
39627927029023276 -3185.3310196916527 -1887.7020455800973 371.84498342065615
39627908972544706 -4384.159617266396 -2594.638438935696 434.92761178995335
39627890890902771 -4046.570467818509 -2355.018477369228 348.05835556709195
39627933039463394 -4398.881068968073 -2590.7094917297263 539.3944988582476
39627914962014500 -4924.124665452957 -2704.6729723756107 518.9770852863862
39627902941139470 -3566.121487881784 -2084.5887676637303 343.646796354914
39627933022687918 -5260.866161031516 -2987.4078466059564 637.8402807307758
39627933039466059 -4336.552081200728 -2564.7370786357005 540.2091193107722
39627902924361602 -4356.069918348518 -2446.3996470980837 420.26515183527204
39627908947379739 -3576.490247887297 -1995.515213941754 349.6208192674594
39627884859492409 -3444.526164703239 -2000.364126570436 274.0575901494748
39627927020638248 -5639.075807402315 -3297.5588044939846 662.3097181940664
39627908980938027 -2146.332646002592 -1305.248521973104 217.10832566142713
39627902953722026 -2674.0688365260135 -1609.1306991605163 258.6675490376547
39627908955768230 -2615.9868397438167 -1489.2881299228925 266.27133379379205
39627890878318699 -4744.696197186321 -2674.807022240956 397.7121741925112
39627896922309176 -5126.908156436613 -3003.09333600449 480.15327440767476
39627927012247794 -4035.203840493121 -2305.1804469515555 475.6856578249193
39627914970400853 -4172.443133211144 -2330.2682741416666 429.64589459860474
39627920985033353 -5547.378754504084 -3074.2920608285453 608.3636101339964
39627890895096667 -4736.148823563848 -2783.0936572022106 415.5631828999461
39627920985033628 -5165.522322306167 -2864.6433121350956 568.4138575910082
39627939049902754 -5879.559153676012 -3478.637171027886 735.7175199693726
39627878828085645 -4686.997533852845 -2734.6625233576506 355.0415379184838
39627920989229166 -2714.0193106497672 -1523.7135629555564 293.78558191430847
39627902957912306 -3341.5458397856955 -2015.4408411906295 325.52623437965644
39627902957912300 -2185.5713473740548 -1318.2025775888358 212.94736243710116
39627933031072650 -2919.9833072773963 -1680.202713494664 352.3686977253291
39627902945330647 -4953.433563697044 -2907.269586945067 467.18659877104307
39627939041509664 -3778.7688997407513 -2175.3584187297142 483.9288407190426
39627878832277227 -3354.7987002710765 -1966.9197403320218 249.4374031074953
39627939041514403 -3203.9030345521264 -1862.128461282899 409.08981651078335
39627939041513910 -2954.5228733228473 -1715.5595804198485 373.55213031041507
39627939041510179 -3930.3706152741042 -2265.123446045438 501.7857366915082
39627927016441364 -4182.6716137226285 -2409.596893661104 493.6586442215571
39627902928552827 -3682.5540432593425 -2072.7251925673922 343.1867976018686
39627933035270038 -4606.749660281058 -2694.671015584899 560.6952073720292
39627914970398909 -4056.6582179914662 -2256.590681881205 421.2706905645798
39627920997618104 -4763.436677997299 -2732.156440703512 519.0046365745156
39627896918115137 -5267.054856639594 -3055.4427546303355 477.613464718739
39627902915972511 -5298.155755668054 -2910.424663890051 493.86255053714365
39627890869932552 -2424.508239068207 -1345.38716451249 202.49219767220353
39627896926505406 -4296.738857026285 -2553.678187590304 400.4290988642955
39627884863688003 -4593.9603999260735 -2702.8488134623 372.70851459446106
39627884863688478 -4028.667008789147 -2372.2166946822986 335.1023021081058
39627878832275991 -4544.506837124114 -2657.7000977143302 355.44002105123275
39627927016440629 -4510.311594033175 -2595.1976767298984 529.5101657528928
39627908947379375 -5031.273063046686 -2805.0138891902284 506.887444465989
39627921001812674 -4181.2757664281435 -2422.0271103197847 465.74716128003706
39627933043657798 -5003.88838753177 -2978.5418692752237 599.3941997745405
39627902936941940 -3871.677713525392 -2226.464386418979 380.2809160425833
39627933039463770 -4362.432892932835 -2570.614828147718 521.3292288382045
39627872796674303 -3648.6090370003462 -2120.9921987045173 261.98070539813637
39627902953722019 -4935.305434417662 -2969.8088087298534 484.91766373248066
39627884867884748 -4159.337171905034 -2478.3321517430186 340.5674752855104
39627920985031396 -5940.485920031779 -3279.788586084966 656.5908120093738
39627939033124002 -3242.4755234363565 -1839.2231605054285 401.9743439396716
39627890899292008 -5572.561630758386 -3315.536860317605 490.5462416903652
39627890903486675 -4993.812202309857 -3001.5398810023967 421.99489578463374
39627939049901501 -3064.2646572060644 -1809.5210754894642 386.7491481806191
39627939033121277 -4366.910389306592 -2464.3777929400567 557.9151061886884
39627890903486705 -3779.5349483250743 -2271.8461249489546 318.9187491367859
39627902962108643 -4541.990863664524 -2775.5532441733753 436.90900160859496
39627927012246170 -3724.429272919684 -2120.6080360486335 433.7482094742665
39627927008053908 -4471.302565628612 -2528.899911055154 516.8263326642295
39627927020635838 -3838.7853797467706 -2234.5702833749024 455.9203224093065
39627915003958642 -4391.115021568383 -2672.9424526386797 465.6787681079249
39627933014296508 -5609.370165219528 -3104.2141219050836 682.3181028225545
39627884863689474 -5277.632372097509 -3113.703982998727 416.92894975728
39627878836474575 -5424.225597022789 -3227.037613868109 411.0292588992615
39627890882513565 -5336.335496679092 -3041.648914595738 454.9898258470765
39627933014300601 -3985.682575804733 -2220.1438157342754 483.9313735358089
39627933018490016 -4326.906645276641 -2414.7866836477924 529.4552353514424
39627902941136202 -4265.674974403775 -2476.467081078083 406.0690507704051
39627933043656078 -3717.8356070869163 -2206.288372634462 449.92355603140396
39627939028927431 -5079.960688959344 -2839.760428651391 632.0893526859471
39627896905533489 -4033.983558763184 -2276.8322887226227 356.7976589733604
