create_files/QSO_16_clustering_data.ecsv
# %ECSV 1.0
# ---
# datatype:
# - {name: TARGETID, datatype: int64}
# - {name: X, unit: Mpc, datatype: float64}
# - {name: Y, unit: Mpc, datatype: float64}
# - {name: Z, unit: Mpc, datatype: float64}
# schema: astropy-2.0
TARGETID X Y Z
[from data line 639]
39628340558041367 -5086.819449031729 -1384.108819458713 2279.0032260330213
39628373621738860 -4011.108078955394 -934.8593261212385 1917.0936355207855
39628368148169846 -5176.9019359063495 -1299.7465948311274 2453.2682109431894
39628368177533095 -3656.984166597012 -1060.1607250122006 1751.0014075748952
39628362670411387 -3702.1943160506435 -1032.8841382002959 1753.0870494907306
39628373638514661 -4382.4267394577955 -1105.4310965631528 2111.0591870663366
39628384594037985 -4993.125428461455 -1350.1977209161093 2455.039173324423
39628368148170517 -3211.7652348125966 -809.2340496607951 1533.089581241501
39628373625932199 -4556.245298210479 -1080.4920899105332 2179.604557164591
39628390029854104 -3110.251878948587 -754.1857432872871 1545.9254571595409
39628379103693532 -3586.097443097175 -856.6552561668371 1730.113462002752
39628346081939714 -3679.2830680296847 -929.0962096416274 1679.3533579866253
39628390034050543 -4022.4597138771924 -1004.0866679714869 1992.5594377273728
39628368169140401 -5087.064034061279 -1400.956316571213 2442.8077504295006
39628346107104761 -4255.683996827248 -1197.5692017041515 1938.5700544049462
39628357129734136 -5133.86232970982 -1236.475904365948 2379.247804358701
39628346090328235 -4893.463043039971 -1285.5423218003164 2216.8536002226806
39628373663681666 -3413.742443645557 -970.2565730508943 1662.7414141791176
39628346090328051 -5907.264500185397 -1550.4758431788414 2674.4282432164314
39628346111295586 -4857.992286196992 -1376.5219799022543 2215.8379515363627
39628384581455462 -5941.037128502138 -1514.6663349591656 2915.520278158263
39628390046633392 -4457.529877352855 -1183.4600274523125 2214.601560431765
39628346090326382 -3422.1552762265956 -891.8445360406358 1564.5875787098003
39628351631001245 -5513.113259712546 -1489.2239718104115 2552.0744413092666
39628340553846373 -4658.104441701371 -1241.6353103637289 2088.0249853659448
39628351614224796 -3881.064183350085 -971.695214339561 1782.240746108357
39628340553846579 -4659.1583816917 -1243.104421454448 2087.4221090120764
39628346102910963 -3991.1228644383127 -1105.8706428764926 1825.4447257284226
39628340537067556 -3099.0244391936008 -756.6649399289937 1390.9415202987525
39628373621739403 -2095.117383070022 -489.47188730234376 1001.0862896915795
39628379141442772 -4645.549850384577 -1326.4612968568154 2279.507208144367
39628340541261987 -5229.19845442458 -1303.682331073848 2338.0303731216272
39628379141442836 -4144.248958319805 -1183.6225597409393 2034.1715567558006
39628362682992049 -3977.3392541589346 -1160.1709703351314 1893.3554810594128
39628368173336156 -3104.98377634744 -876.9033766365703 1482.9413977672746
39628368148169462 -5561.250065757671 -1393.3625338454585 2636.7610124005055
39628368143976344 -5729.682406758221 -1413.2595920852395 2713.045332995038
39628368139784576 -4354.521423211303 -1063.1084473270228 2059.2423009406007
39628346077742070 -5777.811914006085 -1407.666771253155 2607.4396165025246
39628346081938415 -4731.954733949608 -1187.934517992612 2156.1740717979233
39628373663681927 -3862.970622789644 -1099.1299067089185 1881.5492181281707
39628357146514548 -4860.7084865841 -1279.4678443231528 2270.9433869695204
39628340549648888 -3807.8262326987538 -981.7662824306283 1702.289553845753
39628357171675693 -4425.34259698573 -1283.1932747385863 2076.8542964875896
39628346077741387 -4723.301215818707 -1147.2488289595533 2136.4904958496027
39628346086129909 -2586.071046371177 -654.1579875817984 1168.1055786718396
39628362632663899 -4364.520625716328 -1020.2673053993549 2031.0502432620654
39628351601642628 -4781.581930185014 -1130.4612055609089 2195.5271513729203
39628351614223028 -4680.971727769811 -1163.7367642609368 2152.4879422034105
39628368143974580 -3039.093361448076 -743.6416224500498 1436.0056313292978
39628346077741947 -3991.20650123025 -971.8154050254749 1811.185627135216
39628390055019584 -4044.2979606241 -1105.1585944564542 2030.3808239001492
39628362653634361 -4943.326180115597 -1276.6073047675343 2316.170620336422
39628368152363684 -3576.7652697294375 -913.8926277401262 1697.3132411577876
39628351626805858 -5069.191331168889 -1337.5059220125372 2340.103824003253
39628390038244153 -2825.1267188802176 -717.4459847329134 1411.3365037260185
39628390055019946 -3910.4690752839274 -1069.9097323099272 1964.4528684262973
39628357142317865 -4804.93717712333 -1230.4558852952694 2243.4876501708136
39628368169140271 -4832.972938199472 -1330.30284060188 2320.3159527506377
39628368135587987 -5459.191443382087 -1290.4198694963563 2576.764976441248
39628357150708437 -3311.3916263249835 -888.7377496160378 1549.8495578909574
39628340562231973 -4689.358029842993 -1281.6185057906944 2118.6281484902897
39628351610032445 -4726.878091930933 -1171.811117473964 2172.4323471253997
39628395486644139 -4081.39426996589 -1060.290378056801 2064.3241929820883
39628351643583288 -2724.7752749920214 -775.5775161898928 1261.0965530343549
39628362636853735 -3402.9472246154924 -797.7787198555849 1592.7338871692637
39628340558040452 -5744.143351905855 -1557.5512251807259 2581.328378485293
39628351635196302 -2966.956918097909 -817.9216394155774 1370.178941785799
39628334996394624 -4778.929378081045 -1250.0423125099837 2121.992305483907
39628346086131851 -4197.866501067304 -1069.9667579442225 1901.292006687116
39628379112082451 -5099.244804611959 -1267.2672380658184 2477.578611979139
39628357129735540 -4221.09179236114 -1023.7303011527513 1958.0174572861497
39628357125539366 -4841.703202268506 -1137.1024068341696 2250.2492025646848
39628357125538719 -3440.31296234841 -805.6828986555437 1599.7897071494715
39628384573064731 -2418.62229373896 -585.3705037167856 1186.6133833725266
39628346098716836 -5304.624195050447 -1445.3260576980779 2410.1011667873786
39628373621739003 -5232.517500544504 -1220.2796610910252 2502.057377915229
39628362641048414 -3347.6230798612432 -803.2467090581631 1560.3880714465813
39628368148170061 -3146.4661650796265 -790.861552225222 1493.2255458271195
39628373625933054 -2405.23322818237 -572.234584513493 1152.8397448686515
39628362641050313 -2976.473921682246 -719.8929178657372 1387.7735874964305
39628373642709365 -4375.432180660379 -1127.944212008437 2098.9649156936184
39628340545458361 -5724.221341350081 -1466.82992943486 2565.823938876632
39628379137247231 -4217.475782426563 -1175.7596370719286 2070.248772555635
39628362641049676 -3435.591336024392 -828.639599868181 1602.6082900436386
39628346102908949 -4669.139809446585 -1284.2685245539328 2124.0783916125447
39628390038246309 -3527.3120620632913 -903.4478649281931 1746.8698657634081
39628357121348521 -5319.294294914862 -1240.6892571589183 2453.883608632139
39628357121348211 -4557.805447323404 -1061.6602426557758 2118.4122703813327
39628357121348088 -2995.1552969994855 -697.2788863118668 1389.713718696035
39628384573064562 -5033.075703524244 -1217.5137432082017 2467.493634310441
39628340545458333 -3723.4758707510778 -954.0404329526069 1673.991136211329
39628384573067981 -3073.3068261620015 -751.2557357972241 1500.8323404431667
39628384573067606 -4004.0512912123254 -977.6151635429043 1955.6497128232027
39628384581456441 -4794.510787296734 -1227.5582144130435 2373.596893197192
39628384585650705 -3775.8597935250577 -987.0202298607055 1863.63828907785
39628395482451660 -4676.519916968451 -1198.9613870580297 2354.825214327312
39628362653633966 -3479.8341633661894 -897.3542821024705 1644.1856301865118
39628379103691052 -5256.029549480539 -1239.6971285521442 2549.980363082679
39628390034050895 -4596.864319680532 -1148.8022741988405 2283.9472532695304
39628379112083206 -4857.580900282464 -1210.7771874409982 2355.046874553907
39628340558039582 -4628.731801378978 -1251.0969933933814 2090.498237451732
39628373634319169 -4613.92147296181 -1134.1270943872448 2221.093128131046
39628384568871228 -5319.482225403597 -1267.68304575918 2619.3351311152805
39628384568871213 -4924.39544007566 -1173.4581803409512 2426.2742460033905
39628390025662598 -5216.022012775644 -1250.3724639702455 2585.2462363458635
39628373638513489 -2718.9270212523506 -682.2363361190502 1308.5401234025614
39628373655291110 -3764.925886671672 -1023.4687278579512 1810.2881397013525
39628390025662768 -4965.935167156503 -1191.132694258371 2460.8242918248857
39628368143976912 -3769.704727450849 -931.8357910890645 1787.2000823841313
39628384594037705 -3317.641050368343 -896.0782936883155 1646.3102921166408
39628390025664437 -5229.062429091452 -1261.6779525376116 2595.1179191663855
39628390025663040 -4170.520416141718 -1001.3588001216126 2064.6710228284837
39628362636854811 -4149.7965323309545 -977.1213914149118 1944.1075264457104
39628362662022546 -2455.5857851364644 -658.0509435685142 1156.5904386948553
39628346077741800 -2578.8707654039595 -627.5052512016748 1172.5668043705148
39628390029853225 -3961.53141629252 -957.8149451289732 1971.064145255933
39628351643583115 -4654.939842175961 -1324.1788277299697 2153.967779591939
39628362649437510 -2630.6473353699603 -658.6855427014175 1232.0811394479508
39628368173335252 -3759.9513659548807 -1057.5569057073913 1799.0708354487422
39628351622615536 -3414.1624300576095 -897.047774413814 1571.6860983288846
39628351622613611 -5500.6580222478315 -1435.1009873356663 2545.2758757337706
39628390059218217 -4656.3957245221445 -1315.2145974000555 2342.239660811259
39628346081936443 -4403.701844982315 -1095.4110736242314 1988.6181893955754
39628357159094431 -4072.1300557016234 -1124.433006621433 1894.8196465464268
39628362636855626 -2889.770467032103 -682.8068941226031 1357.4768392820902
39628384594038261 -4619.487736449206 -1250.478533577569 2293.027567093982
39628362678800770 -4039.41263806042 -1168.98680189521 1924.3494867585123
39628384594038654 -4152.187530088187 -1125.9160777974269 2052.0596646209274
39628362632663229 -2172.8762572060873 -506.44256923040064 1018.111465091537
39628362632663000 -4464.236622931427 -1039.430141327243 2091.918417281885
39628390025662200 -2959.256317119358 -708.3247867604076 1467.3095193976847
39628362670412221 -2635.147562154202 -737.507764295559 1248.1394371139907
39628390042435830 -4094.1430185461063 -1052.1197438866166 2028.3649586048184
39628384610812680 -2699.470033982211 -778.1869814776826 1338.4269673971044
39628373621739395 -5528.851047417736 -1291.6128214152297 2652.1695643102307
39628395478254464 -4508.8379822746265 -1118.6773270964864 2272.3072599015195
39628357167485007 -3412.2563562392675 -985.841609057421 1598.8690917931413
39628379128857517 -3132.962720877438 -836.9768527643641 1533.7017318102573
39628346073550769 -2301.584200582441 -557.5827432260442 1042.4781815789788
39628379099499066 -5202.123296820339 -1212.405411406148 2510.890259896888
39628357125538280 -4593.925835848258 -1073.7163054558239 2125.1377050133447
39628379120472846 -2084.1876007267947 -543.3830783359062 1013.8638078591622
39628384577260527 -5119.191889434815 -1274.2906576047712 2523.2474224007733
39628379137249691 -3745.6459162748906 -1054.9174328608658 1838.2991229706363
39628368143978179 -2905.6396442417204 -722.5764818249295 1379.6968919305968
39628368173336779 -5075.661280545191 -1437.4954084176577 2426.048484036557
39628390029856488 -4588.173913738253 -1120.1344376548016 2289.7980767805443
39628351631001457 -3594.2255308235667 -971.6854265698514 1664.3436553700803
39628357150708197 -4394.716151848751 -1178.5302161746242 2059.576907091671
39628368148169834 -4480.158107979242 -1124.7576144675925 2139.6736418241912
39628373638513293 -3991.6914220886642 -1000.7645402531167 1913.3693909363274
39628362682995026 -4218.871307677846 -1242.4670944331683 2007.713259966956
39628379120468692 -3587.2263219037045 -920.5581954544989 1746.4493049618418
39628368135588732 -6086.309791179631 -1443.6326018386367 2882.339878235145
39628390042436117 -3288.573009474787 -846.5987161505967 1647.0045608951975
39628368148170793 -5624.28036680738 -1419.1878254573169 2671.880349459276
39628379116274390 -5095.37625950949 -1282.0390669016033 2491.2109665107223
39628357138126355 -4940.326937288368 -1252.000401465737 2294.776855616119
39628362662021434 -3442.9291829254544 -919.2379657213812 1632.5675294011603
39628346115490556 -4948.201130788359 -1430.6214685060197 2276.8872845403234
39628346077742293 -4886.43574453411 -1191.646785561092 2216.2331376156253
39628379107889500 -3592.556277415101 -879.8450140798739 1749.8674503686361
39628384577257660 -5498.473350383339 -1353.8792641989494 2687.783820662313
39628384573065829 -3787.3105156718866 -919.7492829125391 1857.099972085837
39628390042436171 -4003.2731637921565 -1030.79138889498 1999.826012219058
39628368164948328 -5455.339520154595 -1486.6140595607696 2614.7787718707405
39628368160754840 -4142.140144947648 -1111.9630751209188 1966.40799937175
39628373667876836 -2700.349884502937 -784.6865400183567 1312.7527856358715
39628384568873910 -3619.748462424725 -870.3845361504875 1777.801039701113
39628351601643128 -5926.599645579765 -1404.9180680753423 2696.4104156384697
39628340545454709 -5945.486820227158 -1503.025242435226 2653.9182158058966
39628346073549316 -4019.7580589216336 -966.9822269462504 1821.4430789538512
39628340558040961 -4550.738524675067 -1236.2452158789197 2047.571780199581
39628373638512960 -3414.66553427719 -854.7140044064372 1649.0455569864753
39628395478256102 -3057.325034231863 -762.4604173633464 1530.1390898680143
39628351601643953 -4130.077883897177 -982.5582343067716 1896.0049892388438
39628351622615199 -4276.1003014769785 -1122.3788330766822 1966.7720268810588
39628368164949074 -4761.785407580172 -1301.0636364577558 2271.6226440230566
39628384610812769 -3426.288512214932 -988.0768010936113 1703.4011719676846
39628390034051994 -3075.468302008819 -771.3835310360852 1522.1771944156765
39628368156560625 -4811.5048988302815 -1267.025772610778 2285.74556489588
39628362662023042 -4800.948962801053 -1288.6683076159118 2275.6624249030547
39628379137247325 -2951.8549998876406 -823.208310903768 1440.068739654046
39628340558038038 -5047.157695807234 -1355.705859562784 2278.264074636977
39628357125542137 -5865.017387701281 -1393.0768963723801 2724.893415876944
39628362641047917 -3509.1959439706093 -840.3263335268052 1651.9221397100664
39628362645244087 -2826.5163184915546 -696.2011917143427 1332.5877748773325
39628362678800562 -2989.746952573927 -864.7020434433116 1418.7330490609452
39628362649437087 -4954.553813087077 -1238.5866295864387 2316.1179879606225
39628373667876110 -4440.752879559059 -1286.4455712591184 2145.0484709228394
39628346102908387 -3638.8058308256855 -998.9376485009589 1651.7731684367163
39628362641049586 -3815.925845162577 -919.9342538702587 1798.0084631347124
39628384585648338 -4973.042443193748 -1286.9797380904495 2449.5770587297957
39628362645246663 -4982.745692812684 -1240.1895376622977 2350.9187250225
39628346111297082 -4549.481050332531 -1295.8843039294843 2083.0645469560063
39628362653634761 -4279.529678271308 -1106.8718382849008 2026.1262305978712
39628362670408326 -3211.661555569548 -884.8042797613417 1509.58892854093
39628395490837860 -3924.7399376711282 -1036.8997076655583 1976.3201006174313
39628395490836498 -5850.73307926791 -1537.3700135304462 2946.6241672866854
39628395490841681 -5071.5041453227905 -1357.8844021343377 2551.385511228472
39628395486644908 -5326.119859407822 -1388.6655804614352 2683.113343419807
39628384573066105 -5204.723097112163 -1265.2018627473917 2562.1652821820376
39628346102911912 -4022.109462803121 -1117.8933909665282 1837.3070639611158
39628390050825950 -2273.374990681769 -610.9432759396874 1133.567257819129
39628357171676064 -4546.069624247422 -1319.8754062783744 2141.9007992903908
39628357138124368 -4304.706544281211 -1083.6392271950454 2000.8040074130686
39628384602427842 -4037.9528497517554 -1138.6404301868897 2006.9024207559562
39628368152365762 -4097.622087076397 -1058.0771810207345 1946.3409636963456
39628384594036304 -4292.306442652327 -1152.437572559779 2126.2998655436495
39628357159096461 -4930.796740093319 -1371.5944894137106 2299.9067397717004
