create_files/QSO_19_clustering_data.ecsv
# %ECSV 1.0
# ---
# datatype:
# - {name: TARGETID, datatype: int64}
# - {name: X, unit: Mpc, datatype: float64}
# - {name: Y, unit: Mpc, datatype: float64}
# - {name: Z, unit: Mpc, datatype: float64}
# schema: astropy-2.0
TARGETID X Y Z
[from data line 1271]
39633149575037557 -1849.6689654601196 -2583.62578574304 3074.799663085407
39633145238129035 -2111.098223087333 -3266.7821513749063 3725.824999009525
39633166863958135 -2032.5222481337362 -2975.84297178959 3593.8074843570485
39633149604397156 -2417.943493797512 -3691.7307252086616 4248.500877119047
39633166868154214 -2364.2672232705672 -3528.9832597823015 4234.783826477857
39633127567526241 -1666.5956899708692 -2337.748488587074 2649.124542377038
39633166868154073 -1571.3061345185347 -2344.266917504502 2811.8863096585465
39633136434284647 -2446.3389880454747 -3576.8256106115336 4079.017545113773
39633166863959910 -1615.4755649301871 -2381.9291671351048 2874.9092135340525
39633166868153609 -936.4062715387746 -1394.8644046995316 1675.0011592784485
39633166863958205 -2424.5603921962334 -3550.6948338177167 4292.006462585693
39633166863958589 -1636.3020928880749 -2400.173922086321 2899.76896448894
39633145229738538 -1922.6306671727907 -2877.9303006125224 3325.5931724920156
39633162577380437 -2434.624429523833 -3643.6532505928426 4354.409250512098
39633153924532748 -2324.5534854775424 -3309.8726918626717 3929.6139369146977
39633166868153586 -1921.0699178485331 -2861.262398082135 3432.475986670254
39633149596011840 -1389.6849191490185 -2091.31775505299 2417.273954936876
39633114170917516 -1562.1722748214706 -2318.1871715734515 2512.401546712509
39633136425894455 -1624.9486684374122 -2303.301549836787 2656.619072204617
39633127584301658 -1742.5273210469302 -2558.5851976643635 2855.899249281062
39633118650437274 -2404.596287316764 -3454.0464902948765 3836.947538222894
39633118650437367 -1684.8875014605744 -2420.8053585022067 2689.1223225706044
39633140825720834 -1714.9428859330658 -2431.8663551064333 2832.1469532987117
39633158261440825 -1607.348845957678 -2347.5321456356323 2798.08941734125
39633114162531059 -1838.9827951312895 -2680.051625977236 2925.050613661771
39633132042848045 -1997.6314452666945 -3171.7114635282455 3504.0524652479894
39633153949696731 -1494.2122749190783 -2285.4146710447903 2655.60069729059
39633132038654554 -1800.2568481267904 -2822.7073413508083 3123.752605843371
39633145221350147 -2140.766586215251 -3122.314290560173 3617.625959544437
39633123129952253 -1221.9413719951149 -1787.1702761369852 1981.3384326186704
39633158269832230 -2158.745184153244 -3266.7141189563304 3850.896628341353
39633118650435683 -2639.839358966262 -3773.9367201431237 4177.943959267587
39633145238128743 -2141.0086007611812 -3310.0351119357656 3778.6214515277525
39633166868155032 -2113.59240457061 -3163.5239451567872 3796.0355560097946
39633153958085257 -2229.1651296381683 -3499.170891892322 4050.3580525884213
39633145225546656 -2030.7556548893645 -3026.186593690669 3502.3799909734967
39633153953891147 -1894.9996551441345 -2938.457467602247 3395.384015118799
39633118679796751 -2104.2793489147384 -3294.5258165665246 3552.0089272570845
39633118679797551 -1649.2483751563873 -2588.458726375531 2794.3789055686734
39633153945502266 -2046.438570391424 -3086.472423054037 3601.549205392185
39633145225547342 -1533.8501419968384 -2291.1138798150077 2638.4683777000146
39633162577379656 -2253.00281110839 -3361.777332369831 4028.2486889821316
39633118679796572 -1580.58435763226 -2473.280750182789 2663.172375742962
39633123155117758 -1729.0102541579759 -2730.2944271692722 2948.922742181737
39633145225547243 -2015.3867239075387 -3009.3027252455636 3466.0409409034473
39633118679795094 -2069.4025880112745 -3224.265272670447 3473.643109329045
39633127567524540 -2676.2877753397433 -3736.9530201344464 4233.9672795912975
39633127609467862 -1561.6384953960664 -2481.9182310659307 2702.4879608004194
39633153941309952 -2640.135054185653 -3959.581400663173 4639.432912801338
39633140867662583 -2472.1589592244186 -3975.2759391566465 4458.961942881479
39633140821527700 -2143.0840823061476 -3016.09922350491 3509.894859257481
39633114179307345 -1171.6827012005963 -1790.182766154925 1932.580394635284
39633145225544831 -2270.6564380212567 -3361.627712597565 3893.8658454363385
39633145229738020 -2523.4737774277287 -3770.7350517252003 4345.733031897742
39633140821526275 -1499.4544767483928 -2098.936194293305 2440.3387225263014
39633145233933198 -1154.2760702263631 -1752.0880384552959 2012.3308673549502
39633118675603267 -2157.2539869414854 -3344.5903007901875 3599.85822710994
39633158261443768 -2538.7336969595453 -3744.0781392788217 4443.054685505352
39633123155118605 -2305.931606050534 -3651.742641325746 3944.663090343033
39633145225545904 -2596.0123275793017 -3857.758759662935 4455.403240055255
39633140838305859 -2405.422651020446 -3564.563491364879 4094.6670663048794
39633114183502934 -1665.358327315055 -2585.491745217872 2778.677551581467
39633109662042727 -1656.551288568556 -2488.064832649054 2678.1669868714303
39633145233932376 -2490.551162081367 -3770.876925866326 4339.600561145114
39633114170917344 -1742.7517860918974 -2584.761856121594 2796.1032126984546
39633114170918735 -2336.494013628413 -3478.7409936203 3759.0589083185364
39633114175112426 -1574.3584510438434 -2371.592673124748 2554.4724584964038
39633109662042522 -2180.9058090235735 -3273.174237321214 3524.3176156024674
39633114166725285 -2055.280600618585 -3032.964244116255 3284.509937693049
39633114175113619 -2320.126296751331 -3509.9002576130906 3772.267561955019
39633149604397724 -1319.6264103375875 -2019.0988480348212 2326.7954814569202
39633140838303232 -2435.176278660281 -3581.2586686116374 4117.30841486576
39633149604397089 -2383.2895098515996 -3637.8489618085227 4189.532123074417
39633127601082472 -1925.0849825289135 -3007.2347026181137 3296.84382527946
39633149596009762 -1687.8756023948254 -2521.452689175989 2942.2434222872803
39633158269831398 -2163.1550832210946 -3263.3269203872655 3855.5412875078464
39633127609467128 -1322.266327925871 -2095.8445172249803 2291.2075555783667
39633145225546586 -1727.351319713202 -2573.399909092231 2976.727452020735
39633158261441173 -2180.724217772639 -3188.788222890368 3789.785855532464
39633149596009324 -1169.9668614837653 -1745.0749077516903 2027.9671610287223
39633114162531576 -1519.6121523595505 -2218.2717183500536 2426.63856221474
39633145229739354 -1480.2171250615575 -2222.7147836735344 2560.284613455061
39633145229739347 -1143.5163764005183 -1717.0254828604543 1976.6281303508088
39633140842496481 -1318.139145034893 -1956.7926547720488 2247.659694678252
39633109666235736 -1803.4695235010913 -2731.208337175376 2931.996596833604
39633109666235737 -2608.305928025811 -3950.0686224068522 4241.11384638158
39633140842496462 -2053.679160187298 -3048.53979505429 3501.026750890392
39633131996709161 -1513.5686855472431 -2074.8586937490236 2397.916591361886
39633131996709618 -1263.9170015705606 -1735.5048426417352 1996.1147156850286
39633131996709743 -2042.6795990448854 -2806.005198312593 3228.6489246386845
39633114154141400 -2123.6015031086426 -3009.9040249159334 3331.341257416515
39633140817330537 -2025.2259973664127 -2783.314094491089 3256.7194139386156
39633118646242374 -1972.0365159818875 -2794.9109331433438 3093.8100477405396
39633145238127027 -2105.00769779422 -3234.6036535081303 3704.4111212046546
39633123117369144 -1774.44208670698 -2500.536979521325 2805.0410667071696
39633140846693934 -2529.082589599441 -3842.126915710887 4357.2518977215595
39633158261441172 -2175.526058121103 -3181.140209122397 3794.4580378451783
39633145204572884 -1360.973519677199 -1887.4391548272047 2233.1501209165112
39633136451061422 -1222.615152233992 -1879.6099220426124 2110.8769530877357
39633145217155160 -2853.580140724839 -4102.159775734364 4765.038340717379
39633145242324608 -1624.478272111565 -2555.5855325647185 2903.2081077599983
39633149608595198 -2491.4871476905023 -3902.1887613480244 4457.01634375007
39633136430092369 -1008.5120541498002 -1463.891912975902 1668.983298718853
39633149583427591 -2407.463409158951 -3464.222381643185 4071.1575681736826
39633136417508467 -2417.733025448042 -3375.340494505784 3890.7762437004994
39633140821525430 -2036.0112985345493 -2839.568589390213 3322.9132217273695
39633136417508461 -2583.1606592278213 -3606.197612824656 4157.9693820437515
39633136417508291 -2384.634486002334 -3326.7498507580362 3838.152166832436
39633149570844902 -1456.1905392947626 -2022.3846635329785 2397.2795009133615
39633136451061594 -1871.027014988362 -2878.104760277752 3232.739126336201
39633136417506918 -2220.3786674855305 -3082.3626549945698 3577.530285405282
39633132030265031 -1929.4322355717418 -2942.412057083075 3282.8702720395986
39633149604399415 -1525.9247438139662 -2350.585342458174 2695.431197392045
39633140846692958 -1034.4131660532316 -1566.9093421866908 1777.6272398094716
39633140863470404 -1025.7323222895175 -1639.1436210320871 1831.5476446389869
39633162568994022 -2316.0584401108977 -3402.744771681242 4075.6755870226175
39633149570844478 -2296.0810472825697 -3183.548058843663 3780.8529547779513
39633132034459928 -2378.0656806442194 -3681.381431236009 4091.405204881996
39633158261442959 -2623.431001135146 -3858.785555961651 4566.9401142616025
39633136451060914 -2425.734977176327 -3723.036428560218 4163.413835437146
39633114170917964 -1449.3373518941694 -2153.3994304868975 2337.866998517812
39633114170917817 -1506.4525479817169 -2237.3797586515384 2430.778555790457
39633136451061819 -1968.0799824659903 -3029.767718324224 3395.312416597739
39633158257247137 -2450.144860734526 -3539.72609292085 4215.833071632816
39633145233934680 -1527.6368178807393 -2330.129251509416 2663.369142012176
39633153932922112 -1824.4943624700488 -2666.7368226086915 3148.321410890638
39633149591817261 -1349.9854900357702 -2003.3133473713597 2339.0932716131456
39633153932922137 -1995.292863514261 -2916.6303721740146 3443.9924966641756
39633149570844635 -1992.6147026325843 -2764.3923487450593 3282.875281158811
39633153941307876 -2456.8067502963904 -3656.3937575162254 4286.385475363826
39633162573186091 -2294.5960648904424 -3387.176109404425 4060.869959649408
39633162577379992 -2199.7548288636285 -3286.6581808507094 3922.030798773197
39633123129951559 -2140.5958625530834 -3124.678197749124 3481.1449164727073
39633118650435242 -2353.214633633743 -3359.552944485374 3722.8130762928376
39633118675600115 -1796.1541187810783 -2757.0183781866162 2979.735923531944
39633127605274624 -2016.7896667468772 -3173.7562792270974 3485.5548110374925
39633158282412999 -2173.416336632222 -3401.0823908425095 3955.2841866309122
39633136421699954 -1702.453132891611 -2382.1011981008105 2743.88873015432
39633131996711340 -2010.3473999749172 -2776.304613952766 3186.171999271337
39633131996711343 -2058.7145816004777 -2843.1175714716483 3261.8805164321166
39633127563332579 -1803.1473661921286 -2505.0038263654455 2841.2766941524696
39633131996711398 -1915.1398031545282 -2645.3114615437407 3041.8111856736123
39633114162531939 -1913.844271428716 -2797.358373231943 3054.346969818829
39633149583428867 -1870.6134894127877 -2701.9442110084615 3170.3542814097736
39633140817332817 -2534.104292440757 -3508.461725626741 4093.6872753726566
39633118675600988 -2517.297520245794 -3875.7075763078974 4182.959695464686
39633118646241330 -2529.1001167832214 -3571.8048651550894 3975.1209898285974
39633132009292443 -1770.4910533561351 -2523.694231478553 2862.625362268512
39633149591817114 -2294.1588384372753 -3401.953217586756 3972.6459656329334
39633149608594126 -1836.2524119915772 -2865.925473376613 3289.7833855912418
39633118658822813 -1885.7550892454062 -2750.928465969518 3018.3521780364326
39633118646240864 -1998.8161843722246 -2818.387323969756 3137.6095151853874
39633114179308040 -2535.145210264117 -3881.7180805158087 4186.042912526274
39633123113174904 -2353.1631384002685 -3272.76269100202 3707.2919604321046
39633127563332988 -2010.9876163158922 -2796.500735656167 3171.2128322157228
39633118646240521 -2054.7967004732945 -2894.1454824064385 3223.4892801121196
39633140817332179 -1822.3396373650182 -2516.9687992621775 2938.427629076289
39633118650433608 -2811.302989751261 -3992.26211068981 4423.048829792965
39633145229739768 -1855.3510864851094 -2790.592303437714 3212.825718601114
39633153916145141 -2349.0318724601207 -3264.7820436992374 3922.6377327695204
39633145204572470 -2117.0197383939094 -2931.931526697452 3473.766649642562
39633149570845211 -2107.6619711205167 -2930.4409469990237 3495.7994439975096
39633153928725877 -1661.5740614209678 -2386.138876108099 2835.135776703204
39633153928725987 -1777.1543571784962 -2553.3732694366036 3032.568513190862
39633162573187237 -2136.112874312593 -3165.128609599272 3772.7597927386028
39633140842498018 -2000.08860539775 -2984.649266470726 3401.5776022041614
39633118658823603 -2421.979808521377 -3542.0399024285452 3882.4125661818975
39633149570842969 -1034.7473071552035 -1425.9494805276165 1699.2642690352786
39633131996709566 -2038.4827793873585 -2798.5022515655533 3242.115027112361
39633166863959559 -2290.2753585231017 -3371.9127823110757 4073.011229060558
39633140846690816 -1841.8860204441419 -2770.51340441161 3149.271737173575
39633145200379348 -2351.084812368182 -3226.376966931857 3817.840307627261
39633123113173259 -1755.7814604116923 -2430.6686699286965 2755.350562011866
39633123113173208 -2372.674581960833 -3284.1635087894724 3727.9132829133946
39633162564800446 -1376.7960972066248 -1998.0931280815887 2413.925743888621
39633127563329840 -2180.961916802805 -3004.261744102638 3435.909554294674
39633114158337129 -2202.469575297081 -3176.6608018596303 3484.0296886912315
39633114158334851 -2562.617142815355 -3667.000456451713 4041.13423404566
39633131996709550 -2124.726381577268 -2916.752845605637 3360.1019136229543
39633136413313545 -2815.392878217557 -3873.274955138031 4494.043394046804
39633140813138238 -2816.7104769887706 -3851.7162668194896 4541.195672640651
39633131996709510 -2157.2892517294767 -2961.024281854247 3414.636512911033
39633109666234943 -1975.1041591447545 -2983.032979442207 3203.6168121295445
39633132034459061 -2187.332023925815 -3375.9152613303586 3758.7229137854392
39633158269832150 -2334.9010562050826 -3532.221256747279 4172.643302666694
39633136451061679 -2250.892610841316 -3463.3957985669845 3877.162415961634
39633153920339413 -1440.410525406781 -2028.4100812677448 2422.253626802423
39633162568991963 -2192.986665227912 -3199.2920720561538 3857.8701515921252
39633158269831355 -1390.5921358896535 -2097.3865045911866 2465.0373335688896
39633118671406767 -1064.5226283274787 -1617.9132883152288 1761.8194102120665
39633132017682168 -2575.8449307921624 -3779.238085449465 4252.527264609144
39633162564797919 -2598.8099138650896 -3739.9602985890674 4497.9343050191255
39633153932921981 -2019.7248520866037 -2951.180401254722 3482.9428526631164
39633149608594735 -1634.2825687513114 -2555.999996340674 2921.5859618568684
39633153941310284 -1517.0465172411587 -2278.02706440514 2656.5399956495057
39633118679796232 -2293.2103230926373 -3584.80597732838 3868.7435188103977
39633118683988764 -2182.063407526274 -3437.2848041848674 3708.9750245673195
39633145250711572 -2098.1614873457956 -3372.9823573532904 3794.5628771052907
39633127609468064 -1138.7504747655357 -1811.0178316045374 1969.472189005596
39633123159310797 -1781.8751037945722 -2839.059455788878 3084.3399294677015
39633118646241865 -2290.1609547278917 -3240.161540955564 3601.667074138253
39633114183500848 -1970.407848695243 -3042.1899063267174 3263.847298932062
39633114154142317 -2418.4650924226885 -3440.267769442769 3791.519570825357
39633123113175194 -2701.127153289268 -3759.71797156674 4244.240566378476
39633114158337020 -1899.2710556917007 -2738.4068592897033 2989.374697083101
39633123113174717 -1980.433900916362 -2752.907731515914 3112.306389129918
39633114158336310 -2288.9353497832376 -3292.3246661298363 3603.5226633092393
39633114158336935 -1507.934355414246 -2173.643599511192 2376.5050377065068
39633123113173969 -2367.796068911746 -3284.456449359487 3723.733624824436
39633114158334194 -1072.4944969854866 -1531.4881496667433 1682.7729691985944
39633109657846276 -1807.254639231053 -2660.281679441345 2883.026816463317
