create_files/QSO_4_clustering_data.ecsv
# %ECSV 1.0
# ---
# datatype:
# - {name: TARGETID, datatype: int64}
# - {name: X, unit: Mpc, datatype: float64}
# - {name: Y, unit: Mpc, datatype: float64}
# - {name: Z, unit: Mpc, datatype: float64}
# schema: astropy-2.0
TARGETID X Y Z
[from data line 1701]
39628406345697823 -3829.35598136053 -1020.6719712443795 1980.9122809464402
39628406341505541 -5124.368476380092 -1349.392917418699 2650.7519313371195
39628406345698298 -3757.069002824196 -1003.7236394620813 1943.8963212527483
39628417171197390 -3811.092895997387 -1103.9767116022404 2032.2516140572768
39628417171197131 -3993.6697342658426 -1155.7920707878068 2124.948197157795
39628417171196121 -5697.494753528426 -1642.3633776226193 3025.938207116469
39628449299563283 -4459.8227249412175 -1321.60131779782 2516.955273182516
39628427933779445 -4471.70444768574 -1314.90879012586 2416.5814608329533
39628417171196605 -4474.4190561167 -1292.2412084352761 2373.302224228605
39628417171195837 -2080.517944266855 -599.0303069376288 1102.136265304522
39628406349893400 -3439.6173086331773 -937.9014547882509 1784.7899821629967
39628406349893778 -2495.2378766087554 -681.4486073487938 1294.3357109748736
39628411768932587 -4024.4912666803048 -1134.8058492605662 2110.2900806839725
39628449299564179 -5519.46926728849 -1640.9663714317712 3127.171834906509
39628449299564135 -4830.854502445655 -1435.957703388022 2737.3870667049428
39628449299562598 -4784.502075769799 -1414.5477423513482 2710.352087543345
39628449286982598 -2928.9161243481544 -830.6344784179387 1652.0032810311943
39628443960215682 -4441.337108240731 -1227.232933107657 2472.0382702051133
39628443976991140 -4755.265550305169 -1404.9544047589955 2676.7954051292927
39628454605361181 -2810.9105881391242 -830.1696767893139 1614.4066580673339
39628465183392267 -5163.456343892568 -1485.8752416511431 3016.529128949539
39628433294100865 -4210.528414943497 -1247.2850805399148 2299.332236506751
39628454605361379 -3965.0183795892167 -1171.831254131051 2277.716629868915
39628454605361974 -4362.281783528808 -1291.877106174388 2495.96336686787
39628454605361656 -5178.861266498118 -1531.7941089215874 2961.514511820982
39628454605361349 -3899.675038917283 -1152.4258630059683 2230.7399199656743
39628459898569828 -2588.003305504267 -744.3398832452203 1495.6351319688044
39628433294101284 -3923.960996039924 -1163.8285393353688 2152.5468623350353
39628422556682584 -4004.8202302421646 -1159.3505074495804 2141.838886666258
39628433294102270 -3133.7335180358164 -932.5356060454909 1726.5544999045912
39628433294100136 -3710.724156763711 -1096.4118704627792 2044.385590866055
39628449299563029 -4919.976432272752 -1456.749153775378 2798.790364083025
39628454605362077 -3979.4671723526326 -1178.9825592948487 2280.4064812563633
39628465183393193 -2231.095223456667 -644.6186264963956 1298.9262331835446
39628465183392049 -3776.6818296741353 -1085.8004008150174 2207.805899479921
39628438641839330 -4576.235814490334 -1364.6354615033226 2535.4234777774336
39628438641839289 -4017.80684824316 -1197.9672546599406 2235.7997613560838
39628449286982628 -3797.35258111859 -1077.08034999682 2145.5482468348905
39628459902763220 -4276.184124233897 -1248.0169357970892 2470.317444553962
39628411768930568 -4044.2517704880675 -1133.9419200299799 2122.029654429883
39628406341505266 -4390.948250639105 -1154.8907438955825 2275.040251706329
39628438641839417 -4785.496001536942 -1427.4496346529002 2660.6656284669393
39628427933781745 -3560.380591302453 -1055.5576689552283 1939.8258079766717
39628427933781276 -4585.793785680911 -1357.445127140367 2491.382770162593
39628427933781462 -4281.150056024475 -1268.0411538071228 2335.969225286472
39628465183392116 -4258.9476960708225 -1224.7459063153403 2486.210081365177
39628411760544742 -3755.6227916155162 -1025.2171736073658 1955.3535024409405
39628465183393351 -2908.2142619509223 -840.7726116328486 1693.255920533707
39628443960216116 -4474.531530669003 -1238.461453964925 2492.432604335002
39628406354083957 -4158.422940733602 -1140.1037397492864 2158.1090607773767
39628417171197805 -3526.960875688633 -1023.2389833614272 1877.303261083587
39628438587313503 -4610.292612936494 -1053.5947453389533 2520.758798401797
39628454555029350 -4480.524063934582 -1034.993376755886 2534.7718078966063
39628449245038988 -5065.457070768017 -1159.9215682193078 2829.996766977733
39628449245038458 -5302.447981714544 -1211.4163355387575 2950.541757161829
39628443951828863 -4393.592244152819 -1170.066731146653 2451.4340402556836
39628454555030716 -4871.712781818882 -1130.5675256409506 2756.381838514578
39628438587314411 -2483.207689702266 -569.6364288708494 1356.0187873964435
39628438587314447 -2445.827867889566 -561.1006209534523 1337.9044712750485
39628433281517179 -3028.7784506326866 -847.5359317477299 1651.1088837025266
39628454601164891 -4433.814424448566 -1278.5355293435277 2529.5897413965945
39628422527320715 -3907.632236419405 -979.8883564122123 2078.6922146290067
39628449249234371 -3900.059275630659 -919.0192212397393 2171.189409577954
39628427900225835 -3917.0748882774647 -989.4292218795699 2105.6648130200997
39628454559223014 -3895.768286950678 -916.5284421256018 2186.0255316139146
39628417158612280 -4197.998334135775 -1139.8111634394102 2210.8317106935597
39628454601165274 -4150.359670294854 -1198.3919285504824 2367.356008335665
39628438608283170 -4182.266644752249 -1060.218048477675 2286.838061925834
39628454559223294 -3878.7055319163096 -913.31195989649 2176.8896156857504
39628454601164030 -2857.275668895421 -821.1878287821545 1635.7087228479209
39628465166617796 -2591.028491868029 -696.3886357742518 1495.964042101144
39628454601164341 -4228.51393516893 -1216.690828681405 2421.2330227989673
39628459898569228 -4686.9297414783805 -1344.5846998306952 2715.404383560273
39628449249234872 -5239.749112240487 -1237.8806743772086 2918.015226877052
39628465158228011 -5078.490508786404 -1306.6175076818076 2937.2205131205283
39628443972799063 -2703.1710877618816 -792.5955130997321 1509.7658832324748
39628454601165683 -3525.196925456651 -1019.4634203542014 2005.830541925629
39628449278591162 -2562.74382675482 -689.3927668550982 1437.4541158355826
39628449278591259 -3181.8769517237347 -856.2339965149063 1782.4297390770391
39628449274401309 -4548.985706473254 -1222.8736827908367 2548.459112045162
39628433277323445 -3881.0448801144917 -1066.3726829583964 2118.1546594267647
39628449274401016 -3660.095485367894 -982.869832931757 2049.92739028009
39628411747961896 -3417.4986795312843 -880.6432398227709 1779.8589507209413
39628443926660324 -3977.018677918067 -926.157975883432 2188.54064417307
39628438587315598 -2534.320532870757 -583.8937493159867 1387.9982746529322
39628449245041739 -3295.3990907139973 -764.2226471052545 1827.5216264979922
39628449291174739 -5222.126331536461 -1492.8662787335795 2955.9449041328444
39628427883450222 -4579.074052487584 -1068.7630285955809 2439.6299974476574
39628427883450892 -4563.7043329604985 -1068.0023457319116 2432.708181783824
39628443922469443 -4597.433391387488 -1060.051941125865 2539.5719965660383
39628411747962111 -3230.042664645439 -833.2454055272448 1680.1391980544006
39628454563414339 -2418.8293651779 -576.2067597554474 1368.4549887949677
39628454563414368 -5021.326133724367 -1196.335781843071 2839.9753122616416
39628459902763250 -5372.0971004606445 -1568.0293216234672 3089.938013822342
39628470426273319 -4568.611134061734 -1149.0716361649543 2664.513737066843
39628422531514890 -2668.6946781000684 -682.6743652670461 1423.3291683249697
39628422548295115 -5600.208087958782 -1568.7721232438762 2984.0053253959545
39628443976991420 -4188.551975711509 -1238.843917591125 2339.2361895304753
39628475694319239 -2844.957104728943 -749.5669553172431 1684.127199418914
39628475694320987 -4732.9970360886755 -1257.1657666998378 2802.1297690762167
39628449245039562 -4262.646919225376 -978.6568319371684 2378.7933262126053
39628475685932857 -3625.9488408021816 -923.0244924330926 2137.974025213001
39628454559221619 -3851.1474849392307 -901.9562425965793 2173.449713284279
39628470417885384 -5701.837663171122 -1377.6150853689896 3316.2318397439753
39628470417886111 -4249.5466224102875 -1029.6586105555837 2472.379223765686
39628449245040868 -3778.8926114726946 -873.0564606860261 2115.5726941330618
39628449245040596 -3941.8483454113593 -909.5338050355439 2205.91922015879
39628470413692246 -4799.831248735861 -1142.4709471346846 2779.7719099765513
39628465141452475 -4148.521995723881 -987.8868283761908 2399.9050229426266
39628475685931953 -4303.564413073832 -1091.8430620187817 2528.0486405619768
39628470413691965 -4802.0711684051 -1141.849011525685 2781.5762357289022
39628438587313659 -4286.991518465082 -980.3797463446357 2347.7337105115976
39628411752153895 -3825.1277955342216 -994.9039376104926 1985.3860268263668
39628443922467506 -5397.34481816991 -1234.5371096491479 2977.889352438231
39628443951829499 -5465.562733443835 -1458.4709788241698 3028.212016979849
39628454555029170 -3124.3437046080016 -721.2847059150737 1762.687307224842
39628454555029570 -3389.546129599564 -783.5052671015056 1912.693550491848
39628438587315312 -4763.3392554104985 -1096.4323368633302 2597.72523790197
39628454555029211 -2318.2188208050634 -535.2489993916937 1308.2568863028428
39628443922467479 -4315.839057898619 -987.105075072381 2389.9792864811675
39628422514740902 -3947.615142983077 -939.1687420227037 2082.665962201113
39628459856627994 -5011.913472908932 -1178.8051118763124 2853.9516616676924
39628459856627947 -3505.296596550014 -824.2938109703989 1995.6595713816162
39628475685930021 -4764.89398945365 -1200.2050555863652 2811.6918754134344
39628406341503482 -5140.859975726039 -1341.5316680471585 2648.0436290285643
39628422514738366 -3848.132362214505 -906.1470678074537 2032.5919393532204
39628406349890871 -4164.595487974487 -1125.3549234957266 2153.1619117848
39628427896031520 -4523.319182249449 -1119.7611894220756 2421.092711483207
39628433294099936 -2543.9404741737108 -751.1633584773887 1402.4653543606873
39628443947635461 -3047.947546960256 -799.6057080471346 1693.2396677533732
39628443947636139 -4055.830695404478 -1066.5570509351357 2253.4630997179693
39628438641838746 -4819.911979397644 -1433.9900255733864 2661.6915340911833
39628427933779528 -4038.128250393887 -1187.7250239482173 2189.587995785788
39628427933779387 -5301.620279180853 -1558.6742990097578 2874.862538922315
39628433285712582 -5097.469389855538 -1457.1249793905345 2785.343580040877
39628406341503328 -4139.552201335219 -1079.4392142079225 2132.9851762966077
39628411764737971 -5528.415904912782 -1529.6626437113762 2889.654480060858
39628411743764590 -4017.171310639189 -999.9294103880952 2077.989557556045
39628411764737600 -5160.539619023911 -1426.3548486784553 2702.3174036772984
39628411739570267 -3891.1133021077317 -948.5317058608871 2019.2647355047632
39628411735379664 -5266.889482013069 -1276.708441008023 2739.52872835929
39628422514738998 -5401.3748108961545 -1275.2885428275722 2852.3081725036873
39628422514738961 -2968.1655636311716 -700.681266521702 1571.4148083314528
39628411735380756 -3472.437270138141 -845.4194503964848 1804.3183829956083
39628411768933886 -4315.473421530907 -1220.736082460993 2270.8370034468617
39628417162806111 -4164.431459926899 -1149.5706163075959 2195.895366563885
39628411760544038 -4639.67038052887 -1263.46731943075 2413.5751619659122
39628454605359294 -3124.443618220588 -916.1531092555002 1784.4398200842484
39628427933779642 -4607.799772536224 -1355.7105081794402 2509.986569409051
39628411743766968 -5249.4188590694075 -1319.4326810888078 2733.835662280372
39628449295372696 -2873.03863460295 -847.3703643985282 1623.647351602836
39628411764741703 -4020.4960270350666 -1124.858659019112 2099.8446202469636
39628427933778959 -4028.35652741466 -1182.7455847034769 2177.032888352247
39628459902766313 -4500.870017576078 -1329.2255672883302 2589.5140658513533
39628459902766323 -5086.570596788979 -1502.2573740965213 2944.9081094666253
39628411743766838 -4786.1202501824455 -1202.181469770232 2498.6457852261397
39628475698513451 -5163.509525718457 -1386.9034728029408 3057.65743568737
39628459902763298 -4601.15057851464 -1343.197774003646 2650.0891688267907
39628470447248252 -3591.8598875851176 -1012.3279872969813 2119.0579398842565
39628443947635382 -4716.562735961618 -1236.9759944917175 2619.536033779482
39628449299564412 -4742.08092696351 -1411.1088114566162 2683.5326446112094
39628443976994934 -4817.863814582089 -1440.700894555958 2695.7773996486508
39628449299563769 -3772.8038545174986 -1120.020323859247 2146.165899715075
39628438641839484 -3915.197479963465 -1168.1223264852395 2162.593499442049
39628459902764074 -4422.823400423245 -1294.6239534480292 2566.1044147873504
39628449299562997 -3080.910578736725 -912.1458156377048 1743.4135390322942
39628475702706905 -5514.463146199769 -1505.8790715771117 3255.6739998498665
39628475706907214 -4180.918870714945 -1184.2248410079005 2472.1292305763677
39628465183394510 -5146.600355684989 -1494.7041444018562 3012.337817804026
39628459902763682 -2366.7786858799363 -691.8665427327755 1373.76989615453
39628465187586245 -2053.3718187666327 -601.2239297983998 1192.2664241090924
39628470451442906 -4621.393273552332 -1326.4061379948453 2720.717913641065
39628475681739193 -4849.237664323665 -1209.4396376916234 2844.97181997523
39628459852435634 -5111.721082028508 -1187.1031126892806 2895.983115607118
39628454605358381 -4459.287848235109 -1303.6120591716508 2560.674444027302
39628459852435029 -4205.678735773877 -973.9802328267307 2385.3727724744394
39628470413693737 -4543.015030574921 -1087.6910839612399 2635.87116265456
39628470417886911 -4768.927145201131 -1158.4862550894995 2787.0683676314998
39628480937199332 -5439.91716534788 -1405.6649186886716 3231.673698635166
39628470417886121 -4100.476716479962 -993.5687156181173 2396.843583015933
39628480933007892 -2270.3336097389965 -580.9906638080857 1346.636978323338
39628470413691869 -4675.739041700217 -1111.420750247635 2706.6088908473557
39628470417883302 -4641.405141440369 -1112.1810114282428 2689.5187205454495
39628411739574352 -4989.013984271263 -1236.4964005196757 2581.4853833021357
39628411743766850 -2523.7628793954573 -633.9670473140859 1304.9803914172953
39628449274398419 -3082.430336001801 -818.9655656202639 1728.1952766243674
39628417133445203 -4405.555673384906 -1052.8108186836948 2310.5713951520065
39628406341504524 -4178.783327965246 -1095.3966723111891 2155.5569489187533
39628406349891811 -4991.759822471158 -1353.3527673734052 2586.5194720858703
39628411743767179 -5136.596302285048 -1292.1985398425238 2662.8559174853913
39628427929588243 -4242.4263923266035 -1239.5124367164606 2289.5691461116676
39628427929588265 -3967.977321039841 -1159.4129212386708 2144.4345488691665
39628475702706239 -3996.697838869666 -1088.9455631658047 2368.7617607466445
39628454609551947 -3171.5804853775057 -942.5191922400277 1813.021086495981
39628438641839156 -4575.526395610975 -1363.5593454265625 2540.64549789875
39628438641840275 -2751.630860577076 -823.4471759815727 1532.4909094043498
39628459902763052 -4085.2695993914535 -1191.5560989588412 2364.8173787167034
39628443922467837 -4344.778635954224 -994.9198678348781 2394.490979328569
39628443922466431 -3559.6362979363207 -810.919861299111 1958.6879835694367
39628443922468436 -4554.627737503327 -1045.4962408032748 2509.1609280992975
39628465141450409 -4597.3690806932045 -1083.6912355919974 2634.99112056222
39628417129253725 -3254.4844177494283 -771.3595652271283 1711.6931893097528
39628422514740566 -5947.552251166218 -1413.2319163753718 3135.195830367693
39628459856628297 -2153.785407513567 -507.23853719232125 1230.6850549151102
39628411743764677 -4013.1705583200483 -999.235218122526 2085.3880762263148
39628406345696828 -4286.465702253543 -1137.8816667753795 2211.1434826691484
39628411768935290 -2488.579027191289 -706.7250206231431 1305.0421405511931
39628443976993529 -4503.808211994653 -1341.3380672122514 2536.3824274689514
39628459902764292 -5464.7292578710285 -1600.8405474650265 3152.907558843288
39628465141451080 -4224.409899676182 -999.139967184278 2443.4882946413377
39628459856627891 -4596.162079049093 -1080.5784516690935 2625.474186136244
39628480945586974 -2034.1638446969819 -545.5537240095089 1213.174429424174
