create_files/QSO_13_clustering_data.ecsv
# %ECSV 1.0
# ---
# datatype:
# - {name: TARGETID, datatype: int64}
# - {name: X, unit: Mpc, datatype: float64}
# - {name: Y, unit: Mpc, datatype: float64}
# - {name: Z, unit: Mpc, datatype: float64}
# schema: astropy-2.0
TARGETID X Y Z
[from data line 212]
39633145351376544 -1103.1760377326787 -2532.4103914448037 2653.476910186646
39633132130927719 -850.5453423545101 -1813.2455015214653 1863.6295205070244
39633145351376720 -1011.7416200891187 -2323.7528470365796 2429.3638592159136
39633118801429051 -1292.140094881341 -3043.6120253485833 3016.3507331063843
39633118793040255 -1123.5935653559695 -2561.018622026479 2548.500556377784
39633154050361144 -1768.0824128590525 -3834.5311743254642 4121.821841899274
39633132122538937 -1190.2655054256593 -2458.7261419098327 2543.968437701949
39633127726910895 -1594.4690788361706 -3857.9983948841277 3861.8964504666687
39633140955745114 -1437.2153851985418 -3154.269831516892 3276.9982091082406
39633149700868919 -2025.477880219242 -4334.773770032545 4609.147488608136
39633132160289563 -1402.88054028687 -3373.1683689051865 3404.4856298541167
39633123259977633 -1999.0723515501675 -4553.728130975329 4549.342416565457
39633154054554770 -1452.061692852961 -3193.1133110898877 3406.905016808431
39633140938965092 -2103.4164659730272 -4293.739611531643 4536.201992194624
39633149717644099 -1494.1277915960047 -3385.2150748256 3585.3049007860227
39633118784653836 -1643.4187360190715 -3655.986655962793 3632.9315495624674
39633149705062955 -999.8372129705905 -2172.5238925244025 2301.518042438382
39633132122539765 -2000.1719699109055 -4146.31263971592 4300.486359054537
39633123259976692 -1818.945219659919 -4129.774246481103 4126.367661643435
39633132143510227 -1752.847888115209 -3910.981253629258 3986.6761007626815
39633145338792936 -1881.645357439153 -4114.262429087704 4343.831564830705
39633136555917480 -1953.0294442686652 -4259.771813917254 4407.908195473536
39633127701743278 -1291.1001333356621 -2812.233871760236 2854.7327746529168
39633127714325843 -692.3460727822236 -1579.709447206992 1593.978873818103
39633127718522873 -1348.0028638297445 -3159.680464317194 3175.312413416988
39633145342984511 -1451.6590323335363 -3191.0699083979525 3358.083584024703
39633145330401548 -1483.474017390513 -3110.872452247965 3296.2129075869225
39633127718522918 -1410.4688319966697 -3307.003320854621 3323.3279338052407
39633140943160256 -1109.6061207959215 -2308.0616700797395 2431.6570529060527
39633140955745049 -1548.4916671945632 -3397.766394887354 3545.1313179176673
39633140951550362 -805.3848352247483 -1737.9298976541977 1823.2903981230193
39633158366300237 -1589.4503293009757 -3329.299138917797 3623.2740757464635
39633149696675420 -776.7368229364087 -1642.194614261736 1750.7718879378035
39633136564309620 -1369.0961323989668 -3117.680270081354 3205.4392301335524
39633158395660369 -1290.2843821811264 -3028.556008677134 3242.340100004718
39633123251588737 -1393.8925203913227 -3075.104922016538 3089.1589064561035
39633149692481228 -1022.4364735574248 -2129.020502269739 2273.9309851643734
39633158391465111 -1311.3671363347469 -3016.772022675299 3220.2460214864227
39633127718520615 -761.1379255158596 -1768.414930718635 1779.5205175346082
39633123251588098 -1822.29133320523 -4010.4688087885215 4036.768948385992
39633158374690088 -1821.6491391259724 -3957.1448291378606 4289.839814806688
39633136581085218 -1229.1684516266846 -2981.3355926421305 3023.196257817735
39633140938968046 -1378.338765415884 -2848.8764342175405 2992.3651326260765
39633132156094471 -1533.7470391758309 -3608.3172527601064 3652.8832182471224
39633118788847367 -1240.6218193275515 -2797.9178144626026 2772.72456131398
39633114296746546 -1587.6924433874474 -3579.4015996762823 3533.8335819336457
39633158383078782 -891.5061930648641 -1998.5249969035087 2141.7400756011766
39633132143510877 -1272.079642033455 -2845.21802506134 2913.5277023643457
39633123268364143 -1606.335129770119 -3747.4049898720586 3725.520914726205
39633127718521057 -1120.9478069497868 -2608.7760202281956 2624.467034949743
39633114292553371 -1620.076838748877 -3610.780298020836 3570.208781153141
39633145338793257 -1523.5869724527033 -3335.155610749162 3509.2852839462234
39633123255779546 -1324.306739485462 -2926.818924120367 2947.399628488469
39633136564309439 -1258.836907041597 -2864.726445125651 2946.985119974391
39633140947355785 -1985.2635019160348 -4213.237831329568 4410.807320459464
39633145326207645 -1664.8734716015879 -3442.55681109466 3665.7776108712915
39633158399853637 -1484.6703717888204 -3529.4288908581075 3753.443295245783
39633127714324865 -1530.7915965048514 -3479.5399561313384 3510.8980190572347
39633123259976853 -733.5388539098327 -1666.5750721363283 1669.6127147851353
39633149717645200 -1362.6728852856336 -3100.968197850594 3262.477239419627
39633149709257066 -734.6723547320616 -1621.2080194117852 1722.2476978297468
39633118776263916 -1397.8000393699128 -3000.1301642656836 3003.2449110167704
39633136547528974 -1867.9189122302032 -3951.3468584374114 4098.6406094922095
39633145334598910 -1240.8874207541655 -2675.910139507946 2834.641898986144
39633140947354590 -1533.6709155057868 -3240.1408118276654 3397.120720148178
39633158395660371 -1798.2963248825602 -4220.97119628254 4517.580418924028
39633132156093314 -1488.3650390171124 -3487.1792579101557 3531.8644067957384
39633149726031980 -1672.3755208315615 -3905.0156792038433 4097.5002805676595
39633123251585425 -1923.271770503562 -4187.270566005467 4214.310441422178
39633145338794007 -1399.869427308531 -3072.534278750979 3224.452894728545
39633145330404889 -1264.0814547654986 -2683.0064704237943 2837.8758808498383
39633136568502642 -1361.3137869055488 -3140.9027520598534 3208.951889396328
39633136576891198 -834.2224469117249 -1992.4160059268766 2035.2567671730428
39633118784653549 -721.7325661420529 -1604.0588355034738 1595.459939489493
39633158391465787 -1777.4933085538003 -4100.3691869823515 4401.482361888706
39633145342985880 -841.4577309880825 -1859.871893274358 1946.2696022019159
39633127714325865 -1560.325483923034 -3560.570080986129 3583.818215420829
39633136551723879 -1695.8261244975947 -3650.79314547871 3784.258416685338
39633136555920326 -1852.858222429333 -4078.3597900715577 4200.349273019725
39633158391465886 -1038.1942564143458 -2395.880812051455 2575.2471452906875
39633118776263474 -1660.1668355102163 -3558.5640795146246 3556.1433494961107
39633127701742812 -1827.4745860198175 -3974.4347655824727 4055.516969675676
39633127726909860 -1758.0893568013644 -4234.3485549825145 4251.722139656303
39633149717647177 -1457.5559912467586 -3341.6970117401006 3528.8941334246497
39633127714326006 -1697.188185224665 -3875.401145646819 3924.0039155817826
39633140951551857 -1435.0770074313139 -3114.000109590464 3243.5756331641787
39633136564309643 -931.1159415533618 -2120.5717328396877 2181.8817934951576
39633158370495264 -1815.8012791675583 -3875.5071867230945 4221.669144262914
39633158391464888 -1409.269629889446 -3239.100444921011 3461.158711829288
39633127726909542 -1857.9544729220463 -4468.401443214293 4486.668622145747
39633132122540279 -1527.3181038534306 -3173.1547992650007 3274.9701816905936
39633127710130397 -1920.839540164543 -4294.962067874556 4357.823322116496
39633154071333087 -1134.086412988526 -2675.5303392391497 2835.325232965605
39633145330403714 -969.9263813131853 -2049.175013596007 2177.936711370713
39633149721837689 -1487.5918591783716 -3415.948871625881 3608.284387277601
39633154050362184 -934.5652826860057 -2034.3818663037496 2188.3670791101767
39633145326207631 -1661.2784296541568 -3434.8879631061604 3653.421055107727
39633145330404361 -1099.2182462074331 -2328.2747489360436 2473.419413584838
39633149721837724 -1277.7390894618798 -2934.500133829035 3098.9802915836844
39633132151900587 -1315.3804197167037 -3050.5034325568035 3110.736938006256
39633118793040239 -1086.864052605237 -2477.1670129628073 2462.852286070883
39633162686433283 -695.0643203776107 -1519.2304293067848 1656.6472230340305
39633127705936057 -1438.418432026533 -3164.7275288458213 3226.044102138864
39633123259976961 -1717.5268607955732 -3903.772260288 3911.2826426531983
39633158370495758 -1736.6811818535325 -3713.4973451432834 4016.289648570431
39633127697548677 -1302.6423917533007 -2790.743142124858 2841.49970569786
39633132147704043 -1704.315863432529 -3856.1389714305783 3931.832943919976
39633123239005746 -1024.5846066285471 -2150.627978233931 2177.215374072091
39633118797235672 -1003.5783737092327 -2333.518208559095 2305.9589970592633
39633127701743100 -1786.553043463514 -3888.9930437636726 3946.2802705251165
39633149730229661 -1314.0328492812744 -3166.810005216587 3322.653087751931
39633140976715002 -1314.2380383417317 -3110.121711952724 3199.4602507809273
39633154054555394 -1345.098322314857 -2965.2504637274014 3183.337819026356
39633127705936721 -1087.7316461458063 -2399.0081424538125 2439.442320827461
39633154054555396 -1155.8845299744412 -2548.1465273336244 2736.3080631701123
39633140968330404 -1289.727562016382 -2985.858211133127 3093.498496790652
39633145342984904 -1021.189823600166 -2247.853992770234 2356.5897971004415
39633145363956665 -1616.4478377669518 -3867.493319906202 4021.6364487643636
39633140968329530 -1299.4780759826804 -2999.8417313144055 3109.2665693620097
39633149713451205 -1335.4023800153466 -2996.2882221800633 3155.7465387134675
39633123268365893 -741.0147911903571 -1741.110405053929 1731.8839061850365
39633140968327069 -1785.547893543966 -4090.309335756256 4233.9541915828395
39633123272560590 -1719.775829953656 -4116.207457900012 4092.8911431243514
39633132126732560 -950.5223123088573 -1988.657430427719 2053.036126786444
39633136555919375 -776.6888397486983 -1704.3210620878613 1761.0071239787753
39633132139316979 -841.7875963176766 -1855.390932668796 1897.3097332004634
39633118793042056 -1465.0259708809185 -3360.9761235358274 3338.3529994116675
39633118788848804 -1773.0510213277244 -4024.4395790284266 4010.1994381757117
39633162690629241 -1416.392864437533 -3170.614833961175 3441.857207599521
39633140985104081 -1205.5787297083261 -2955.386619736102 3019.6195853230333
39633154054556367 -1483.503814167485 -3284.0353050600575 3516.7926391439423
39633136568504088 -1400.9382837193104 -3250.1083331072023 3331.6034727929978
39633123259973938 -1434.94599452132 -3222.5595204705583 3223.2661311620554
39633154071334344 -662.4468326187547 -1569.3044494156034 1664.530819477875
39633145326210407 -1287.9675321403824 -2693.393276444275 2859.7957619700956
39633149717646505 -1100.226808308762 -2516.8763759711246 2648.9582185775735
39633158391466807 -1344.8128174067688 -3114.2464291422443 3319.2943176032672
39633158391466051 -1072.9688679993799 -2477.61499438596 2653.668530644397
39633123264169498 -1809.0860082516213 -4150.774639573199 4135.399454674916
39633158387270080 -1702.0793400267892 -3840.2163571164656 4111.366269279728
39633127714327757 -1097.059907493351 -2523.6186416422943 2538.733334546102
39633118788847744 -1613.6380025474018 -3645.40481216772 3615.151910140566
39633123276751888 -1503.8697774366892 -3614.800317648551 3586.7982997628515
39633140943160954 -1054.0810629966104 -2200.308739016372 2307.6864017360945
39633136581087062 -1629.0878194611198 -3979.48387697087 4035.3668636325924
39633127718521297 -1765.8541133051392 -4113.264261596566 4151.426761046224
39633162690627715 -1499.459203766772 -3335.3011463581 3634.640092584224
39633118788846753 -1143.2913541949679 -2572.183844758919 2556.935831845651
39633132139316722 -809.662618078607 -1782.854004857224 1823.5625612217013
39633123264169893 -1876.3869646605808 -4313.17046603359 4312.828678690016
39633118776263374 -1137.0402756416138 -2436.4786789293007 2450.1778004638118
39633149713451185 -1355.6676326645859 -3041.5490422021876 3205.588279460916
39633132160288581 -1495.6453480596392 -3580.3647268284462 3629.240430574907
39633140955742697 -1431.2705292215587 -3112.8170681006486 3246.9263350155097
39633166985594509 -1978.1336413510023 -4439.322778235897 4850.599836814711
39633136585277735 -1485.6295749158633 -3635.91205664882 3682.4586970917444
39633140943162295 -1294.13813896933 -2716.9306598654425 2852.4608564171813
39633149717647402 -1581.5534631032801 -3628.8350908932757 3823.8900138309855
39633149713449637 -996.9719841731605 -2221.1552657091743 2349.945342550912
39633140955744116 -1893.481418661249 -4141.304565914967 4323.62375058534
39633127705937008 -1764.876793778245 -3896.4393393000446 3948.912555559362
39633114296749578 -933.0481161937153 -2130.1049196266904 2096.377438921653
39633136555921612 -1969.5212663729185 -4355.497649132539 4504.2751239651525
39633154046169354 -1637.5268154317778 -3525.8612048371774 3786.9170690625538
39633136572694910 -1380.6882255191654 -3215.078660476088 3304.044371756963
39633136576889894 -1578.4805910245047 -3747.502233803919 3839.9323121886446
39633154075527611 -1611.1954463264053 -3869.536460193932 4095.6572384146807
39633123259975426 -718.142890146352 -1622.4553479871113 1629.922170075991
39633149726031926 -1878.9428799239981 -4386.154013835537 4621.4886094167605
39633136581083467 -1281.970864102624 -3086.145971364722 3156.774218506028
39633158370495667 -1525.5721246779397 -3260.9728759554996 3547.9637472434615
39633158378883244 -1391.130622165994 -3054.334332587599 3297.053448020799
39633132151899180 -1613.6129186806163 -3721.7932456200033 3779.8351939666286
39633162678045656 -1383.7990559679686 -2945.4049658066856 3223.352611505959
39633127693355842 -1835.5847236262703 -3893.756188778968 3990.2575170112773
39633154067138404 -1092.4269175117709 -2532.8440967365746 2683.544180065871
39633127714327025 -1670.9654840760654 -3832.610622665617 3856.265889608712
39633123264169756 -1862.3536174082171 -4277.94969794275 4258.511192598953
39633140938967629 -1783.496460580368 -3678.860552290379 3892.728010340968
39633136551726620 -928.1537946183535 -2016.072456300075 2081.70359961723
39633140951551249 -1720.1227319741645 -3724.321085589645 3896.356250537263
39633145326210483 -1285.6459827511903 -2689.34543927154 2854.7413349285744
39633127722715993 -1617.0042520139523 -3835.631951056824 3834.044600959836
39633149717644047 -1277.0248950192615 -2892.608690087225 3056.6549727906595
39633140985104813 -952.6702817784433 -2342.2234404718124 2390.013463645712
39633140985104836 -1585.9570407734668 -3899.5238820428003 3979.72312528758
39633140955744822 -1173.5787800084331 -2573.2550162539746 2684.912354572123
39633158395659954 -1017.9996134187172 -2385.7419822390725 2550.91344525487
39633136539140746 -1211.8073819745011 -2491.1999706187453 2613.9631135149566
39633158378883278 -1097.8764035820927 -2410.7083878222165 2600.9011503458187
39633136543337962 -876.0675210067108 -1848.526517533946 1927.1643573656302
39633162678046196 -1583.7874803807506 -3378.164636210436 3695.5764509092614
39633118793040760 -1689.078947563734 -3857.1723556244424 3837.1225918145815
39633118788849163 -795.3055383169656 -1807.9412893597776 1794.706500796656
39633136555920813 -1893.6648522001888 -4175.690323575173 4310.669991308069
39633149705063388 -1477.0784141440715 -3215.1739100427963 3414.74234927003
39633127705940012 -1226.691629055404 -2738.2515246754997 2780.3439503523573
39633140976716597 -975.7360798500243 -2323.5369665860526 2388.372749872948
39633127689159276 -1600.1777758118048 -3316.490560663959 3413.6327115395716
39633118793041936 -1529.3969397346632 -3507.0514393614185 3474.843232818468
39633158395661752 -993.9830662463742 -2347.202353381879 2503.75091935779
39633149717645020 -1258.5031081583759 -2861.9427061111564 3011.117955611277
39633123251585584 -1926.1128807402554 -4196.293244616883 4222.046219760475
39633136555921960 -1207.3289881922574 -2673.4586112792217 2758.7284374109545
39633127731102356 -1461.3787112775449 -3552.2816093568863 3565.7511096575186
39633140980910649 -1560.5312702459703 -3775.6909370154917 3884.213386708197
39633114292555658 -1449.3386712428928 -3259.795760730059 3220.307676809554
39633136555920486 -1661.36784032022 -3658.8544904852297 3772.979524136911
39633140943161920 -1220.0120451295745 -2557.472565558616 2685.9167572436572
39633127689159219 -1330.9996134234461 -2757.968386229776 2840.0295627430737
39633136581084310 -1169.1359608498458 -2825.2283044011647 2868.1254460973305
