create_files/QSO_12_clustering_data.ecsv
# %ECSV 1.0
# ---
# datatype:
# - {name: TARGETID, datatype: int64}
# - {name: X, unit: Mpc, datatype: float64}
# - {name: Y, unit: Mpc, datatype: float64}
# - {name: Z, unit: Mpc, datatype: float64}
# schema: astropy-2.0
TARGETID X Y Z
[from data line 1271]
39633140905413311 -1298.0908504470774 -2377.748418831296 2581.2535061218246
39633140905413618 -1296.9928941923065 -2378.221117322225 2581.014157024426
39633140905412371 -1412.5714669906336 -2579.014036079809 2792.6717327737947
39633149637953321 -1719.5473909468328 -2946.4055056299544 3307.901569622061
39633140884442787 -1833.247044410799 -3139.7619319224154 3442.565370773306
39633136505586750 -1337.7934289010157 -2450.3739894640144 2618.8636486309247
39633166922680640 -1688.6932314068797 -3017.39278701629 3468.121164245127
39633166918487395 -1302.8434510828217 -2302.5781444879485 2649.3693427161566
39633162619324621 -1841.5714553287532 -3167.7623702251526 3642.8237440717344
39633162644490387 -1365.6414584541415 -2563.402397743472 2877.3084989127105
39633145263292847 -1936.3123307689425 -3221.9079869609814 3585.980438832379
39633140876053985 -1904.03770598251 -3174.0069340663144 3503.3946192059516
39633140905411166 -1688.3328060189954 -3070.757050032836 3321.8497894961693
39633162619323437 -1587.1649564806298 -2719.066157215862 3127.8865129157934
39633145288461795 -1574.743781361508 -2880.005411885523 3132.553459963916
39633166918486208 -1952.7682052765583 -3438.5343225291945 3958.685370400229
39633158303387689 -836.7023875839092 -1415.7294311644491 1622.9418672240406
39633153974865509 -1876.9650800668867 -3147.046412257541 3565.205906394048
39633153979056168 -1372.9684138237612 -2302.1689165486646 2610.759219965497
39633162615130200 -2095.793863679733 -3553.425784906278 4085.6579692148225
39633158320161827 -1641.531809567878 -2906.9145131951627 3294.5188594003603
39633123192867673 -1298.0857002236091 -2322.6266504819014 2443.348130541153
39633149646342049 -1439.852237236871 -2534.4589906792285 2803.113068739274
39633162636103014 -2268.9371879665505 -4150.1586128854815 4699.378699614268
39633132063818148 -1466.5676520599438 -2475.4284595679833 2684.3795938052376
39633114225444154 -1345.9363276126119 -2374.6076933294007 2465.514287112064
39633140909606395 -1080.8685286177074 -2000.076871000195 2165.733039568635
39633153987445316 -1459.7878444870998 -2521.6187550219297 2827.7562409641178
39633140888635004 -1993.8746277810405 -3440.7814523233774 3762.180851824229
39633114221250836 -2439.541043176562 -4258.448983201544 4435.367580001557
39633154016808392 -1066.0647183812716 -2059.6940813565457 2252.2876274007144
39633127659802401 -1596.1699689675959 -3020.577135884902 3152.481890651688
39633158328551337 -1470.5616212332834 -2688.9625136195014 2999.487618259328
39633136484616086 -2499.5485774155627 -4280.833784286114 4671.714738659333
39633136484616217 -2497.1462242820126 -4279.030278499487 4668.295300320918
39633132080597912 -2050.1058514185274 -3687.3513896584627 3919.593753486448
39633114229639104 -2201.5956780525303 -3949.0940583538563 4057.194677452369
39633123180281991 -2357.8760640661944 -4012.1647407410387 4274.611833319346
39633114229639995 -1009.7381039725221 -1817.6001101342242 1868.7550952050267
39633158307578011 -1214.695845901067 -2056.359511190876 2337.7294691684697
39633136497199595 -2313.7251708691656 -4135.128966352585 4465.450465908382
39633118738516865 -1905.1714443320682 -3605.237579246882 3713.7873659812135
39633114221250907 -2045.546944474379 -3571.5712164251395 3707.197084081078
39633118704963306 -1651.9967264906443 -2810.182109189951 2973.1019931204014
39633127622052876 -1940.6371447106856 -3227.923722211822 3488.344034401865
39633158303387469 -1718.2724249760986 -2905.094980261647 3307.2162395794894
39633127626245129 -1872.2330788353872 -3137.6171126821996 3371.737139797029
39633123180284423 -1339.1847299369222 -2295.2614845096614 2443.2102555223555
39633127622052863 -1727.7285388988626 -2873.6663724043365 3112.2297673062885
39633140876053539 -2332.916618848824 -3882.833525979068 4287.56155338435
39633127622052382 -2507.2618033660215 -4163.533909269654 4505.505197846605
39633127622053247 -1875.0012597197915 -3123.297416622156 3362.9028705204905
39633123171896430 -1250.363665503736 -2090.6648872806068 2238.6837171836737
39633123171896533 -1616.3144789159899 -2703.3031238211247 2891.880307801787
39633140876052151 -1993.4187932096793 -3301.8924598266717 3665.774330766825
39633114221250686 -1302.6605448294013 -2272.7782344373372 2368.3608844393225
39633123176091568 -1361.6135135112836 -2313.0108716339687 2453.3745563125285
39633153995835859 -1490.7916952497728 -2669.4405116086987 2982.7137834681057
39633136488810222 -1869.8601712566374 -3245.303032404923 3534.4517045767475
39633114225444918 -2253.5410844647895 -3987.8881915753577 4114.683074852876
39633136488810632 -1468.5575305430598 -2552.4693774683474 2779.4998043199894
39633162623519633 -1581.5398296739177 -2764.6252879245494 3160.0991862425194
39633166926875204 -2032.3486771796784 -3688.863849687189 4221.37965627635
39633158303384983 -2161.1840411001904 -3624.8163118920415 4129.842728254461
39633166918486003 -2099.4140098422263 -3694.1845870088314 4238.192612748038
39633158303385732 -1482.6279600702967 -2492.48225591896 2847.987986783436
39633127622052901 -2083.6422007936767 -3465.9887935573465 3746.6416739518513
39633158303385652 -2202.6506493916345 -3702.0287759533876 4224.513094084947
39633123176091812 -1829.7490539296764 -3110.643201458577 3292.9543627910152
39633118704963212 -1035.1291699126416 -1760.2691791908424 1853.042545647046
39633123176091946 -1987.4345842582802 -3380.244708684561 3579.9412199931803
39633145259102056 -1293.453043670675 -2148.676773803165 2407.6402073585314
39633140876053800 -1494.8558024856545 -2490.2346515523977 2745.828922529603
39633158303384559 -1724.2492056561084 -2887.7586732172417 3302.1793338978837
39633162615131638 -1720.5758361922124 -2931.4877137751987 3371.0423340394277
39633162619323090 -1569.9340580067583 -2686.3257645400586 3092.4927283760576
39633166918486296 -1560.364586364409 -2748.381246649983 3156.794692061328
39633149629563535 -2115.7062824488435 -3508.437718594845 3941.272900651807
39633149629563635 -2045.902163011181 -3393.9793306272586 3837.7039895000753
39633145259100237 -1536.509060371782 -2537.3768138494816 2842.7326836814486
39633153974863883 -1833.026266150105 -3055.5306127081085 3463.586076994485
39633158303386108 -2091.556216423735 -3520.022957957107 4035.059528817366
39633109729151789 -1027.889773688283 -1907.5494042351922 1937.463895604107
39633123222226051 -1885.591106023604 -3702.9917187566866 3821.3385671479805
39633123222226092 -1432.2342744102384 -2812.9516936539726 2899.7784400393566
39633140930576652 -912.1764550462173 -1807.9092708350465 1926.1283423577543
39633140930577102 -1488.9314567342233 -2955.358657924711 3148.587815373222
39633114225442957 -2091.7887565592105 -3674.4619035629416 3812.497717875699
39633154004225517 -1715.917614076162 -3175.3664687579253 3501.1997975653567
39633140880245878 -1293.2876223523006 -2167.6755074119174 2392.526300698749
39633132088985333 -1553.316073932806 -2862.466143458522 3043.370141678377
39633132088987317 -1917.2384748337086 -3556.5090036438496 3757.733798247803
39633123197059801 -1855.859575346795 -3342.7238815059172 3492.911111022576
39633136488809164 -1106.4509583599113 -1912.91142897813 2085.6786344268617
39633127634635582 -2273.4597058339655 -3939.570002608236 4218.14033087464
39633132063819937 -2402.265057708122 -4081.348792950128 4414.075786357586
39633132093180120 -1393.6938973581105 -2611.3451442500404 2758.120892258181
39633132076401145 -1941.8434529262647 -3415.424262209391 3659.198333993062
39633136493003003 -1994.778290692949 -3490.3326502841096 3767.126516285184
39633149637954270 -1638.1761376239374 -2818.044693199023 3160.416067291649
39633136493005361 -2070.9913686766686 -3655.358176671361 3959.320274029829
39633136493005475 -2164.5120689333817 -3822.167624518412 4132.844086917259
39633149637954653 -2018.3997250978477 -3476.6804657962475 3868.276697093441
39633118717542677 -1745.7789877036628 -3053.5460105956886 3184.3273441039187
39633132063818166 -2058.2362229613527 -3474.2451787878467 3756.6110212219373
39633140884443313 -842.5373005941861 -1445.5203822396238 1586.4133347916093
39633145296850405 -1228.3647857115675 -2313.6709355035005 2508.644824039074
39633158315968225 -2112.002378565898 -3698.7391381897473 4202.2255268445015
39633140922189454 -1217.9896737914778 -2355.548272391451 2509.936273963716
39633140884441462 -2239.344314768783 -3818.083630300271 4197.748517987973
39633145296848381 -1612.6497330741183 -3014.461986796953 3280.891997670208
39633145305237976 -953.3888004135762 -1843.9846063485152 1987.3882226814108
39633145275876517 -2100.500348449606 -3651.0692593617837 4044.3524050392934
39633123201257189 -2041.4709290576031 -3766.4598093594204 3933.8312721958537
39633123184476663 -1718.9412932173645 -2968.919406106133 3135.323217333879
39633140897025528 -1520.9830252029635 -2715.067854079081 2951.1863199900035
39633153995836129 -2144.1192291884654 -3843.503425048649 4271.706314165306
39633158320164981 -1211.417829084913 -2166.808561952842 2429.906748260766
39633140917993670 -1992.5600191046328 -3777.8664193618206 4053.9544854522505
39633140880247641 -2160.1524415625026 -3641.6442723670025 4016.2999445468836
39633140888634224 -1698.0242043395078 -2922.3662828215447 3206.4949673039264
39633145309430866 -2028.622448941582 -3957.069373786411 4264.368637337504
39633118734321415 -1962.0660940504092 -3646.8570726998682 3771.4628524602713
39633153991642104 -2048.003838377299 -3622.4978369489413 4067.56291873048
39633158332745749 -921.3462807827646 -1709.2362729961471 1905.9465902437746
39633145271682078 -1637.658488354707 -2808.239857472543 3098.748637249617
39633114229637182 -2128.4746179704593 -3789.107419377167 3922.7386746939646
39633154012614213 -2106.482641615524 -4009.9757111702024 4399.091529060436
39633127638828061 -2054.9842776966348 -3588.048072680874 3837.4494776822985
39633140884439740 -996.4113822018221 -1690.1979508768434 1858.8799750243882
39633140922190017 -1838.0211251444655 -3561.5973366286744 3803.8688015114917
39633154000028428 -1844.0425773259326 -3326.408114454849 3689.915702888414
39633153983252445 -2378.180279273624 -4069.9977795208465 4604.292379191773
39633140888635632 -1835.594551574087 -3174.953419826231 3465.3250174480845
39633145313624800 -1814.311942259625 -3584.7031264971106 3855.7753872710296
39633154021001709 -1510.7176714646291 -2949.959423768442 3227.3140953452553
39633153979059144 -1728.1193983107817 -2929.9179875082905 3308.5412180267535
39633145309433005 -1489.057646139126 -2926.8206036674183 3146.1291247710956
39633140926382755 -1381.7840961092497 -2702.5387282766524 2881.6934637144013
39633140897025685 -1441.5973010519726 -2574.6150842543902 2797.9990695953625
39633132080595424 -2193.9079385690757 -3912.620286472501 4170.25110878548
39633127638831116 -1636.6605906964453 -2884.2124627219864 3065.457743547525
39633153979057598 -2022.3254487461577 -3409.37432598647 3867.154421383198
39633109720760848 -1535.5252558232144 -2750.35828613104 2816.8228961192353
39633114217055563 -1582.4883436995578 -2719.530077698705 2840.249237448523
39633127630442226 -996.9231072658995 -1707.5004906513861 1834.5053180078141
39633127651413830 -1326.8785145065674 -2437.1798209506783 2559.352861032067
39633149671508165 -1518.7368766581303 -2919.343965945474 3167.8589737127063
39633118742709082 -1220.8898228155495 -2326.213042633976 2384.597005762996
39633136480419981 -1584.5570089919638 -2659.4609254357147 2911.569644241167
39633158341133608 -2108.908179729119 -4019.9717751372505 4458.191409028825
39633136526559022 -1316.9333109010636 -2597.5414920663075 2734.8270571904404
39633140888636937 -1884.440679680686 -3274.2166128321205 3581.3340539042274
39633140888636764 -2108.249080772157 -3660.902018975272 4002.5856218491176
39633109720763253 -1670.601119978606 -3016.7292589485323 3089.0684236603297
39633114238027797 -1081.0609646529963 -1992.3649566868485 2033.666331837563
39633118713350141 -1938.7976090082252 -3363.7184124281903 3513.637583637091
39633132063818338 -1575.0050381426545 -2660.10044542121 2877.363897774883
39633114238028078 -1491.911271208728 -2752.5297930358774 2809.5054584428103
39633114233834439 -2388.813060281093 -4364.266080800898 4462.646474906829
39633127672381692 -1658.0441604555726 -3233.462441034913 3348.3396652724077
39633114233834552 -2015.725904409068 -3684.2408666957635 3769.5411331807895
39633114221249602 -1314.623101091805 -2285.705909869214 2382.0945885591723
39633114233831752 -1857.4771128837237 -3355.7272157839784 3442.097104287404
39633127672382365 -1689.6161501633562 -3301.9151775573255 3421.0984082938635
39633109724956403 -1651.2085112855618 -3010.259123554957 3074.873697888775
39633118713348274 -1249.059672414086 -2154.935053730114 2256.6311768120877
39633114246417912 -1576.1737369237553 -2999.8326869288394 3063.248584224816
39633132097373260 -1927.3440184884428 -3645.8335848210577 3844.069680565723
39633136484616313 -2220.242923223013 -3806.0687241546643 4136.088887511261
39633114221249138 -1093.832448381832 -1898.7741150044164 1973.4129803110163
39633158320164690 -1591.942939374405 -2844.6760138174577 3192.9580021947404
39633114221250127 -2009.5409529001063 -3500.2501656309064 3640.536595672533
39633109720761143 -1829.9339252477037 -3281.4674958915466 3362.8024366752416
39633123176088423 -2144.575098495322 -3609.086757104099 3862.7530614614557
39633109720762757 -1331.9994369800731 -2401.6544806304296 2458.595997712886
39633132080595123 -1231.9619593451746 -2194.8954076222267 2341.3506794927202
39633154004224922 -1107.7938448273057 -2045.0828611244176 2262.450609237531
39633140876052854 -1200.7149981283753 -1993.7464891715908 2207.3959715419915
39633109716569351 -1615.1861105765515 -2883.505939772544 2958.4919926171447
39633114246415268 -1783.3849444104917 -3364.975037686097 3430.1060031317606
39633109729149523 -2119.485917438696 -3902.8495833377574 3974.736034475863
39633109729149168 -1127.1077583601887 -2072.975282140738 2109.7941416953745
39633109724956445 -2053.944163667279 -3744.9938754374375 3817.770048181286
39633123176089096 -2016.7917915218065 -3401.2867747787245 3628.8651671048624
39633140876052996 -1467.5118050495444 -2438.025723071648 2691.339780121986
39633109720764384 -1867.2831439210242 -3383.5355993488183 3459.2301235069467
39633114217056807 -1828.0152858030917 -3154.8940820969706 3283.234557869863
39633109720762273 -1599.9171696064273 -2880.3024484751168 2939.6834218345975
39633114217056314 -1733.7616440829759 -2987.472038133361 3113.474290330645
39633127672384485 -1643.6694803089238 -3234.8350691151536 3341.1159606243327
39633114225442973 -1500.7040093249905 -2636.3244874494776 2734.1862917349
39633140930576530 -1729.4730821555452 -3426.1314260299196 3643.208586608702
39633118734319773 -1703.2931455676294 -3147.7724517570414 3262.877043176219
39633140917996223 -1139.915580688628 -2179.750880627105 2341.057543363101
39633145305238555 -1694.4742567397827 -3283.685391958385 3523.6733639807894
39633145296847451 -1475.5131936080354 -2748.4130177482634 2992.1606610302406
39633127630440105 -1793.337254693353 -3051.8502620271174 3274.666875937092
39633127672383543 -1903.2937886588493 -3734.0923077225375 3875.8450454720596
39633123176091441 -2003.2644018511862 -3401.5666927586267 3630.9674191921786
39633118746905356 -1832.8418025081282 -3569.3468179446686 3659.489597136928
39633118746902647 -1690.8691173866657 -3260.290287019108 3331.4670294912753
39633118746902781 -1477.752841269711 -2850.8008386624397 2914.022217256291
39633127672385455 -2068.150806398555 -4084.4630330342075 4238.069576361829
39633118746903019 -1892.845268341192 -3654.491243545346 3731.2975511437444
39633118746904037 -2091.7765392176307 -4053.263221972215 4148.854334825192
39633118746903273 -1907.3931479141665 -3685.389968388207 3771.647320373408
39633140901218906 -1971.2906216040435 -3557.511268546477 3873.448767049284
39633140901218976 -1846.6187587610411 -3333.424611531851 3628.7350990284876
39633136497200612 -1302.3421412638356 -2335.375008860569 2526.332920546518
