create_files/QSO_0_clustering_data.ecsv
# %ECSV 1.0
# ---
# datatype:
# - {name: TARGETID, datatype: int64}
# - {name: X, unit: Mpc, datatype: float64}
# - {name: Y, unit: Mpc, datatype: float64}
# - {name: Z, unit: Mpc, datatype: float64}
# schema: astropy-2.0
TARGETID X Y Z
[from data line 215]
39627829507264016 -3931.0741496057794 2346.664912640349 137.22603052050758
39627865771214301 -4470.33144193662 2500.0934285105677 289.6206030370672
39627805360655191 -2996.8550948037346 1738.6285221250268 49.76611066179208
39627829498876033 -4456.872836842481 2707.8791438251446 148.4152316857596
39627829498876180 -3818.66930938688 2319.3630919342554 130.5974421711125
39627847651820472 -4233.90357085967 2391.5958916298437 215.88582491593436
39627829540818704 -3499.2262547809382 1924.8806069406369 117.2857392837622
39627823492633396 -4303.292058798814 2414.129918786656 136.73797435945193
39627829540818694 -3966.1937877620458 2181.806943568088 133.09719524959544
39627865771214922 -2680.7465686430965 1496.9828542406974 171.99392479079583
39627829515651965 -5537.545647462087 3242.375045688988 209.04416899994033
39627853679035979 -3032.1655506045263 1762.0128700243556 167.64080613315286
39627865758633481 -5739.099878406786 3298.3052043428347 371.7895964865574
39627853700008939 -3408.785562931419 1878.3988779269682 192.83297958528198
39627817457027826 -3195.3692985176936 1780.451698602837 80.55443626220203
39627823505215132 -4729.996136613125 2573.613484749797 146.97417967012368
39627847630850583 -3901.26782600633 2310.141703393096 192.27712210092804
39627847626656577 -4873.977579052523 2912.886405768342 252.57626970128607
39627811392062891 -4771.424334465028 2831.333315495562 96.77169356332385
39627829511460010 -4744.717464927457 2798.080175699599 162.2663895585873
39627859735612766 -4451.757192093616 2474.732385394618 275.96189525451257
39627847635044499 -2202.2858570949493 1291.4973136425658 110.20452813553877
39627859735612812 -4644.931502539329 2581.7725028655304 287.2647187796542
39627823492628813 -3379.9316337828964 1911.2776241988367 103.97535415167567
39627829519843754 -3460.5537043447594 2016.4550664916023 122.13063477418932
39627865762825828 -5039.324082401658 2876.6258980721996 320.27101334822714
39627847630849771 -3914.391559209414 2320.9145671971673 193.3112495737826
39627829511455853 -5522.829852447882 3279.200496795723 188.7205350938953
39627823488438052 -4315.398874750923 2449.5034275269736 120.20078392797717
39627847630851715 -4154.197282090289 2455.4253777180834 221.12658487539557
39627841620415035 -4361.126980900627 2396.724203788492 197.97474542344423
39627823488439580 -2895.7941167392305 1638.3998408522034 88.66060205294477
39627817448639000 -4285.486254592508 2435.255188968249 100.90581845511578
39627823488434894 -4093.963024768817 2336.8633770958186 116.10314847831921
39627853691617516 -2480.1743468995514 1402.685816025086 134.34110057132153
39627811404649241 -5637.097074445305 3224.3157343810108 122.94525029012716
39627811408839419 -3388.3956539162973 1933.8200816386202 72.95424212977258
39627817448640070 -4539.807140054015 2573.866200444257 112.23667946199501
39627817452830865 -5259.0385580142265 2974.819760175759 139.73046120350463
39627829540818918 -5111.179986428424 2810.2200985278873 174.05367628558773
39627859723032362 -3452.854691978229 1975.1149517459266 213.97829644357188
39627817452833586 -2206.2318917136267 1242.0886783225487 50.80533646134374
39627823471658488 -4552.817408330646 2702.815678684729 131.60932103412887
39627835580612720 -2205.1009907396983 1222.0719729609038 83.13734420903126
39627817457025891 -2973.146500965988 1662.6879368565512 80.02330619121115
39627811408841744 -4078.0007412650375 2317.0166376658685 84.93649146111197
39627871794234015 -2446.558483896012 1399.2790403130282 167.54911207973063
39627811387871100 -2375.028215905443 1415.6499057890542 47.977778202376896
39627835555450503 -3374.8729726578586 1974.9942891168805 142.37268269582552
39627853683232255 -2307.7980326014535 1324.0755904727266 131.55629834523572
39627829549203974 -3492.6708311918974 1894.0669729863312 122.70111355923176
39627823488439563 -3858.5035123065627 2183.206476696771 109.42636619152475
39627853683232334 -4410.823197973826 2530.2997060545604 250.93390520458047
39627835547062488 -3056.333545134748 1823.2728891891431 119.71075688060944
39627817457026140 -3960.155976634335 2213.6130344899047 108.39256775865955
39627823475853169 -3966.6871399360475 2327.9874963063025 116.26938675256854
39627859714639798 -4386.855228372895 2573.3261576344526 271.90014677539807
39627823475854461 -4814.663921436008 2818.6874793298866 151.08948181972096
39627829528236311 -4812.749790824096 2728.746714934611 163.78079378142243
39627823488436693 -5290.780545048232 3011.024221433522 156.4655954204029
39627823475856280 -4434.2999787532435 2587.0067351893513 138.91019241318534
39627823471658606 -4732.228431188578 2808.8515738928995 146.91918328802365
39627823471660821 -2693.4222629788087 1593.0908637704683 83.70779103008292
39627865746049397 -3569.625646791855 2115.233147379941 243.42473046048494
39627847656015226 -4676.513145904083 2611.8324813778995 228.0122617056444
39627871794236102 -2392.807692528545 1362.645058590666 164.20967574863624
39627823467466330 -5293.12894832027 3160.1784766504757 156.28321269230102
39627853670648971 -3618.862810835852 2137.583903983092 206.04748628664086
39627817440248599 -4947.0077881255465 2881.2923403744135 129.31445990207234
39627859718836361 -4516.14067818082 2614.7977188417226 274.30555462000206
39627811396261367 -4209.67659303291 2455.248169506325 80.87443881569733
39627853670648636 -3152.066571670998 1863.443183821957 180.44679322979817
39627817423474647 -4282.319701561708 2578.0322518128673 118.3120347632675
39627859731416115 -5150.399086087702 2908.371936784064 300.0735669178461
39627829545012627 -6016.098043651059 3274.2717991141562 208.87903225391162
39627835555452195 -5113.5161680586 2982.7711973368205 209.57294729014873
39627811404646246 -3918.9682675418962 2254.8314177512857 85.75402266646316
39627847635046317 -3177.016152289225 1856.0659441111216 155.4885309282806
39627847626655175 -3406.172549206955 2041.7346667963384 175.08352121847415
39627847626655280 -5086.806124488796 3048.486516095311 249.6881346388924
39627829515650324 -4820.673541623799 2832.381171111353 175.12765747711794
39627835542868800 -4681.775069689406 2815.5716747361453 179.45530210881185
39627865775407404 -4724.470210108966 2621.226408929002 299.1944209662434
39627865771216961 -4514.302142933962 2509.3000283990887 298.4211562234677
39627811404646900 -5741.034858949017 3299.0046707433735 124.99791997703448
39627841595247639 -4473.140569363295 2620.322924866631 207.21671272733104
39627835576421478 -3259.1983031402633 1813.8048983371511 122.38871706497238
39627865762828130 -3901.840913873419 2216.223385506232 253.29347842818441
39627829545012583 -4208.642041841116 2290.758351972581 145.91602430408466
39627811400450405 -3743.5589709476635 2181.963879741558 82.94466321405699
39627841591055245 -5054.253777642525 2977.9737459073026 234.73329697031585
39627829536623707 -4721.901827223764 2628.2704890925925 162.71963350095788
39627865762827658 -5289.697408776044 3007.6018675882938 337.68178912892785
39627847626655353 -4030.7457796090844 2415.242001810636 211.71869892916735
39627859727223137 -3813.4398616898684 2170.3137417062203 238.35456870729672
39627859727223083 -2558.515160283224 1456.2463422616283 159.94143346744588
39627817452832661 -3156.4633354688763 1780.1687196133184 76.12158324767644
39627847635046585 -4225.324226331949 2466.9712834840643 217.04626234427687
39627835542866555 -3913.8330005900993 2363.769331812617 150.0118506592216
39627811413035847 -5458.9169153189805 3070.9544512712964 111.02789953721151
39627841582664996 -4805.580342097699 2896.550296279171 208.46188094378658
39627865741854609 -4735.670971393231 2838.880377144602 303.04748838480253
39627865758632120 -4217.3034535259085 2429.616856845525 273.5929135650038
39627829511455799 -3650.1921238301516 2167.541414777126 131.8242659147454
39627829515651885 -4452.484369227875 2607.5822932381257 157.706415578181
39627859739805534 -2710.647918357574 1496.7288338932733 163.75167049242185
39627823467463074 -3791.579606536542 2276.753438709603 110.3356547666325
39627817448639797 -3255.8881198184795 1846.9013146819116 85.07947237774584
39627817448639979 -5702.006377390281 3233.329488522458 148.10250298623015
39627859723028370 -4793.437769912632 2759.394228283675 284.63548948508287
39627823501020968 -4046.0401786182624 2224.9412275935397 126.02121554596467
39627859718835534 -4682.260924175134 2714.7532415676365 271.8886711897413
39627841620411580 -2431.426838448779 1344.519545096878 114.67211795222863
39627829540815947 -5132.92841829245 2838.5780746440405 177.29719510755547
39627829532428713 -4053.411608121293 2281.5800097347214 143.3687288491343
39627823492631174 -2948.4120541139137 1659.8003474731302 82.14227543215023
39627835542868111 -3424.968421118317 2062.482710130058 139.26002781868152
39627835555451560 -5333.63500073168 3114.7764067875664 217.46979972762816
39627817448636755 -2989.901375673887 1707.4655376084786 74.48216142214307
39627823475852572 -5177.59969183052 3042.3117897940638 160.83803420409612
39627829532428641 -2699.4226226132214 1519.6684935482563 95.06723463330941
39627811396255789 -3827.3234033026183 2254.4193501848413 71.93717684291364
39627829507261277 -2335.981068750086 1401.2972840652515 80.1035679665924
39627853691619655 -4735.728896573732 2667.602055571922 271.3373509423937
39627829545011132 -5735.01840659954 3132.858512676727 199.96925752790943
39627865746048876 -5893.6251766288 3496.0641040447454 401.5683555489777
39627841591054616 -3285.6274596506064 1938.2548129631991 157.00656807853704
39627817436057038 -3766.1797597161603 2205.3704175265034 87.33389796632149
39627859714639463 -4504.382986028551 2644.2949835016766 279.46853237390513
39627823475853541 -5736.589604984802 3364.637118556149 167.3307376871886
39627823488439052 -5226.155486389946 2959.956045758973 149.6478219500084
39627853695814172 -5608.853501231736 3124.2586481029266 301.1610672903888
39627853700007399 -4258.197830383957 2353.6667565105217 224.4929479584795
39627835576420342 -3259.102608877632 1817.7424735251284 124.9494474125935
39627835559642307 -3629.5913117326477 2111.268804270087 147.8295681219452
39627817440250533 -4172.878410193868 2423.170938817099 106.05568069549349
39627817440250601 -3714.5311813115522 2156.7984514401764 94.71300803321284
39627829503068279 -4978.479735226858 3009.3167983231388 184.06996253223713
39627835551257604 -2826.087866404879 1665.620607971637 121.55134774302368
39627835580616532 -2944.905814723584 1618.6884234898534 124.10492093977894
39627829545010645 -5354.679739194349 2928.600752774331 196.768694338116
39627859714641019 -4740.459058520933 2774.7209015019184 286.3945523353416
39627817461220609 -5431.395998616391 3002.898811094192 122.70835375483632
39627853687423077 -4808.09500273572 2747.906243310298 264.7623116630165
39627835555448814 -4387.582847073158 2575.5580406149866 180.96370930589578
39627811421423112 -4746.1666512430065 2622.1859639876534 105.63939637292407
39627823480049071 -5131.352896017412 2970.803435435774 145.8547409370044
39627823463272925 -5731.569429093607 3448.529236979194 177.35998431171745
39627805364847626 -3667.559124958273 2113.345506944209 51.60282454729453
39627817431864118 -5005.12428983032 2952.0271107180165 119.30379413826279
39627859718832970 -3965.06203870296 2308.999737529829 232.97320988666038
39627859735610682 -3660.7169709843697 2044.3832873351814 223.87392902274834
39627859727224190 -4115.414381908703 2338.097252702771 239.9125501190505
39627835538673970 -2320.6621556590785 1408.6158355729651 91.86156489616221
39627835547060487 -4669.590082094715 2794.9432416765007 189.00530495568128
39627859735610794 -4131.60060749175 2306.7457915268305 249.97071231939137
39627817444443973 -2629.436920629669 1513.3709829884288 66.28902338818176
39627841591053706 -3813.125121584666 2253.531247627856 179.36501740155066
39627823463273236 -4770.9132335388995 2869.205017105444 147.84240337918618
39627823463272986 -3561.309252979647 2142.5340674800773 109.44721374988212
39627823484240606 -3294.485984326845 1899.4714379397963 103.02215865003959
39627811400453010 -4162.157375696418 2415.7860686677686 88.891323000969
39627847622459866 -4796.340469938096 2907.743221322602 256.8450702586715
39627841607831822 -2034.4826407924393 1154.7504699238737 90.54835579385323
39627859731415171 -3085.237513537937 1745.2737784327485 190.36445408113437
39627811413033770 -5451.198728406062 3078.9960658690943 115.08205391229812
39627853670649820 -4019.9522347989023 2370.0174406709853 215.37208961987696
39627835584807033 -5214.739201481178 2860.5158175145943 198.5419963798314
39627871785848171 -4763.0023969260665 2762.3439381640424 338.8671706714185
39627865741855919 -3806.663840497741 2275.9080138711624 254.0424637310848
39627853704204477 -4647.057329099712 2526.5695561547977 254.60058253369093
39627871785845686 -3971.4294117378913 2315.389152390601 282.5355052329737
39627859727226620 -3623.6548494457334 2050.1714395917497 225.086194450187
39627835538673949 -3906.864602065616 2371.5364539870457 153.91998598963187
39627829536622030 -4727.9357783101905 2640.3890463021094 161.346741124504
39627829536620959 -5279.586750187365 2954.401431114154 180.6072639324593
39627871777457311 -2911.5897147484557 1730.7608462178575 202.70285080456426
39627823484240901 -5156.963870986695 2971.6890548653555 147.8698369853401
39627853662258676 -5111.857979849055 3090.579746663296 286.90384992381684
39627811400455012 -5793.076575765563 3350.3848232228866 122.76384767918682
39627871802625754 -2304.8140673289167 1281.8378538701975 156.12971946191445
39627829519845043 -2317.654994758522 1347.0300185969368 85.06925029179123
39627853700010544 -5503.324537364798 3023.1199295786273 313.82217410218954
39627853700010119 -3791.6752576207527 2084.684687244998 215.988890407126
39627847651820897 -3251.3776371527447 1835.3591582342367 167.2182793176734
39627847651824340 -4629.967235285321 2596.6117767823785 230.36026449638229
39627841599442627 -4230.816534358555 2452.9726431281383 191.2482143606682
39627853666456090 -2636.3027930192643 1569.2191676021503 148.98134500616592
39627811392066285 -5003.982893744739 2951.0801801137104 111.54640138782904
39627829532427003 -4381.113102755743 2475.0148658816215 162.49050698095834
39627817457027569 -2117.626392975197 1180.5121149731651 55.57727614971459
39627823501021000 -4777.616827181694 2627.1100439543643 131.10890381392016
39627829532430785 -3301.688986440899 1850.9083643364518 115.24433132885406
39627823488437331 -3655.562639098361 2077.9976553231418 115.43036369976147
39627835568032874 -3949.9465727452175 2245.093964769079 156.0069538909112
39627853695816102 -4503.724919393649 2499.665032006224 253.31954665923303
39627823475856166 -3955.690343716683 2308.347341088917 117.63820637232347
39627841599443997 -2735.8495595298127 1583.014514357506 130.77936927518465
39627835563839888 -3420.3030572610774 1958.1944751632238 143.36910951445836
39627853666454779 -4845.212560583527 2891.2596822707055 275.1993570270425
39627841607830035 -2713.6566151033267 1544.7113300123501 122.47027086198283
39627835547062327 -5400.667321924513 3222.497835503536 228.5695239200321
39627841603637506 -4374.85967430875 2509.7262880754292 188.42790277903748
39627865746050290 -4130.673860665276 2443.076231697407 277.15338137509156
39627835568033714 -3478.3521091692223 1974.2996909997116 147.525260113445
39627829528233413 -4675.177294839944 2664.5179153707345 157.97467252144517
39627841591053546 -3442.4288264278084 2035.1560650650733 162.39807817283568
39627835559642447 -4638.109707396331 2696.9845659523967 195.76264050773952
39627865754437183 -3275.277807082436 1907.9895297455228 216.04190471578468
39627835559645869 -5064.8009527251925 2925.492820472313 197.34332713081128
39627829503068516 -4178.06661865308 2524.41488573957 151.7830812647548
39627841591054309 -3817.678009737171 2253.5117180579227 166.30404797449478
39627847660211303 -3206.041891442187 1766.4975089707739 161.35570973546933
39627811413036763 -5207.331400269594 2924.099666320632 104.90418836450202
