create_files/QSO_16_clustering_data.ecsv
# %ECSV 1.0
# ---
# datatype:
# - {name: TARGETID, datatype: int64}
# - {name: X, unit: Mpc, datatype: float64}
# - {name: Y, unit: Mpc, datatype: float64}
# - {name: Z, unit: Mpc, datatype: float64}
# schema: astropy-2.0
TARGETID X Y Z
[from data line 1489]
39628351643585771 -3430.686801044453 -985.6137887649085 1586.6071784156507
39628351643586380 -5668.130277613476 -1631.5849360598277 2620.0448903147753
39628334992198243 -4565.114637242839 -1159.535969280965 2029.0128355297581
39628351647778109 -4747.465412291823 -1377.9856801195954 2188.3874393663655
39628351647777862 -5317.484562037206 -1541.9374790305108 2452.7380998193457
39628373651099649 -4243.222731218323 -1144.950930324364 2042.7316780766112
39628368131395799 -4354.249433889116 -1015.7584599113129 2065.520809779921
39628346073547767 -5132.906839493714 -1225.449238674388 2317.1559695684423
39628334983811329 -3872.670268998877 -953.3780459592214 1713.1897375703563
39628346069356021 -3983.5863879001968 -940.7741219894024 1804.4781753495101
39628346069356683 -4203.550467684914 -995.796902291179 1902.2953986641814
39628329430550989 -3540.5552526523174 -916.5384713782807 1558.008088555257
39628340566430635 -4703.817175559644 -1327.6861475269352 2119.152645162176
39628340566429862 -5900.528265538151 -1661.2527613190214 2651.216646707797
39628373672068992 -3569.7037826932287 -1048.6049549807726 1731.4524727236274
39628334988001918 -4317.209150493696 -1066.4378661190783 1911.8744278185748
39628334988005020 -4859.33620660007 -1216.0112530210786 2146.8665186115445
39628334983810684 -4458.687455940993 -1094.377521224175 1978.6067079443403
39628346069355509 -3155.040286384429 -743.5413983111703 1431.890107956803
39628368131394199 -5142.040927189931 -1191.6618502659194 2433.681143302059
39628368131394645 -4664.3978410745185 -1083.0392638484605 2203.360645264329
39628346069355495 -5640.465452430957 -1329.2272496039961 2558.6918068946397
39628373651098332 -3686.755274072964 -989.6285614465737 1782.0612535054972
39628368177531866 -2587.2493738276125 -746.9025836245119 1244.9679385321563
39628335013169275 -2692.402196418469 -751.1191974693047 1201.8133911533587
39628335013169277 -3723.5115631534786 -1038.78123174357 1662.4443692121583
39628340537068213 -4904.828424895109 -1200.405008824149 2186.880232825255
39628329434745621 -2176.224217161816 -573.7877657873308 958.488328684042
39628373651097843 -2283.1673812306926 -611.5705728092398 1103.7888241702342
39628334983810045 -3553.1142683593353 -869.7126310668415 1576.195316977801
39628334988002132 -3514.5946112850593 -868.9448776097345 1556.6429928786142
39628334988005280 -5611.0761047432525 -1405.6645225261318 2479.8531099932334
39628335013168542 -5236.32180285369 -1457.038604071109 2340.822158840667
39628384568869566 -5516.088006114497 -1304.7033990910725 2707.949206043909
39628384568870261 -4899.607460952253 -1162.437981916873 2400.962515592188
39628362662020871 -3517.752772416228 -937.1388802859364 1666.4200244599858
39628362678800825 -4039.0488416620356 -1169.0725560488422 1924.7024534599623
39628334992196051 -4865.208359583064 -1225.7962729985059 2168.043353315773
39628384568870315 -3951.941274035898 -937.9207196014328 1942.5802704567377
39628379099499889 -3176.017078337011 -743.5049769330182 1538.264898257535
39628368160753995 -3788.3641114127563 -1013.6220551790918 1802.1798328416703
39628340532873786 -4530.591269832495 -1088.4394440917965 2020.0216917698676
39628335008975960 -2231.2338583086744 -614.7309880920036 993.8958650414082
39628335008976926 -3087.960696945935 -853.9940399783004 1373.8214413141536
39628346069354713 -2591.8037110818086 -609.1052352303672 1171.0742326131656
39628346069354125 -3675.5513442292186 -861.7799885232936 1663.940721247003
39628334996391988 -4790.516709842918 -1238.778857339558 2115.37901504656
39628334983808975 -3601.0186114384483 -877.2715175468138 1596.8259741593197
39628335008976162 -4927.1607540284085 -1358.6590518822775 2197.4190159014233
39628340532873475 -4617.136838991066 -1107.495227320539 2060.2800337186964
39628340532873982 -2759.0267146473157 -663.3529238141874 1229.4481167054719
39628340532872626 -3999.66167464246 -955.703982707763 1791.6737209867072
39628346069353113 -3904.9544045435846 -911.1689406841698 1770.954947861213
39628368127202653 -3679.429602894179 -842.3603553906271 1745.2255419998341
39628368127202631 -4554.698508827757 -1042.6425285112896 2160.393209771047
39628334996389962 -4051.5028951260974 -1039.5800575541682 1787.931072544638
39628329430548809 -5405.7286448256145 -1386.1976993532958 2382.8715160670604
39628351651972764 -5037.473566107582 -1489.9245160470057 2343.68208512332
39628390067602951 -4536.49966351677 -1313.160388638801 2276.2548435381073
39628357175872087 -2973.798623552892 -883.0003013222531 1391.294705376279
39628362687188650 -5027.619335494533 -1503.602734802119 2401.6525151677433
39628379133052357 -3317.5055425253117 -904.6695225549716 1615.6711223826564
39628346081938699 -3753.2651645818078 -943.5210414225751 1705.6063073952414
39628362678798538 -4275.231443652201 -1228.5710098978564 2018.0200428849291
39628362657826046 -5278.575707813042 -1377.0367272633175 2478.7677460580026
39628384585648947 -5334.34891537972 -1383.6166207529482 2615.6236208418886
39628395486643623 -4627.55922043687 -1199.4667219111268 2334.833258241674
39628340545455583 -4845.6461550623035 -1228.2972771311286 2185.942492139905
39628351622611392 -2927.789828211961 -757.2309866967312 1348.9157167891242
39628351618416870 -3065.060327604183 -776.4293364290608 1407.538231070401
39628395490838027 -4313.508322165253 -1140.4192221656547 2168.7514543204015
39628340537068772 -3868.2237637164785 -948.7772021186238 1731.739902176848
39628351639390528 -3454.4562224404885 -969.8054039385709 1591.7436498299824
39628379133052770 -3813.7969156755616 -1041.6294721140157 1857.434786896257
39628384585648938 -3244.8636329424544 -841.5932906857983 1591.9029038841722
39628351639389536 -3740.657777953918 -1046.8407483379367 1723.190678733679
39628373646902759 -5542.647119756563 -1450.695081112725 2673.351326589722
39628400918270020 -2768.5141200816743 -725.7280287498965 1407.025258200374
39628373655290715 -4679.581815390451 -1269.9613564847382 2262.504002648308
39628373655291038 -3123.305367813104 -848.8044222839258 1509.5234871263394
39628390034050406 -4751.126739394785 -1185.3813005020636 2366.867424145916
39628351626808104 -5019.991692399312 -1337.4124741827618 2305.2417135729934
39628379128858432 -4519.799849543823 -1212.1376263566333 2207.9561774239555
39628390050824920 -4175.865106043175 -1118.0275833602802 2074.83290945084
39628379137247917 -3441.7312426582585 -961.9725247125683 1686.0041797438482
39628373634320353 -3848.489762825726 -951.2946200760508 1853.1882280436903
39628379103691612 -2665.274884917374 -630.3969244772368 1292.9909457092112
39628362657827143 -3889.7906100928512 -1019.2945791766415 1831.8485701932952
39628340566426382 -3457.3973863987703 -962.2876079208783 1557.834102870086
39628357129735163 -3166.0625723382923 -766.4045654152636 1473.9891220076381
39628384594035914 -3319.0202573866145 -889.5067776304728 1645.2460874676158
39628373667873275 -3884.60118848788 -1113.3911782729676 1882.4888112390238
39628395486644814 -2929.303911091619 -763.4275042940579 1468.963103962916
39628379145634032 -3490.1058967593963 -1002.4250736723319 1716.2885229538754
39628384573066904 -5055.692219284737 -1231.8464139888888 2479.608770395977
39628335004782721 -3648.3992669817503 -987.8588466512584 1624.1329950951883
39628400918270335 -4562.433034159447 -1197.3931626146546 2318.4523507658196
39628351605837138 -3409.0787446949766 -824.3484977491582 1560.0294619852777
39628390034050272 -5264.48529352716 -1312.874848557876 2620.5876393465733
39628368156561017 -2594.122288346057 -684.3937887727744 1241.8594456914616
39628368156561457 -5459.581732988584 -1442.8959840807013 2609.0844760306168
39628368152364532 -4137.1740128395795 -1061.2990868506806 1973.7525339252782
39628346073548255 -4347.440107179351 -1040.3809417932919 1971.05983619494
39628346073548206 -3879.6173909785275 -928.1871370734643 1757.228142816258
39628379107887721 -5636.779448398189 -1371.6055740675888 2731.5840201469064
39628373646902166 -3918.751831205826 -1023.2763241742707 1884.067179893179
39628368169143568 -3474.931459083771 -969.0415427625676 1671.8926695039738
39628373646902019 -4856.834543135151 -1267.6319613267126 2334.543923963555
39628340545456624 -4908.776986692357 -1248.748848386347 2192.499490122439
39628390042437592 -4078.359688571913 -1057.5226872929761 2031.9314066796321
39628334988005431 -4998.064064041364 -1252.826051834365 2220.5890267606683
39628390034048504 -3447.64828602717 -854.5897632948408 1706.9067639302032
39628395478259375 -2395.6652661642092 -604.382683269308 1210.6628950522756
39628368156559752 -4714.575995497405 -1236.9103445145647 2241.2785623952714
39628357171677724 -3282.9808114093385 -958.5168090594927 1535.0768700253188
39628379120471188 -2946.7834807380978 -763.5112377280639 1443.7373319349113
39628351639391347 -4925.999938252738 -1386.786574086282 2282.0399538635875
39628368173335227 -5019.906120955107 -1411.7894839473986 2395.608611554484
39628368169142084 -2642.036154247391 -732.3337148400503 1258.6471128050812
39628373667873078 -4154.0334212036805 -1189.6783290603173 2012.6562235544268
39628384610814601 -4625.771767007279 -1344.0221787757475 2296.9861528636366
39628379149830247 -5978.267924614655 -1759.8671742840927 2923.6199825833905
39628379149829214 -4939.708107480404 -1448.6976500103535 2428.6338543719826
39628362682995877 -4903.849180455405 -1448.016311923459 2326.095916312751
39628351647781225 -3365.9950347764643 -988.3606226296843 1569.9334806947882
39628368156559028 -4854.820122700631 -1269.9895756571525 2315.806663013814
39628362682995316 -4754.653675008469 -1401.708550313028 2257.1543695044084
39628373646904946 -3688.8559915758124 -974.1478077337983 1774.8364687860978
39628373642711291 -2479.256699401742 -644.0494896721425 1190.0009127386459
39628373646905146 -5815.2541433333245 -1536.9263320240273 2815.7856697729962
39628373646903579 -4351.121225797596 -1142.651744368851 2087.4741853648015
39628357175870824 -4128.0775777988165 -1221.0458780628992 1949.6008332971674
39628357175870750 -2438.9612366481656 -721.2480761943139 1151.5051870636082
39628357171680229 -4526.216376205453 -1331.9305730938531 2121.7235416729095
39628335004783191 -4858.418895679836 -1317.73834608642 2150.486743888199
39628340570622774 -4259.787616836143 -1216.5659033469476 1928.1423963815375
39628340570622697 -3049.6679511015464 -870.7647918148355 1380.0202839196102
39628368181726653 -2915.3704425302817 -858.3189248952492 1405.3679750623492
39628368181726683 -4303.113327052561 -1267.02414007799 2076.0537659433567
39628368181726898 -4327.920061153181 -1275.3421453715896 2088.1266076516636
39628351647781519 -3400.2941496539283 -999.5615204189095 1582.8636851751014
39628346111300933 -4653.520393342976 -1341.6714067908267 2121.202312513448
39628340570620243 -3151.215826465156 -892.4420720658892 1419.1685380306476
39628329434747514 -5315.168188911315 -1410.7274666372011 2347.2159759429433
39628335004779489 -4040.785445755458 -1081.5362998478604 1787.3465439170293
39628334992197394 -2054.5517361541883 -520.030441558255 910.8774780976003
39628340570622411 -4701.575099030412 -1341.3315602131472 2120.5763130282307
39628329443132207 -3151.765487547939 -857.4504874470321 1394.4501499079752
39628351647779139 -4294.995979117877 -1251.1926304731742 1987.0679584432696
39628357175870667 -3821.3702855669703 -1129.7629158889868 1787.7873049748273
39628335008973435 -4119.035878111694 -1122.3965671598803 1829.1967548775956
39628335004783583 -4942.003572251986 -1342.5914745006935 2195.310814575788
39628351651971982 -4135.431406976613 -1220.0763781609398 1927.5679726072754
39628351651971410 -5063.376321719074 -1490.7860434818256 2354.5538198058844
39628379149830051 -4352.585510469426 -1280.4973802401203 2139.2146531298763
39628340570623986 -4309.919146837362 -1235.0708400657463 1946.4246160282255
39628340570621355 -4702.339901013964 -1337.0906707923855 2114.035475964251
39628351647781464 -3576.2271612660634 -1051.047430777852 1655.1848863044568
39628340574814830 -4507.222313840551 -1300.8049177418984 2042.871124234826
39628329443133187 -5500.389841277628 -1501.0063528619542 2434.1040088192008
39628351651971099 -4484.224208988238 -1318.8157042897597 2077.0438050843813
39628395507615668 -4902.535101441025 -1399.706784943341 2476.910676370493
39628368156559696 -2329.926940460311 -611.1601396615665 1114.6981422454164
39628346115490387 -4431.704722176201 -1280.6901322169845 2031.677542742359
39628384610812139 -5642.6630197042805 -1623.2508518939997 2808.929513895027
39628368156560367 -5516.53048058145 -1451.1733271371675 2624.6616256099082
39628351651971150 -4131.219929624734 -1215.2171739255257 1927.322114192914
39628346111299846 -5079.9358040512825 -1459.5554118568382 2320.137648351766
39628373672069518 -4833.519955590606 -1422.864888708245 2336.868778141196
39628351651971278 -3297.7132867612986 -970.4660730002715 1538.9927574211513
39628362687186995 -6002.708405468491 -1785.4965421830989 2865.795217943385
39628362687185802 -3550.904944566497 -1052.2877407729798 1689.533405967202
39628368135586148 -5070.596463489435 -1190.0456679407603 2399.8271870250537
39628335008975652 -4582.287886906394 -1260.8023273644967 2041.7988957182195
39628351647781480 -3394.54718455789 -997.7201789354568 1580.2370102002035
39628373676262224 -4585.866143673381 -1363.796112117644 2224.0417130083447
39628357175871750 -4294.4651029115075 -1273.80056818701 2019.5724315036482
39628390067602041 -3740.3893994528416 -1079.2650202901295 1880.9513814676595
39628357175869897 -2486.208788876837 -733.375814653214 1172.696929086629
39628346115490125 -3596.6378478404113 -1038.3896429626604 1642.7668241086576
39628379149831147 -4925.490352816084 -1454.3054786985904 2419.12902956951
39628346115491625 -5194.2503138006 -1507.8996025472416 2374.7565569785
39628346115491537 -5577.621684666169 -1618.4904702397835 2550.218412988062
39628357175870602 -5871.272359507605 -1735.420144944167 2755.569961083538
39628390063410170 -2255.3650846204096 -644.9141445943903 1134.2888334743334
39628368185918729 -3169.4846601371805 -942.6445177086744 1532.5986103653893
39628351651973013 -5710.079938268427 -1690.1227432789294 2666.899194349499
39628362687187269 -4239.297777536433 -1262.0901235510623 2015.976541540398
39628335008974845 -5454.155553249019 -1494.9776103262186 2415.62718018052
39628373621735995 -4798.55824784545 -1104.7419898322014 2296.242777486285
39628362632659448 -3956.7173231257802 -907.8752985478316 1850.8378305289932
39628400909881895 -2192.9939345773732 -552.6649443846899 1116.3935215924791
39628346073550854 -5166.595767513065 -1252.1648283087561 2328.3732524354787
39628395482449805 -4982.389777081616 -1267.336022104779 2509.973759256846
39628390055023957 -4497.4546260742045 -1245.8263583260323 2242.5384829228847
39628351643584096 -3782.9297678330686 -1080.4295553109657 1754.239998695103
39628395490837958 -2935.7464402698106 -775.9080593778774 1477.2381954986922
39628400914074490 -4928.620905251352 -1260.2585844757978 2496.0789925981
39628373655290745 -2501.9115815574864 -679.076942539608 1208.3994021289548
39628368148169217 -3394.239706469133 -849.3067667590777 1615.1670244198644
39628334996392680 -4040.4760461444957 -1048.1593292389987 1792.6144179996618
39628373646901704 -3810.069866396836 -993.2034473357305 1829.569727481435
39628334996390066 -3383.124197460892 -868.4482747907293 1500.5206226594553
39628334996390924 -4662.048841381638 -1200.4047970475228 2066.4628705212754
39628379099500545 -3628.37949845292 -852.7061120778908 1760.490164845817
39628334996392618 -4884.985808381433 -1266.9054960578385 2165.9658146499805
39628373655290664 -2855.0760951108496 -774.6829927663689 1378.3681249892811
39628368131396282 -4207.436989964586 -983.6066656542284 1983.672378110925
39628368156560486 -3954.4543064157215 -1040.7557529155058 1889.4888540300904
39628395503421252 -2450.2630837209063 -685.9521794381506 1239.020637890908
39628351605836785 -3902.2754069723615 -942.2137240000066 1794.7098230191787
39628400914072652 -3944.5190208143154 -1001.418229837521 1998.017301628346
