create_files/QSO_1_clustering_data.ecsv
# %ECSV 1.0
# ---
# datatype:
# - {name: TARGETID, datatype: int64}
# - {name: X, unit: Mpc, datatype: float64}
# - {name: Y, unit: Mpc, datatype: float64}
# - {name: Z, unit: Mpc, datatype: float64}
# schema: astropy-2.0
TARGETID X Y Z
[from data line 644]
39627811912156933 -4243.710825332803 -26.52908200213031 72.1011718829788
39627751497402551 -5748.49749047495 63.99387911233651 -139.37589395260036
39627811891187999 -3921.863184709883 51.668087974944726 63.8105551527999
39627787752967636 -4761.191234609485 -33.37476481040381 -4.854042768189827
39627805855585915 -4411.185591434508 38.95246695538117 63.32130047731119
39627787715219925 -5100.018799689568 161.45763495948194 -6.1144293243233125
39627769612603062 -5107.670614783847 73.97332612777033 -65.3605542905187
39627811912156193 -5873.149178495603 -32.49029286410207 97.66357733414496
39627799819977670 -4526.558894759224 35.180591362236385 33.54455166687087
39627805851386186 -4774.125206595335 82.16609372933046 52.652110041992785
39627775660787012 -2852.2170875264133 21.82164914031988 -28.264669359410092
39627775635623000 -4673.80319569487 153.74347938657377 -33.85354889098021
39627757549781203 -4907.379702141438 -0.7534564731296411 -104.04203661218375
39627817939373299 -5337.007345450714 32.54970104624875 126.69696116387081
39627793755017490 -5799.153921795279 179.37686924555186 34.05302054116254
39627811882796742 -5006.043588233333 122.57006160555905 93.6893865990688
39627775652402451 -5027.171072977074 66.12630662874189 -53.21269513946775
39627799811590697 -3807.2110065515562 58.013097417946106 27.518729058291296
39627799811590803 -4480.1700761587945 67.89929397957133 32.92211018009919
39627817935178097 -4456.233621461306 49.16320201078775 94.6475725786498
39627811903770349 -5029.958522381759 5.270360830655086 77.91911793169396
39627787715219098 -3822.577135487379 123.20295235638285 -8.051971376032489
39627805863972610 -4775.030248084701 6.41718237596945 67.55680167926481
39627805838803595 -6392.346100590406 191.41973001076443 72.37295078500689
39627799832564805 -6161.0656454086975 -47.93768461284113 44.77192890870204
39627769637767798 -2635.7189308816805 -27.82086384796445 -37.316043615287825
39627811882795308 -4643.162934048384 120.29691233173487 88.43502247087213
39627787752965105 -4763.508340770945 -24.31648837819595 -0.34371965404294536
39627787723605372 -2668.930491642233 67.45234007928025 -1.466352042003361
39627817922595374 -4333.193666784701 102.12186626561882 90.00694118236655
39627817951954015 -4946.846504785695 -26.205809059058254 108.97873024570951
39627793784377662 -3231.1516082108633 2.5609994005343335 8.952427805271556
39627805838805884 -5837.795637505706 162.4976968307615 76.15160219581135
39627793755014978 -5199.921972278122 172.90350207949268 23.29190127289092
39627817930984267 -4214.444579646973 62.365715687711685 99.69201598770732
39627757528810018 -4578.507806670538 97.8318242960669 -97.54954951293962
39627805880747403 -5889.846855484573 -82.62480077409197 84.50445784922653
39627787752968372 -3540.2296468060667 -27.0483359910138 -6.014846696531371
39627775635621545 -4628.5211315412 156.84785721329433 -31.16597040356816
39627781675418741 -4241.259169571296 144.23608879606095 -25.351043934202004
39627781675418832 -4631.389309722774 157.17871399302993 -28.113125967021475
39627805851389061 -3313.1970878584843 48.56043124428884 48.547194055651396
39627781700585460 -4320.889952713389 30.060473224223866 -10.897927492203083
39627775635622721 -4967.085212207709 164.35655337680237 -41.08914926858551
39627823970783023 -3874.3969489206274 54.56980310808576 100.93014769843438
39627805838805475 -3334.0485755579707 94.12985078278403 44.206658551518586
39627781675419987 -5224.334737519488 172.0171274022682 -26.55865946944076
39627787744576032 -4147.2043078774 16.533391003870022 7.528380744824028
39627769612602543 -3424.805537843015 50.97644353052358 -43.348122487349684
39627775664984603 -6329.0086156207235 6.534995537907619 -67.72480471594861
39627787731995197 -4801.415451790375 73.01352220476603 -4.057939260609571
39627787731995500 -5317.684921243508 79.39294662673346 -4.392972070862341
39627817935176582 -6148.256549709579 75.78950506888228 124.84960682965058
39627775652399581 -4483.406094316671 69.46825778391711 -36.322600618970206
39627769641962374 -5432.321960684736 -83.36556584667288 -78.02720870478872
39627769641962468 -5913.000889042598 -91.06526007792411 -84.59213238719379
39627793775989070 -6012.288281041126 55.221572861616046 13.784412750417372
39627793771794072 -4831.6183459275235 65.82716437276277 27.9534618713321
39627799799006128 -2890.44737984752 86.26975023756613 22.15801509463915
39627781679616134 -2280.331631588125 62.53506650113639 -7.960517458631429
39627775644011915 -4112.634764373422 96.12590866538562 -34.030343452181484
39627769612602830 -3434.21264966418 50.33929427284165 -46.766303263190736
39627781704779832 -4387.877547960205 11.642882871761431 -15.043667954330719
39627775673372918 -6559.0118279506105 -48.515388731136866 -59.05233561874451
39627763560222905 -2512.1738593485425 66.8865753479138 -40.58691045911469
39627787736189362 -6272.462804303185 67.26227453207403 7.450104692844507
39627799832562275 -4222.460564378926 -25.563793240705696 34.97248881641557
39627817922596816 -6868.198989877451 151.71019177540055 151.75562599615262
39627817922596687 -6208.588662991284 137.94755707215592 136.35142251500403
39627793755014809 -5609.618475194885 187.30955527530625 27.19239894084132
39627817930983935 -4466.683736650543 67.53669660252322 106.81700088306347
39627823979169986 -4920.804539540981 32.99680203616591 134.15626589653857
39627799815784599 -4975.150363939917 55.975974116670045 47.472129394753644
39627775677563166 -5247.375578328017 -46.489514497134074 -37.65472040437732
39627781696392832 -6567.830160636885 64.43162007701387 -41.626928719917736
39627793763402161 -4704.815890312481 121.7841029160745 19.613133105244998
39627811886993720 -4494.047046597818 79.63493942091242 85.47727687065846
39627751501598743 -5713.17772048415 33.184038925427 -142.92910942234502
39627751501599197 -5476.605498327827 29.83313971860862 -136.5356638002692
39627757545587605 -5087.239131657537 18.836031912411617 -113.81568395753936
39627781721555779 -3696.361633515799 -51.0977460211893 -17.70315532285294
39627805851387992 -5357.438038876668 83.2679242499428 67.64211652224003
39627793763404446 -6308.092862538526 151.5608512966775 28.049216964013965
39627757545587389 -5223.210191273951 20.25564281828455 -120.77748946249937
39627823974978635 -4635.002569659087 41.59597315455568 112.20135493356159
39627781683806340 -4085.0462138989674 106.70560971401328 -11.656412554001509
39627805876555929 -2531.851635558651 -29.508497129602162 33.81810154319605
39627787757159651 -4862.723189217824 -47.05875670786577 -4.546671097740935
39627817956148568 -3814.8727553546596 -37.41046064066179 75.21912453143706
39627805872361645 -4534.055099056361 -35.37408381288965 64.86742111844076
39627817922596290 -3262.679070720919 73.90517751925682 65.037255937439
39627799836754437 -4712.791801131895 -42.680670647899525 50.444918171147314
39627799832560612 -4217.05178054308 -21.0191017150687 43.93093629207183
39627763589583274 -4797.023238127335 -16.52160778341642 -73.29966830606756
39627811899576086 -4369.290440840282 23.697074177226913 82.23975470457458
39627811899576457 -5369.465916720547 27.243076636413758 100.75250826989075
39627781708976938 -3946.471233937434 -13.006256029481934 -11.973686235555077
39627811916350403 -3826.703851471429 -36.383088250005635 61.60990766977079
39627757541396796 -4398.005502848735 21.996724795071483 -92.86852395565022
39627781721555140 -5165.630331072795 -68.42507682607236 -24.656230510025033
39627799840948749 -4872.830136150751 -65.35925005186566 42.61053079899633
39627769616795043 -5722.8584440659815 69.17575590028923 -70.20399185054316
39627763593775730 -5298.865058019833 -36.57718968892257 -100.24239195432284
39627805876556325 -4479.480648055008 -53.33222141705467 51.61227095437085
39627781713167320 -5298.862813438819 -26.694187094797115 -16.569937235545062
39627763568611792 -5258.524867347819 94.03902601453689 -97.43612110106459
39627757545590878 -4034.2946247353793 4.388468447455041 -96.63330338311964
39627793763405133 -3522.9347406236907 82.57886840640879 20.278022170540613
39627817939375047 -4068.2695836719577 19.109679834178472 81.43197442697104
39627805851386438 -5456.814448775247 92.63830107622678 75.81513597416895
39627823974978529 -5330.243139612774 48.25181115339316 134.21082554342172
39627757545589016 -3742.0767552656334 9.856622911597434 -73.85335764444737
39627805872361214 -4520.254032652322 -33.85467170803242 64.98264093223978
39627775648208609 -6034.421114373282 106.18784699323861 -49.245479002497945
39627781717363066 -5259.7920463290875 -55.226091423468574 -31.359757047548698
39627769620993086 -5000.526478549303 25.976612311388397 -55.341024616353835
39627775660788725 -3025.6819066845537 19.479534148111938 -22.397502474091073
39627781688000911 -3494.6760984946395 75.36603869886298 -20.570936117916684
39627769625188014 -6644.625904047041 2.1869900684189307 -87.50989992455297
39627805851386007 -4675.186338317177 81.13010702141324 55.849491965671845
39627787715220847 -2927.400176876632 90.7853884299263 1.3039344761634377
39627775648206278 -3094.8455372571307 60.00441508762074 -27.777996059519545
39627757537199345 -3674.90447472356 44.20224815231119 -78.54427956025582
39627775648208237 -3935.0363446744664 70.31026615735895 -33.48295363642431
39627775669178067 -6511.575756030956 -16.714098610703186 -60.77596416710435
39627775648206448 -3283.466711743952 63.30918377653102 -30.02219962771206
39627811891186673 -4523.253920667502 65.47095310516617 69.28081705487988
39627775652397123 -6027.654866968691 105.12133399294594 -50.01991373004848
39627781700586901 -5116.432006432247 29.550281284647685 -32.43024699348485
39627781704777880 -3747.0389655471054 16.068977568366286 -17.427588873229762
39627817926791240 -4028.5835580209796 71.78755637100538 91.61088398013439
39627823974978399 -5974.43103005618 54.80541091201891 145.54953472188856
39627817939373155 -3838.9713962638893 23.780724629834936 87.06287872762121
39627787761357113 -5640.804946040942 -98.03705246626554 -5.5676051627249965
39627787744580234 -4318.2202607821055 3.639223189522876 3.314273806868116
39627787748772687 -5272.203185980048 -10.941302133153892 -6.026027768209376
39627787744580239 -6594.077822445239 5.528742440447989 4.179880206242995
39627781704778009 -6558.049183248175 27.428416652658726 -28.055820670459525
39627763597972548 -5646.3619985374235 -73.35145550579784 -87.75635626021774
39627763589583923 -4598.640286985667 -18.254181604526746 -85.66508289543559
39627787723604277 -5900.807295987304 153.4536239922657 -11.771993264622251
39627799819980427 -4445.518063006965 25.193499448696297 33.998113640211024
39627787744579200 -4076.2174245498877 6.089454281019807 -3.1166799661635043
39627781675421995 -4307.334981380929 135.32172577399552 -27.306112375583666
39627793767596260 -3441.7281068647426 74.56155988387063 19.77936493238221
39627793767600502 -5864.307156937272 103.32933984990386 26.146662035636645
39627763572802784 -5162.812649030802 84.89135548864886 -96.94328114735329
39627763576998616 -4924.964714155396 53.998726564779275 -92.98380118443579
39627781717362255 -5124.173779469082 -50.38363474475029 -23.41237097219192
39627769616793920 -4024.7525928057858 51.947764791249845 -55.72033198927867
39627781696391429 -5829.572306643426 65.05398203808281 -19.63867613790951
39627799840950232 -6227.125388630675 -90.07068452738528 58.876545883271774
39627769600020542 -3347.393789796025 91.45504109170805 -38.57049041133432
39627811886989766 -4463.96809017826 95.86264661253036 68.87323428073304
39627769600020778 -5566.114631959429 151.09589091885582 -62.2412613784601
39627769600020648 -3340.791704432859 91.02646627343357 -37.326779060988414
39627787761355014 -4348.998404827979 -66.24628024606535 2.2759595462449407
39627799840950081 -4032.443959031184 -57.91835287636807 37.653465948289224
39627817951957530 -4039.3383079324253 -34.02757514764223 86.4656397117176
39627793767598453 -4237.60074428379 83.07679663425705 27.27726955136183
39627787719410356 -3745.660330119845 112.41471889576516 5.40846757117203
39627817926788392 -5201.13132716956 106.41107354276781 114.12437447696583
39627757528812820 -3766.358383796605 71.56486550414142 -84.88551006176934
39627811886991744 -2586.152990824439 51.00492995769734 44.94374748222776
39627787744579389 -2549.5307544060533 3.5087109546099824 -2.4723306687718942
39627805851386823 -3431.284357835898 56.819102257911815 42.50667879827666
39627787727803017 -5089.419738987077 90.00243956349239 -6.283930031259842
39627799836755623 -4372.738880919747 -43.43482707351318 38.46032051942143
39627787744578826 -4755.670112111089 8.493260250062677 -4.970929976472239
39627775660788903 -2321.172446232293 14.665561375614018 -18.474893035257363
39627799840948969 -5863.394810272499 -79.50502326698317 61.233457633622834
39627769620993614 -3471.431114570047 16.947458022873167 -43.45763067954206
39627775648203583 -4903.3887552601 104.12755456920618 -52.76952278339441
39627781692198702 -3435.606604732767 50.15949061206318 -21.174196118432743
39627781708975915 -5152.6276979534605 -13.623456113607656 -22.15931422341428
39627817939370868 -5163.018154496467 41.29384183820103 122.53833905652492
39627805863972265 -6769.32923105307 11.005801987575648 98.54779411410614
39627781692199388 -6161.089747429492 85.9668430591307 -24.608279459398304
39627805876556639 -4978.335742985491 -60.30325774337759 67.59588644881802
39627781700587363 -4011.1774217645443 21.608192349435274 -26.014017465067596
39627817943567342 -3325.774543008094 5.3209714480206385 72.84464573436533
39627805851387196 -3804.661421002232 61.684141156838976 48.15015932246433
39627787757160456 -4835.969918287688 -50.140929639368146 -5.169897477475059
39627757545588534 -5403.07422605194 16.351701564144 -115.09603228430692
39627787752966608 -5201.282234039621 -32.45509120986841 -3.8543126885673487
39627775656594985 -4930.981631971427 49.393180784621975 -34.41256100183366
39627787752965936 -3407.205388108046 -19.515346755864602 -1.7847994066074109
39627787757160027 -4570.399527634097 -45.757476518181846 -4.989847458220206
39627799828365461 -6836.676215725594 -0.6421250794199367 68.70345347649994
39627817951956629 -5391.971626443878 -40.63599934274694 110.68791420081058
39627763564417202 -5209.694546603846 116.86352785366287 -85.08066688921583
39627763564417416 -4302.531240235153 95.68582330254792 -69.66386851518415
39627769637769395 -4095.1681277508906 -47.94380435673334 -58.71961233871663
39627781700586651 -2875.3092165647745 17.18780575953898 -9.013122331771893
39627787731993240 -5773.3764879757555 97.47117438250717 -4.941338878497104
39627811903768998 -2478.9878955347294 5.544632906028985 47.528717562914665
39627817947761613 -4202.6692368367985 -11.697865540447207 88.9784174564329
39627817951955610 -3927.3043377620006 -26.082064535517947 80.52668289727615
39627817947763138 -5301.318527692992 -21.347936167371962 109.4564702627603
39627823983363682 -4422.589831186435 13.002890447200558 109.29077139854837
39627817930981682 -4025.8817263077212 69.16085445710038 94.67728394420664
39627823983362845 -4366.985725447827 16.118496917624547 120.29872887413272
39627817947760577 -4826.352773330084 -8.638215763918199 104.61642378218893
39627763597969292 -4883.658100439054 -50.68436460798009 -93.77268991413739
39627769616798310 -4797.3972315618175 46.890269678819436 -62.14955836527889
39627793788573195 -4219.452479533588 -17.96061653405657 25.182844971212923
39627793771790439 -5034.709960937108 87.52555313108337 23.059937326270763
39627805880747758 -5096.8924334384565 -72.69219499725975 68.11296187584657
39627787740383199 -5674.497937910102 40.465372897329914 -3.3769853527355593
39627799824175602 -5682.589124465297 4.714094892364536 53.01852081085795
39627817926789846 -4024.418277650793 76.6731716245957 91.5041578505228
39627793771790990 -3285.863009949097 55.418358101645254 16.91823802040734
39627805847191789 -5392.985668281893 116.73544291578007 73.91804747372602
