create_files/QSO_1_clustering_data.ecsv
# %ECSV 1.0
# ---
# datatype:
# - {name: TARGETID, datatype: int64}
# - {name: X, unit: Mpc, datatype: float64}
# - {name: Y, unit: Mpc, datatype: float64}
# - {name: Z, unit: Mpc, datatype: float64}
# schema: astropy-2.0
TARGETID X Y Z
[from data line 215]
39627751501600447 -6188.710302164261 27.880210029191936 -151.6166378184544
39627775639814578 -6167.787126060706 186.41777291695814 -44.98739207692529
39627763585385523 -5481.146133641212 20.036481065151236 -102.53618446017511
39627793763406735 -4337.729453759363 95.01148916986526 11.871636706853867
39627775669174517 -3987.7216530076344 -0.6131732513433279 -40.82364043093612
39627763589583042 -5592.4721166808 -18.248444139632028 -86.44612638672494
39627763589580561 -5423.716826341919 -7.091676789413029 -88.33020312521666
39627811903767446 -3294.072797043269 11.828130449127764 52.25713768424273
39627775656593994 -4993.416588154 54.526424210755 -37.505112356956
39627757541396982 -4138.292294738821 19.993649657474254 -87.88451306417693
39627811907965281 -6809.02834731128 -25.425335804537188 111.31566558736095
39627799811590710 -5015.535556195062 76.37321429935898 52.314881843601675
39627799840948526 -2815.726710432757 -37.365940394765246 21.92018501476268
39627805868163421 -4140.4949165573225 -1.029831697580163 59.66089563651456
39627805847193530 -6073.7988069973435 122.868899614352 84.30456510489816
39627787752967764 -6270.9467199223545 -44.62494040750254 -4.271073660956838
39627769629378816 -2490.1302761292795 -3.903499887117907 -31.864743383482892
39627805855583780 -3727.700960212926 38.99806803289453 51.22045277563792
39627811903767755 -4770.736460724725 15.835675401725627 80.39099752096229
39627775644010020 -4838.571239942337 120.43942834276214 -44.16106578777056
39627793763406050 -4836.704644914757 109.36978390224827 20.116531321193424
39627763597968044 -6366.173221364612 -59.11366569062613 -109.74700925624721
39627799819979304 -4205.242825317234 27.402576394190653 32.85986843181899
39627769600019533 -3853.0502963907297 108.56847710240419 -49.13554950175668
39627781717360704 -5002.591500675075 -43.66120524587693 -30.96073558780344
39627799832559938 -3799.818187346601 -17.28903697363652 27.125183066941766
39627763581195484 -4392.288321801908 20.97884502367583 -75.02473927378603
39627775673369321 -4259.027152431861 -21.143201832454718 -32.66410934040748
39627817943567051 -5096.9199577457575 9.648112566249381 111.98083964325747
39627781717361227 -5902.837885964418 -53.85454370402675 -23.366108686153083
39627811891185556 -4996.4056514034555 77.3239672239889 89.43295042617952
39627793801153846 -3904.9577197477133 -62.262726085689174 24.562632288150084
39627805843001257 -3794.7994822202586 85.52281146606794 44.268414821846676
39627805863969089 -4414.844565468008 18.296405462219962 63.44275019419776
39627799840948623 -4499.6166997858445 -60.00299935441741 35.96127292311221
39627781713168590 -3557.4760750657465 -20.92438658253212 -21.09794904843157
39627811912157142 -5299.5341897362005 -34.24136586489077 101.83183612775044
39627805863972065 -5169.128782412019 9.135039476890359 61.427011558706354
39627799840948422 -4766.81035877507 -62.90899476645218 38.604469104788656
39627805843001327 -4975.872413192593 111.81980353150594 56.30331668920687
39627805863972411 -5337.528672361643 8.08100536979257 64.4485179234983
39627793796958942 -5680.500347364653 -62.12128608152925 24.643877190867226
39627799819980080 -5727.288979566667 33.683891562169556 56.47330287504111
39627799811588544 -4381.207608687662 74.90201146147483 34.412419086479325
39627769600019248 -5828.022970765778 165.5573547025751 -76.66704967184678
39627781704781822 -6634.884013918625 6.969825622677724 -20.878864605552916
39627811903769823 -4813.730521870755 7.350467479329719 84.93199820796465
39627775673372087 -2639.6246613395197 -18.29713787625581 -24.3562405988407
39627793763406791 -5077.2760353815265 111.01149030671581 21.718611268060805
39627781700587745 -5153.132718201404 26.15755486351046 -17.165646939116858
39627793792762482 -5459.791104584358 -26.2246184779914 28.886678645678582
39627817939374587 -4773.95773895959 24.163590486099217 102.63339091144753
39627799803201329 -5787.029406575408 143.92580505312185 50.21578869091496
39627763597970267 -5537.330450217396 -62.46097511797356 -96.69471034450957
39627781688003267 -3708.3896749853975 73.62839466559036 -13.155920400587075
39627799824174960 -4112.646989274223 5.6243762713673116 40.19603391279602
39627817951956427 -5624.367750407498 -41.08170240046283 112.72387097047333
39627769616795396 -5027.868168950205 59.381753301247315 -70.89662551245479
39627775677564357 -4682.181846300341 -45.41995180965002 -48.19774538814538
39627769633571629 -4817.316600300417 -24.02205584876183 -60.567029337289796
39627805868165716 -4603.6633327016 -8.608797669772606 57.740323390883134
39627793763403595 -3490.72691101662 86.27032213599216 17.492523789489507
39627769616795454 -3470.148205334892 40.84193942976524 -50.09358103503093
39627757533007597 -6863.605673032021 96.24762798232499 -144.0761317670475
39627757537202531 -3885.6215663062644 36.043975135223064 -92.86202316487388
39627781713168169 -4260.925533740241 -23.96855743448784 -14.351145082437187
39627781713169474 -4349.355933091129 -28.254152024447166 -23.784892741597176
39627769612601014 -3034.1411251350714 48.87126160676655 -38.87853738084577
39627769620989623 -3524.3340628181913 26.48366695564441 -46.097768639687594
39627781713168296 -3705.7518676433265 -21.11163979215078 -13.686511022446151
39627757541393965 -3247.637013526404 23.87760503691167 -70.09245405398741
39627769629381890 -5077.214992220356 -19.876910251317828 -67.28060640724604
39627775644010282 -4264.823648399796 105.25032336344154 -37.18060896600297
39627757541395584 -5885.166495829629 35.34469069190704 -140.0747814530004
39627757537202907 -5729.2988013132945 51.394652271005285 -134.27917969565615
39627799832563129 -5549.730841432517 -36.669371927061896 50.335875895948895
39627787731994135 -3642.5619895832465 58.62979211350007 6.5225078652983655
39627757553975741 -5803.290860882214 -27.620889875482035 -130.23155440172286
39627811912155449 -5964.473915598113 -27.8393836047002 111.3590754497751
39627817935180601 -5852.075747301097 53.83807687472989 126.1644078659037
39627799799006637 -5104.050527776587 150.33091569400165 46.83573549800176
39627811882798313 -6816.758276053875 158.02758941151555 106.39757237300087
39627793780179978 -5020.124632547302 39.33676151466568 29.10024697188046
39627817939372288 -3887.3766249844075 26.68428544918933 80.19127061879924
39627751505789184 -3942.1451617965945 16.596446229111375 -98.43197381251484
39627781708973111 -4226.927819795627 -3.310179574869019 -12.596378600815871
39627763572802838 -4705.988483875845 77.1526389130639 -81.67762243456168
39627817939371246 -4882.646180601533 37.574260476157235 101.43549455970766
39627775669176285 -4578.0393661986745 -5.768141511868969 -31.18861626879337
39627823983362123 -4894.141616236302 21.09902622581488 120.13183951721079
39627811903769472 -5884.224272401146 10.688475708354007 93.10472660985786
39627793792764708 -5266.94714850566 -34.18161987787122 17.20540964995548
39627769612602879 -6110.604334951013 89.3058428486513 -86.75156538994995
39627757549783150 -4103.079490059881 -6.772787580474252 -86.28570723720263
39627775660785817 -2434.1489382260816 20.955763674998522 -19.672598626222385
39627751505789439 -3752.473221399199 15.038212366300325 -92.90341607668248
39627799832565640 -4173.788692895175 -35.112092807172544 28.053829502773137
39627787723607089 -5440.056735301183 129.858473857196 9.267314337481581
39627811891185827 -3761.3566522672254 57.18270623680188 60.25355037724875
39627769600021408 -4673.891599034332 124.4394280660745 -65.37228070020515
39627775681760683 -4881.30602060367 -77.75320647078281 -32.034413644615874
39627799828370370 -5497.730092422509 -19.58339177191558 56.52473968494787
39627781683808269 -5043.556952760613 124.55819596715335 -14.63264022026659
39627775673370284 -4235.551306943586 -24.33945847563403 -34.16597771010016
39627763585389697 -4294.545037581981 3.932014909572896 -83.4913755462966
39627757553977430 -3421.6156639396686 -21.536473270168372 -68.89989943084666
39627787723609214 -5084.491680223809 112.01874744063377 8.662696101822053
39627805843000067 -4636.881652138069 109.67536184811624 58.59130296663045
39627781708975106 -3019.384861266799 -6.30576492113099 -14.653333928004159
39627775669179163 -6412.916695995385 -21.10974676702243 -48.39690299635183
39627757533004032 -5501.468628856903 94.9963652845725 -124.74355724615847
39627763585390771 -4782.721545514577 0.6033476829164299 -82.07149411051788
39627799815785170 -4189.218856484121 44.77268571997772 32.42095232474937
39627799824174656 -5688.4007765853 9.39416541600548 51.69438180521301
39627787719412036 -3834.407373038636 110.7169814604571 -0.011126759502448352
39627805859777021 -3079.696722509948 21.186613893370318 46.83670587247342
39627781700588433 -4357.804149271946 19.256692397747535 -27.091084910375475
39627763585385779 -5115.27315041402 17.88880374089712 -92.86632440454143
39627781700584926 -3000.7750741352897 22.201940163443634 -17.099070507138975
39627781713169801 -4049.817489858411 -27.264775431259977 -16.50307670689536
39627775656591764 -3982.854594981482 51.02088215414014 -42.498404557144234
39627775656591633 -4373.880936697539 56.44428342056251 -46.60254226587185
39627805859775884 -6158.960705847623 47.236587272898895 87.58388550965016
39627805863971508 -4771.472567975943 10.52343188698609 57.03220189013645
39627775660790857 -3901.3566240591385 18.616557515811294 -26.028274685200927
39627799815785755 -4655.375875302364 46.87997143447543 37.53601040428614
39627775660786572 -4944.162667912822 39.388678765364524 -37.30671611475272
39627799815786817 -5164.8501124281165 46.69577702176391 35.52571134021802
39627787736188190 -3263.22411996474 38.70135334119506 -0.7095795063486793
39627787723609209 -5420.634726543574 119.44907827274282 -10.496007834817016
39627811903771354 -4350.676966562689 0.44661941665223015 77.043115778998
39627799803201128 -4901.060308622385 122.67663307458167 46.57151621485562
39627775664981490 -5614.954641943288 18.409916612042153 -38.33121410966198
39627781696390025 -3609.284603903139 44.65549265465381 -9.861234315051096
39627757537198970 -5592.389025620729 69.08510496898695 -114.22749046786345
39627775673369097 -4311.603477599108 -20.53385131467185 -37.26577204621725
39627769616796701 -4228.606771634021 45.88694551220363 -50.161492394711686
39627781675423216 -5992.721009597315 183.1502052117441 -25.120848758459207
39627805851388690 -6256.542906743934 93.75380462337407 85.3856762468187
39627769612601123 -4935.9127419245 79.07864757530284 -62.497057492590336
39627787727800028 -5124.697859165367 104.59164274263375 0.3619353219598065
39627769637770602 -4924.502781554248 -62.012384887270876 -73.95815410452695
39627793796960393 -4303.712810692846 -52.03828357845331 22.57699412680329
39627793792764262 -3975.0345490633267 -24.55614015377326 14.127337661332371
39627787748771474 -5029.746219349185 -5.871686339007622 -8.977842164718702
39627775677566343 -5789.312900420369 -65.13584318996153 -56.582209686503106
39627793775987291 -4688.38542412375 50.094218426906544 10.931077105582808
39627775664980454 -4306.387636032279 17.438640313298713 -37.39823108551473
39627763572804758 -4426.748370888738 65.60578991698955 -72.45932658766397
39627805851388863 -5059.222270836892 74.99272413958796 68.32451846374364
39627799803200248 -3283.918877201303 84.27970465382953 34.16379019231498
39627799819978649 -4415.843385495568 31.069384967105588 41.04110867178199
39627775639814595 -4528.068085481132 136.7921704668097 -31.076349165042114
39627799815785322 -4505.337047758409 47.493152457906696 31.137379991131034
39627793767599919 -6288.703742190983 114.36379232388813 29.99092467189541
39627781704782719 -6021.907518165745 1.9312034657282675 -36.77861040586477
39627769608406473 -4190.905940693401 87.0303689578042 -48.942719005261466
39627799803201883 -4132.366321750168 100.81542782997528 44.853200632115296
39627757545591158 -4375.144668377122 3.7579813539814078 -96.46003982803158
39627811895382693 -4868.427078340573 43.55791553635379 82.36985695883102
39627781708972635 -4366.617993977293 -1.9454539939530766 -28.22178451140404
39627769600018944 -5529.820388114389 158.2437746809863 -67.88599648073824
39627823979171632 -5731.619815311042 28.96401106426354 149.95350520127158
39627769616794880 -6187.96879703371 75.54002126080177 -81.28015574957753
39627805880749296 -4195.417815638864 -64.90062993523142 49.55122586169266
39627793801151919 -4172.175099140994 -59.2426651883326 13.00288701001441
39627823979168840 -4901.322656707408 38.10206809743942 122.33993190487331
39627769637766197 -4870.440748305083 -45.976319664411676 -64.74569032872807
39627787748770821 -2811.853650432691 -2.0473615660772233 1.2875556251944285
39627787748770991 -4275.529373449753 -3.5530414973981768 -7.792432167768722
39627775669178463 -3546.1101914172477 -10.025302325709212 -29.73024585720589
39627763597967976 -4409.5262783436065 -40.70456738534448 -85.31227808344407
39627805855584098 -5262.756746875856 53.85057028449718 66.82563352588498
39627799807394013 -3971.9647693360425 85.97164455497229 34.684654930888634
39627805838807421 -3181.9731928501187 84.15426325367619 40.92390968625173
39627799811590548 -5373.50556104448 82.54802750499115 58.505606837930785
39627811891184624 -5203.1069932877 85.39610800473629 96.36194859601473
39627799807394428 -5181.543565698766 110.30916976873341 45.226882065269834
39627805876554564 -3731.8695912551225 -40.084468041057825 53.89357638725432
39627805863971728 -3630.5124474518325 7.418582835734586 42.03131780308323
39627817951953650 -4138.912086170857 -20.645393767707244 88.13622672964303
39627781679617026 -6499.015047478622 173.8562018754605 -15.541626930372052
39627769637767610 -5160.932240110063 -53.734615217404674 -60.23109990059037
39627775652400155 -4450.054987156438 66.77137267379798 -33.02537933194776
39627811895378150 -5245.218174463888 67.81857469718348 95.31702205121177
39627757533004738 -4755.322516420593 79.01708134905931 -95.35016284829892
39627757553977871 -5899.56620899859 -39.62957083766261 -127.4221056172422
39627805847193143 -4716.455846644788 96.84360273709649 58.1698390927462
39627763576997043 -5250.945624832377 63.94382797581322 -95.80467427638135
39627781700587414 -4954.551317348817 26.487000503478786 -23.66955247108032
39627775656592015 -6733.857844555692 84.91628089550586 -59.255935522929065
39627781700587412 -4849.611422189874 25.927599622050327 -23.619170542382566
39627781713170924 -6165.865797554723 -46.315018274883435 -20.966069967212494
39627793788570506 -6040.074823181983 -13.96715446269302 28.610518228523418
39627757553978132 -6299.192945968511 -43.92135864412025 -136.4256606364419
39627751501598182 -5727.087142504876 35.67511484698113 -145.16324311083605
39627781696390535 -6673.658229826976 79.77532087061017 -35.216861378784046
39627823974975762 -5726.222559398528 63.68259450861058 147.82074730845008
39627817930983641 -4531.796755543289 69.70369433837311 98.9810761289971
39627811891184106 -6427.464893262611 109.3838294642863 115.9200534643168
39627793780180062 -3619.7732404698268 28.082380003936294 16.69572254459695
39627751501597016 -6313.698625591568 44.679623419866076 -160.88952087449167
39627775664985014 -4138.718064246193 3.0060276231961502 -36.52169084904835
39627763581194641 -5682.875973025213 30.370275537691043 -90.92787808121066
39627775673370852 -6757.590418908773 -41.71193240152094 -68.79415155276426
39627763572803811 -6045.511756872524 94.31288907119914 -100.12123780616189
39627769612602483 -4371.926386384463 65.35840851742037 -56.57938726869438
39627769629376929 -2509.0504684858943 -0.7088429976791304 -36.68544007560544
39627763572804584 -3443.1873308723675 51.478282886586946 -54.610281533600784
39627763585385730 -5398.783718508588 19.031551389840995 -105.58000899536707
39627817935177719 -4237.138251834323 48.02854233929048 83.28396069976336
39627811907963245 -6471.7471832207175 -13.278983374753224 115.60596070148455
39627811916351999 -6073.5579187368985 -66.37749137720441 108.93155311646174
