create_files/QSO_13_clustering_data.ecsv
# %ECSV 1.0
# ---
# datatype:
# - {name: TARGETID, datatype: int64}
# - {name: X, unit: Mpc, datatype: float64}
# - {name: Y, unit: Mpc, datatype: float64}
# - {name: Z, unit: Mpc, datatype: float64}
# schema: astropy-2.0
TARGETID X Y Z
[from data line 847]
39633123264169054 -1433.9606719536685 -3283.5872360456287 3293.044213295832
39633132130929042 -1451.760726660513 -3109.893420673039 3200.6920407698335
39633145330402039 -1350.1986809828898 -2835.7958622098013 3013.312154778094
39633145330402080 -782.0080107884789 -1642.6993606140952 1745.6745322610602
39633149700869777 -1001.7948314683341 -2150.8442250788808 2294.976561873671
39633145355568173 -1339.8141051024318 -3098.871741156913 3245.007574603862
39633145355568158 -838.6454079777917 -1939.6018744939909 2031.5523712150198
39633145338791233 -1011.0862038046333 -2196.5685567373635 2312.509844208858
39633127705938778 -1361.4417087084762 -3026.1964745184546 3079.3443986274015
39633136555918569 -1881.3796463696806 -4117.8946576258195 4262.239230989081
39633127689162848 -959.6596461815584 -2014.5116155845365 2061.767932607841
39633158378882774 -1492.3057352061876 -3271.5083201936995 3536.175880621676
39633140980912076 -698.4982026367411 -1700.494418980831 1744.6378268154888
39633154054554033 -1369.636446907166 -3003.4436546916468 3227.871243689877
39633145338792505 -1877.6046331420127 -4099.03877162142 4319.753799758005
39633132126734000 -1048.9698240547818 -2208.6618534324316 2276.1641351652033
39633145330403945 -1467.965506679349 -3104.137681770835 3283.4686839583687
39633132122540267 -1631.1461627138126 -3388.6796154274934 3509.1816074354015
39633118784653577 -1680.2222200795695 -3734.668090197882 3717.4142020687423
39633136564307511 -974.8218647513557 -2204.5917757446528 2271.325858569346
39633145334598579 -1746.6104045433788 -3761.771155429959 3980.075120310991
39633140980909029 -1580.6188807157655 -3798.500744170228 3887.297078478783
39633127722713627 -1546.2817196322542 -3634.061606069802 3665.0809857434547
39633132151901194 -1264.3786988639447 -2939.538823956149 2984.6727196586585
39633140968330020 -893.4227596135038 -2065.831852287269 2131.147962239755
39633145347178618 -1692.1448121601338 -3777.243264288942 3968.440409990478
39633149700867595 -1398.0186324922695 -2977.825600797687 3182.0718514811497
39633132156094345 -1444.357644291793 -3396.2371445150698 3446.89350545117
39633132147704428 -1584.755291016245 -3591.7379325033767 3675.05445067448
39633149700869593 -1399.0241546148407 -3001.5496039408717 3204.2750019544806
39633127701742495 -1648.9984392376768 -3581.8533230974654 3640.725956004052
39633123272559686 -1636.5086797903969 -3902.7867108133464 3888.2913018898735
39633127714326607 -1966.6246874934354 -4503.704065982199 4550.699404286061
39633149700866708 -1244.2867875168029 -2642.1700813305183 2820.8306021657254
39633140943160347 -1144.7720341166048 -2382.2521116805815 2516.206530093931
39633145342984938 -1533.4332392835347 -3375.912250789933 3554.0491539620753
39633123243198529 -1530.1116907153246 -3249.9935189764824 3293.2278859433454
39633127714326722 -1492.1412381005014 -3418.5604041901634 3457.4234619708272
39633118776265026 -1768.5273408347027 -3810.33474227007 3830.5511300105895
39633149709255107 -1831.8396621315408 -4011.6497013349517 4245.572752981392
39633127714326971 -1473.3747936466984 -3378.852534315948 3396.203256902567
39633123272557212 -1469.6459320469662 -3469.7750826177166 3452.5189860812006
39633140943160121 -973.3542952267512 -2023.6161583482015 2135.9482142824436
39633123259976571 -1748.0276557207856 -3966.763362356441 3970.768211460413
39633136547529354 -1080.9220052110518 -2289.401628351417 2389.839006105513
39633140972519890 -1162.5484662396443 -2695.3613090564572 2784.8931835883664
39633132160288482 -1245.872817614556 -2981.242931524676 3019.9811250500743
39633123268365678 -1336.1346024675338 -3136.814858331442 3135.78565300264
39633136547530920 -1804.5140239559705 -3841.8571151363362 4008.0842724392014
39633149738615548 -1594.2193142903784 -3927.364792873754 4099.126666681743
39633145363960368 -1129.5101498093948 -2738.2795402777115 2839.242283218669
39633154046168670 -1665.6505157025188 -3577.7803777470176 3853.19160207702
39633145355569102 -1343.3299177513663 -3117.2552967719676 3254.6768673447596
39633158399856374 -1371.2925928581467 -3296.478783302137 3498.3683375869837
39633114300941317 -1749.9320842497145 -4014.9752090906563 3953.0744512083425
39633149721841459 -1779.0040476641109 -4151.498532011411 4378.016892669538
39633136585280593 -1628.3084805205956 -4026.0755935355737 4088.424706487191
39633132168676462 -1496.3798431851785 -3693.3172686793164 3721.8547962731377
39633158399855461 -1255.5834169801526 -3006.4134688663858 3204.7871452784293
39633132168676518 -1054.2039219016365 -2602.6846981742574 2624.7338808347213
39633145363958413 -1657.4870372023122 -3990.1724976519663 4127.0128046934615
39633132122541594 -1521.18168752743 -3176.6708119452337 3296.8669290490466
39633136539142743 -1430.2666220658884 -2964.9999094138207 3098.141177433388
39633127722714653 -879.000328760343 -2074.3991168542616 2086.4134990141397
39633162682239963 -1508.3547151141656 -3261.9863002226375 3554.505352526256
39633118776266055 -1077.128829380487 -2329.191429578735 2322.325462254062
39633136543337689 -848.2917623039211 -1788.1693331740598 1858.6944759333853
39633132118346715 -1537.1995026744116 -3151.893643621437 3279.7943769248277
39633136543337792 -1362.8837324085525 -2873.867932289678 2985.9002521942843
39633149726035134 -1535.142182485013 -3632.458482924039 3818.0670371482097
39633140980910447 -1432.2244417992786 -3462.2221264916366 3557.7380394329302
39633154046169282 -1176.8513777964774 -2533.319848269338 2732.1430335614
39633140985105566 -1585.5525493935017 -3909.4649565680716 4005.581467560877
39633140959938831 -1789.172386036411 -3983.015080816368 4133.337494102294
39633149700867564 -1257.905754926441 -2679.0162278863313 2846.626997095765
39633140959938744 -1163.1941496112597 -2588.3414600163946 2686.2163956087406
39633140959937147 -1054.4463305141555 -2331.0099068479212 2431.392239625056
39633114284166526 -1418.1584145861236 -3079.539960212308 3053.4967179529463
39633154054554774 -798.352068568218 -1755.6118685563483 1879.3788753520666
39633154050360202 -1162.1231079394508 -2511.577781434044 2700.5573834085553
39633154050359826 -1501.9574199706792 -3242.1076752090185 3486.722181613573
39633162694821998 -1461.0125433101266 -3303.4801253574346 3579.809657906814
39633123243198375 -1159.9433674789416 -2462.4461045548514 2495.049168254239
39633145355568090 -1381.3087275266694 -3193.7691798090823 3336.460552095089
39633132126735955 -1359.7925306260693 -2885.1091361840004 2972.107504142284
39633158399854711 -1602.5550216938957 -3824.9648436344214 4077.6977024605644
39633158399854780 -1670.3394149765584 -3987.978959061126 4251.939255226401
39633132156092926 -1001.8096504205354 -2344.1087781885544 2381.9180333081417
39633118797237248 -1594.3856218957496 -3727.400171503392 3692.062331721147
39633132156094659 -1673.3985135506969 -3939.4053321946144 4007.335585108429
39633136555918713 -1041.453823164521 -2280.408178729011 2366.527959957989
39633132156096528 -1345.6975387648115 -3190.3062372153945 3215.323261037288
39633127693355357 -1178.261582008708 -2495.414572872544 2559.89181339852
39633127718519832 -1648.9811388364592 -3819.503671480413 3839.6660896480553
39633114300942327 -1890.045912376561 -4354.340850279715 4288.692009415709
39633132164482252 -1667.817773759081 -4049.6280183259128 4076.7079693607566
39633114284166130 -1025.0784763227725 -2222.753997553564 2209.6452455940357
39633118793043023 -680.6540640648659 -1567.5109840688765 1546.0583784107603
39633140959936932 -1704.7228989720898 -3765.2198283462326 3913.668872281583
39633118772072289 -1152.2827059527965 -2461.7803966373876 2466.9484942971794
39633140985104578 -1671.9510070475567 -4106.866316758801 4215.928880197695
39633127722714274 -905.6686832167904 -2133.988369722196 2148.802349172286
39633145355570363 -1347.1916422944746 -3140.7480257032817 3262.82915213656
39633127731102610 -1469.0348916841344 -3574.69954381904 3565.732381158258
39633123247395068 -982.5003439701892 -2131.73918793751 2145.3707313281966
39633145359762945 -974.9098834207919 -2299.8531880165415 2385.007301147158
39633154054557274 -1657.3342705139912 -3682.7094824786495 3939.540845352969
39633136551725533 -948.933065472643 -2054.0564956668645 2126.1068719887344
39633140938968579 -1201.6354543050966 -2489.3282457476175 2615.406578066951
39633140955745747 -1626.4750549515268 -3577.4598641474013 3736.88946445147
39633123276752565 -1407.2619389148715 -3390.5701502705056 3356.4657602540733
39633118805623667 -1267.324144216799 -3038.871894579067 2997.9865382032735
39633140985104490 -1471.9278861259338 -3614.1673127791723 3710.344413376556
39633118805623180 -1218.7788203752611 -2916.0563444792338 2874.8109235744714
39633114296748894 -1187.4608996028628 -2703.97787070588 2653.501350700109
39633140980911529 -1188.677648054055 -2887.618824760967 2961.01920915541
39633166981401325 -1577.7105526157231 -3504.1615908796425 3836.1298730006342
39633132130930305 -1542.5978984604587 -3321.529770772644 3418.910248922482
39633127722714000 -1633.7143937686194 -3845.2888988027717 3849.8201756122226
39633140972521407 -1076.7853695389629 -2508.63460657805 2581.3851862908555
39633136585281612 -1759.1527760467216 -4366.255477320617 4428.243282109287
39633145342987746 -1863.5222492476537 -4152.86921653521 4340.742342823751
39633132168676725 -1609.5480335359207 -3977.6847430542116 3996.268517644984
39633149734423683 -726.9294622574864 -1780.5761151396696 1850.0645486090293
39633132168677690 -1429.0489828281857 -3546.4223194598558 3579.485675087283
39633132168676749 -1291.917172083606 -3193.2829950454693 3202.580190367194
39633136585281556 -1210.1956833043726 -3003.028664764133 3033.4489286455164
39633114300943237 -1412.1749132885498 -3265.3552377099663 3205.445730190318
39633149734423142 -1452.0585755275008 -3548.3585579612077 3689.0047987621356
39633123264170999 -1100.3747504487274 -2540.743393296735 2538.575913386065
39633123264171171 -1864.225023903564 -4307.548933535808 4303.177939262802
39633118772070515 -1784.2423494863478 -3789.3994148476722 3795.505480556409
39633149734423474 -855.6001830596553 -2093.9207197750447 2180.7402951654694
39633140964131160 -1808.8552991166057 -4058.9490445028227 4234.814922515442
39633140985105625 -1578.8472817978693 -3893.905653115252 3995.942253504295
39633127731105081 -1710.7638578302208 -4211.342227233032 4194.88254886248
39633145347180588 -1142.281528757369 -2570.189423728897 2684.118621863804
39633127735296247 -1429.3218184969892 -3527.665170390076 3526.965838784039
39633114284164469 -1379.7695510002864 -2975.5606925985903 2960.749824785046
39633145368154100 -1576.2900466956785 -3882.9816350626206 4001.0202316314176
39633145368154283 -1559.9843757756244 -3845.5951742348416 3957.6145781648597
39633145359765657 -1780.5926827500064 -4240.6005237277905 4385.610646377963
39633162690629657 -1313.1751697165573 -2944.1653618212804 3206.1999958848787
39633127722715121 -1401.008720683497 -3312.4162736916387 3329.2636502430505
39633132168675968 -1651.6047415738503 -4067.613052036141 4084.267682808987
39633132168676474 -1295.3219122772268 -3197.2600378131347 3209.6697801072924
39633127731104633 -1781.339181061174 -4376.316854060154 4384.904555955674
39633127731104942 -1262.6494856476097 -3106.3122992386443 3110.712204701305
39633123276752976 -1348.4126288202028 -3253.071980392249 3220.1617714640392
39633149738615188 -1232.975894931518 -3032.8989475437334 3169.088307106503
39633118805624616 -1255.1306051977444 -3021.731919549938 2976.7248692354724
39633118805624010 -1402.3918615997864 -3367.750889826817 3316.730682573521
39633140989296725 -1569.5560263204081 -3888.7329108188706 3986.723756142172
39633162694824138 -1047.2542598005036 -2386.6062946578154 2586.513804671194
39633145372344396 -1265.203826746295 -3121.176612695094 3218.485660942667
39633140968328332 -1040.520259537978 -2393.253799450172 2473.8459688208463
39633132164481753 -1433.8617740195077 -3473.0119515986794 3492.0965920450935
39633158387269752 -1732.6832001539537 -3903.7586741802206 4197.3819827524885
39633158374686848 -1412.9426032048932 -3032.4246042652426 3295.220469239477
39633118784652872 -1391.246940681579 -3084.5964449473963 3076.029073686802
39633158395661505 -1096.3496855964656 -2586.5448785425187 2756.937321641977
39633158395661799 -1628.983868113435 -3847.2638450194554 4098.046843266906
39633127726908924 -1680.0031383445698 -4029.7365364321063 4026.9890455127966
39633127714324731 -1314.4620373036798 -2986.198752693591 3003.377212306447
39633132164482876 -1478.1306103722422 -3600.0751754719076 3615.1924826968034
39633149700867031 -1434.7760384271273 -3049.9741693312317 3252.9329745828154
39633118793039924 -1241.6651832564369 -2826.2433216866825 2802.3956613598866
39633149700867136 -1740.1181690352448 -3700.370157638777 3945.612018787522
39633140968328134 -1299.8503591509382 -2987.7819450907195 3090.6849547254806
39633154037779621 -1490.8856332590663 -3100.0038241944235 3339.9888233734437
39633140972520701 -1696.7612665489894 -3943.887795684748 4073.9744728498517
39633136547530216 -1857.1984193077503 -3944.338442956687 4110.590267181362
39633149730228895 -1232.6858268584326 -2960.20725666555 3089.329796066285
39633154067140077 -1452.1341872186922 -3389.525155449693 3583.6968311588953
39633149734422750 -1198.1878611657517 -2922.459884628828 3037.8493108083835
39633166981398977 -735.2419473840425 -1617.7285569300554 1775.2466262326705
39633132135122239 -1666.432995024115 -3609.1065855662578 3693.331899611127
39633118776264465 -1539.7196842263472 -3310.399673313561 3319.6134449871834
39633132160288309 -1537.202181315007 -3675.6873028583536 3713.7674563143187
39633136555919452 -1144.1579417333364 -2511.182081794126 2601.4905974202998
39633154062945092 -1469.5941691593166 -3364.8049004768204 3574.797641285812
39633145359761576 -1286.4541723254124 -3017.012333696284 3138.6788499376044
39633123239006518 -2024.1311770932905 -4260.194160885225 4326.366312232781
39633149696674200 -1396.746721837841 -2939.4546841588135 3149.4246775488436
39633140968329125 -1174.9096501605407 -2708.6726955267327 2792.0295981496038
39633154079719578 -1034.6043418035836 -2504.8953207461986 2639.014902566501
39633166981402571 -1028.0635974617269 -2293.913564461439 2507.621825573289
39633149700867364 -1801.8960262817375 -3834.692091530077 4077.0812248536986
39633162682238757 -1676.264914008545 -3609.3418183034064 3936.3668913131614
39633162690629108 -1461.7890127389398 -3270.63337600607 3559.049364994434
39633140985106463 -873.1034957337893 -2160.5708381499326 2202.5303423580017
39633162711597772 -1191.5549966139868 -2864.8801356906874 3065.6862644440594
39633166981401889 -1679.1351746017908 -3736.9967354309506 4089.8240190771166
39633154067138588 -965.3362698731414 -2239.5442614623107 2382.107496008495
39633158399854979 -1234.7193681460215 -2950.5146813413467 3145.278277102421
39633132147706235 -1715.941020443613 -3919.2055438384614 3982.7959036105626
39633154046168140 -1376.3531808541045 -2950.7335695692136 3177.3642597093044
39633162690628805 -1711.5456946883003 -3824.4348012190553 4160.564060050871
39633132147706372 -1574.4803585121433 -3598.116393895748 3657.241586162616
39633166981399224 -1093.6245715799337 -2408.8226637078274 2645.4644131151053
39633158387271900 -911.6696936926418 -2073.36049025445 2226.078287420514
39633158387271979 -1066.9904848577758 -2427.5092972573193 2605.939812831959
39633166989789513 -779.5017449418838 -1786.0047005433537 1942.6813982707927
39633162707405895 -1778.897293649781 -4248.594776887691 4550.149930275179
39633158399854128 -1783.0228808058664 -4246.26901810722 4543.816198304767
39633136585281177 -1416.2720228222558 -3508.9581245154613 3549.735137830855
39633162699015527 -722.3389171432694 -1654.77465390211 1795.7258471068465
39633140985106181 -1355.8304657585772 -3351.373554664089 3417.8755254001903
39633162699015822 -1478.5621054529227 -3391.329320017329 3657.09730844843
39633140972521559 -1762.547545087818 -4108.275201648126 4233.5971787371
39633166989787901 -1272.7159900860418 -2897.219689138619 3153.1451590122
