create_files/QSO_3_clustering_data.ecsv
# %ECSV 1.0
# ---
# datatype:
# - {name: TARGETID, datatype: int64}
# - {name: X, unit: Mpc, datatype: float64}
# - {name: Y, unit: Mpc, datatype: float64}
# - {name: Z, unit: Mpc, datatype: float64}
# schema: astropy-2.0
TARGETID X Y Z
[from data line 1278]
39633404932654827 -2899.1602171929785 -437.84383211002256 5381.433158768288
39633393176022073 -1878.7157157019462 -351.10154646177864 3369.118197713944
39633407847695518 -1687.9415846721024 -366.3446858504558 3226.5949623154233
39633402021809271 -1287.2634659271341 -185.36914259008682 2369.1665275276428
39633410704018029 -2141.0155725114673 -436.44622007529296 4098.839708891652
39633396153977348 -2315.9393411542114 -429.1172405298081 4204.4749552921785
39633399115156833 -1683.5977760222524 -334.80277458134856 3092.755468009649
39633404957819708 -2792.49666898783 -573.7111181013018 5250.88760465882
39633421907003467 -2490.566380940892 -421.3989889456508 4954.145110814637
39633407847696798 -2075.987870610503 -458.18028290479594 3967.054721852908
39633407805752900 -2800.628029358381 -345.6032543608276 5250.466704767256
39633407818336935 -2706.286199946145 -417.1145917217276 5084.128292229151
39633407826725863 -2190.350494173717 -380.9768974458284 4144.365365517587
39633402051169584 -3204.620309677693 -674.6748650198781 5985.138180735835
39633419142956396 -2955.213325562011 -549.2589514043609 5834.6369327970715
39633396158171636 -2905.1538979535926 -567.6490516020513 5274.751951198921
39633413543560518 -2647.8013308315926 -534.9333918373952 5145.857376494241
39633404957822225 -2592.986429627731 -551.0379224196379 4875.830113935328
39633413543562464 -1634.0350790942955 -339.67350596164846 3189.00774718921
39633404920072741 -2432.7517982275917 -304.17048648256724 4534.891452779358
39633419138763226 -2131.96995986125 -381.51232302150777 4217.260257813614
39633410674658348 -2382.836896823915 -327.82347198024445 4505.272886868278
39633399089988403 -2643.09447609154 -361.95893637575784 4827.485500300503
39633419130374495 -2047.219090091928 -327.81431496530035 4045.7510019626607
39633410683044827 -2785.102137000865 -421.75810550207075 5277.473868008724
39633410674657575 -1997.7012078539808 -270.87537700137784 3806.208857489256
39633399110961093 -2656.336252285117 -494.58375942835966 4886.17327643015
39633416349549485 -2118.039391625656 -388.05356782470966 4141.786681620116
39633413539367688 -2052.1369937332383 -402.56629944246407 3957.357272646273
39633413518396435 -2161.8453394687976 -323.87613257269516 4166.986824602447
39633390177091667 -2069.3984529164177 -366.3127159703716 3684.3576567809046
39633410670462644 -2277.027541693528 -283.5997154149306 4307.791327938655
39633419130372612 -2466.4817154742486 -380.3188140581298 4852.376084753544
39633410712405460 -2068.904931064754 -455.32197474968643 3969.5300528424577
39633399127737684 -2463.6225741498974 -547.6998294626226 4575.500787453266
39633413530979475 -2509.601567536505 -449.1817412051988 4841.607997207354
39633393184407640 -2645.040607381651 -520.4886303694856 4778.563829474913
39633402017613342 -2868.498656167771 -373.6748359445947 5277.915102393338
39633410704017894 -2499.9585487798063 -508.6831310259118 4799.113548072784
39633404962015293 -2390.809651149064 -522.3684646347969 4529.268550235149
39633399085796827 -2133.1516134906287 -286.65836832369666 3875.308421130656
39633402026001189 -2722.4676857177783 -402.26917487502385 5020.009517711381
39633399085796610 -2075.258868723575 -277.793519331219 3766.6367216937183
39633421907002909 -1702.0682546985859 -285.74846360619625 3392.8615080399836
39633413535172705 -2075.2053931906435 -384.7921805322966 4003.9443430897395
39633396153976687 -2914.4993009857967 -536.037456902945 5303.220785707927
39633410704016989 -2257.1444645416254 -453.61401976370473 4336.227915541896
39633404953627936 -1633.5244795677895 -331.135467924281 3056.6258179806277
39633416357938635 -2460.223546471846 -504.6545856291591 4815.17145683756
39633402051168220 -2354.8408852103644 -486.24346329248715 4400.506618690749
39633419117791399 -2380.020895789817 -307.99701279340775 4651.459351880681
39633396133004624 -3050.931646990579 -419.0612208245749 5477.194564036805
39633393163437503 -2627.7089908363096 -405.3543329692409 4708.303078418462
39633393184410641 -2005.0431067898185 -409.32613538310056 3631.3027148187016
39633393155049903 -1434.23397891356 -199.30496385369543 2571.9153289893397
39633419117792296 -2345.905527097232 -309.0528412750379 4582.289383613636
39633399085796409 -2136.602413320288 -285.03494999465335 3874.1900125964758
39633404924266370 -1541.7657045266599 -204.70941549437086 2855.324929994359
39633399085796215 -3256.218345666497 -433.01360480992963 5912.0947950805885
39633399119350186 -2126.617600124666 -440.1596235043361 3917.994392896415
39633399102570832 -1549.742466046279 -252.89846356970529 2821.7949497957725
39633416341162480 -1272.6875197409533 -214.13384002096237 2474.68434031626
39633410699823242 -2442.5119558706438 -472.1421141222258 4697.90328617327
39633419147151394 -2654.5060255978856 -526.2420581494965 5281.633173098926
39633413535171692 -1613.412899113638 -294.1811219925495 3111.284665325201
39633410683045595 -2855.541694315395 -438.59712927603783 5413.365761590672
39633419130373092 -2698.884130614406 -420.4366995645588 5297.632782600633
39633416341162295 -2457.7681463904955 -412.274468723428 4786.718790249277
39633393167633181 -1894.8044115268783 -317.49576689102804 3393.491683065411
39633413551950255 -1336.7897615405725 -301.2436226034832 2600.1772193677366
39633416341162277 -2223.8568906955547 -372.944735343214 4330.114564400951
39633402055361485 -2194.3718757788074 -467.75429853748255 4078.3872802546375
39633393155051042 -2559.517398545999 -362.52715572453207 4575.177106087162
39633393163439829 -2314.7925445926826 -369.6052489194061 4142.272699861782
39633407839308205 -2272.0579405077096 -458.3443673088292 4326.374932727437
39633421898613098 -1522.9268498603922 -220.8769663996254 3033.9548882163213
39633404920073662 -2760.365100263857 -351.35613132123416 5101.937836125569
39633404949431904 -2907.068284819224 -548.1179182089601 5454.0190218274865
39633404941044122 -1675.247580226581 -285.08949924796985 3129.647336601504
39633407809949358 -2079.0642096806428 -285.5125981226306 3887.6767402433684
39633404928458856 -2403.861183698463 -330.90932277799465 4450.255051160473
39633404928458830 -3115.5658450197643 -428.69120523743373 5770.761013908017
39633410678850137 -1343.8393127466813 -189.74403178393533 2551.9615101431696
39633421923778844 -1928.5278050593988 -393.66725215187705 3855.6322897198725
39633402051167365 -2436.0237896862855 -496.8707166770838 4551.2198708346095
39633410704017532 -2236.63885993665 -452.97417020915094 4303.895957206363
39633424654273073 -1689.9119191861355 -289.13220984289745 3407.55019832101
39633396137201362 -2860.2322431952484 -432.72503342688805 5144.672291212162
39633421915391405 -2137.7747265534886 -401.30379153779415 4249.670865321753
39633396145586876 -2495.286071605762 -406.35739537367493 4536.2006155457275
39633404945239101 -1947.3313435207701 -352.08140584663 3645.6993627998204
39633416332772524 -1247.0868577317365 -180.8979347345496 2424.6626839893815
39633410699822245 -2198.8746334357456 -418.8505077128233 4195.505045120525
39633407809948550 -1819.3637230076706 -246.54741387918997 3401.586827652418
39633410674655840 -2165.351799392606 -284.4787375244835 4088.596774008356
39633421898615118 -2450.8734763328175 -369.0516434118389 4875.871127804572
39633407847695782 -2315.8841496826512 -504.1014830834757 4420.975363962549
39633410708212352 -2886.9828916379674 -618.7469131201756 5529.28862263968
39633390168703445 -2043.230735750331 -326.93247636351805 3635.919769996703
39633393159243048 -2252.1909077299492 -326.62937824929537 4012.5528244079937
39633399089989069 -1601.4737356343323 -221.91233947332745 2929.202123819866
39633390177094935 -1587.1615354912667 -293.649843482703 2818.0098873687766
39633399123544702 -2470.575863352702 -535.0351969728753 4558.501429525375
39633393180213771 -3106.9853414147397 -586.4171189946918 5585.4897450194785
39633416332772662 -2041.8457599414496 -296.91974028343895 3973.524818781798
39633393163436308 -2030.6191147567306 -308.0710832312291 3640.6995420202684
39633416345355208 -2099.983998022912 -364.99229017718875 4106.389683674139
39633402051167544 -2309.8252622758546 -472.3255771893242 4295.997079771614
39633404936847774 -1807.8078563750723 -284.09838777165965 3384.2512601608883
39633402021806952 -2878.9655562039593 -398.6640386569734 5277.910020882124
39633410687239000 -2281.106127324322 -365.8810435806353 4355.495866381669
39633404932655018 -1822.7390516388282 -276.29447597860377 3384.802637667061
39633396137200555 -2324.0750360545717 -347.0262553737022 4205.818358370535
39633413547755754 -1692.02814498708 -365.62347376087627 3291.2003784961303
39633396137200186 -2385.4181424254407 -354.24982067604435 4317.0714074394355
39633393184407594 -2235.829507284551 -439.76094950069194 4044.3630730547784
39633396141395238 -2932.244853519551 -471.63263326583115 5296.544372063996
39633416353745704 -2252.9774801770145 -450.03959567366405 4423.375412392562
39633419130373519 -2020.5068959572634 -317.41477953072734 3992.5093829154894
39633399119350025 -2898.2980013789024 -598.3951153250787 5342.0930346658115
39633419121985873 -1621.1406900074128 -226.89450470472343 3194.408301847269
39633396158170147 -2136.645044742181 -408.6870391516364 3867.2659601937034
39633419130373265 -2437.195327240513 -380.81739227490743 4803.438988044439
39633396153977612 -2160.7787373028827 -401.5772035299496 3917.3635829930026
39633393167632548 -2504.7338685249406 -415.4213760646852 4486.037852287635
39633393176020923 -2224.8020162602743 -408.6335723388469 3984.90072951553
39633393188604364 -1832.970389532139 -388.4945950547441 3324.185080233646
39633413535170579 -2356.389327046259 -421.9106428805275 4532.020264533121
39633399085794801 -2915.2141859331614 -377.2703932294478 5295.357624293467
39633396170752843 -2472.2616816374407 -540.0446948843127 4521.463295616021
39633393180215390 -2501.912273894483 -484.1221764276505 4483.96670961452
39633393180215122 -2771.315704403166 -533.7195522222456 4985.640009406132
39633419117791716 -1504.1129767818165 -195.894711197372 2940.690271196538
39633402059557512 -2167.336972142725 -492.20304750167264 4048.291015664132
39633410687239880 -2780.2010589703486 -452.2920566662921 5301.588471148081
39633410687240017 -2887.2614486896173 -470.65146101174986 5504.665421318013
39633402034389181 -1742.9758384618954 -286.46223173886165 3225.689362381538
39633421902809679 -2927.216801003524 -471.12271397802505 5825.7138381534405
39633413535171636 -2049.9160350419206 -373.38268712448865 3959.0687376667665
39633413510006085 -2563.333456563804 -319.48847520020917 4925.850675473606
39633393167631916 -3136.832309344378 -515.3247702275464 5605.167034786764
39633413547754824 -2541.662646482226 -540.5998765143488 4955.141090710691
39633393159244813 -2232.0071262634997 -331.0616473944924 3980.9592281581695
39633393167632222 -1678.196970354893 -276.9061958026438 3005.3600349066533
39633390177094613 -1914.1117412551678 -352.6266847494227 3406.722206046097
39633390177092769 -3224.221018660506 -579.5456693677584 5732.56259462975
39633396137197714 -2599.7840497519205 -372.391897293174 4673.037684576333
39633390172900202 -1412.0342689683955 -247.3726535912376 2511.420165516064
39633390177092825 -1562.1610795416511 -281.0618095549779 2780.45770597438
39633390172900639 -1859.967395106313 -327.8642987277916 3303.101732686811
39633390181286405 -2665.389563375975 -498.9283920214551 4741.077194803198
39633410695628131 -2292.850469677844 -415.6968282324096 4403.915881807449
39633393167630571 -1896.639613653874 -304.8241257828739 3386.059454009247
39633399085794643 -2625.686005715954 -338.6710645392594 4756.888122781603
39633413535172872 -1497.0600406429223 -278.3109343098543 2883.338227136129
39633399085796639 -1914.610941146485 -256.4333952583928 3467.0472386266747
39633390172898579 -2878.5633577552017 -492.6589943065453 5107.290271647665
39633390172897811 -2933.554131307685 -496.14496520937354 5195.888876597212
39633393167631626 -2223.768526743613 -363.58813620287776 3978.648507040634
39633390177093204 -3105.153260909929 -561.682917233964 5515.129456158354
39633390172897889 -2393.708135788681 -405.34670986339535 4243.6704972195585
39633393159241836 -2337.1810897302034 -332.6442131341182 4172.440315706913
39633393167630769 -2973.4237737888634 -479.3470256123065 5307.792706092592
39633399127737194 -1923.672874296527 -425.0018205668753 3565.4612465378964
39633402034390189 -3290.4676053085686 -549.0319682753777 6070.935754148219
39633399085796235 -1693.4950074115307 -225.25811371497255 3066.5716340998138
39633390172899175 -3030.4186491773667 -523.050953792699 5377.585356977975
39633416353745716 -2417.7297012864688 -483.05494824413955 4742.382343532983
39633404932655108 -2791.111044807482 -423.7148008580607 5187.862158251499
39633399110960361 -2434.1678944859636 -448.99917537330623 4461.053420381776
39633399127737953 -2283.220417066134 -509.5826963819055 4232.343284901608
39633404932655384 -1735.0035740159246 -264.7290641362033 3231.567345297669
39633402030197465 -1507.0830085707107 -244.66753473645304 2771.511473774979
39633399127737025 -2571.948202450502 -566.2754656992539 4766.052505547572
39633410695627162 -1665.848329650306 -297.3652921613586 3166.3333787718266
39633416341162104 -1463.5692351308157 -244.70594774587386 2850.0556894300084
39633407809948147 -1383.2321905516233 -186.23594866953707 2610.9516724059395
39633410674657784 -2222.2129711150565 -302.3371053458946 4198.044700822592
39633410695627578 -2082.4270435535873 -374.41022925126396 3996.8567246240573
39633416341161174 -2541.698376155468 -418.1039036746483 4952.265284639595
39633396128811655 -1511.0955412765188 -199.0431991016806 2713.7000182485062
39633396128811320 -2465.483145078714 -322.54879693112036 4442.426880106977
39633407830918250 -2879.1617154944115 -513.251828273602 5456.212353187568
39633421915391895 -2216.866880192133 -419.95463701659406 4419.174998637137
39633416332772974 -1296.1385238003354 -189.40466933562328 2522.029783348394
39633419142958016 -2502.6712853281574 -477.9954601050882 4947.104923775302
39633421902808800 -2077.2140415471285 -329.3242863564838 4136.672007035618
39633419134569515 -2635.1345433481556 -451.2004855354064 5182.287702066875
39633419138762501 -1973.3409650486701 -349.30067972205484 3881.3718484271644
39633421911198418 -1771.4528248526296 -322.17093537212264 3546.3124250656497
39633399098378064 -2129.4243917038534 -335.53752934209797 3900.629498491564
39633410708210509 -1915.54426954627 -399.33511592278654 3674.511867035368
39633399098377174 -2825.1939542961914 -438.9540798393347 5148.203647625154
39633419138762522 -2823.0534451968615 -499.83573068806606 5557.338127367865
39633421898612897 -2435.7932454854795 -352.1361615440283 4815.148042583594
39633419138762242 -2736.360231805949 -482.54401197351524 5386.214800237484
39633402030194891 -1856.8360700062226 -288.4802688036659 3407.5422409260086
39633421902808616 -2317.5616125592574 -366.1088128944286 4629.706996906068
39633396133004187 -1410.2435162269117 -192.129589038835 2547.0788261604885
39633413510005332 -1844.3083185841285 -226.96955218595141 3534.0207700741003
39633402030196771 -2203.251505627313 -353.06521294707676 4077.119070759955
39633410708210584 -3011.513324862102 -628.486051760289 5779.344570537454
39633393167632769 -3044.6494084244355 -506.63446785533074 5464.750448613721
39633416345355394 -2161.907005644606 -377.00654296431435 4225.682228402138
39633404932656497 -2693.6357331068207 -420.31312503645756 5028.772155677892
39633410704015506 -2628.6203955906217 -517.3597771566457 5025.59190820609
39633410699824267 -2405.467012162331 -471.7907403117947 4594.493337104236
39633402017613226 -2131.8753984276673 -277.16409835064 3922.833636251617
39633402026001632 -3045.574070792716 -453.8081368907668 5596.252400225811
39633416332774034 -1897.3728304542785 -282.68549758852816 3669.8694400438512
39633402013417918 -1381.395048932967 -164.44282827286244 2545.510104106078
39633399081601362 -2445.1204940214866 -300.0158947791741 4454.286419756995
