create_files/QSO_5_clustering_data.ecsv
# %ECSV 1.0
# ---
# datatype:
# - {name: TARGETID, datatype: int64}
# - {name: X, unit: Mpc, datatype: float64}
# - {name: Y, unit: Mpc, datatype: float64}
# - {name: Z, unit: Mpc, datatype: float64}
# schema: astropy-2.0
TARGETID X Y Z
[from data line 853]
39627902924359013 -4154.26825998934 -2318.566916072385 395.83158129083813
39627921022783999 -4207.610535965062 -2561.349158975441 475.1951005150823
39627939045703948 -2818.1852938699 -1638.7046964222127 353.73443774497224
39627902924359706 -3343.2810863132368 -1869.1047230108818 325.71004941524916
39627884859490936 -4568.724605462442 -2645.59807359544 359.480233462748
39627884846911417 -1993.8632310399796 -1127.2529969340064 159.7729358187752
39627933031076962 -5583.149327344646 -3238.328722663149 668.3645676131285
39627914978789292 -4536.829928870376 -2584.8223178526605 469.3423887912435
39627908980932749 -3441.267597037952 -2075.0583737588645 344.2980808153719
39627890899288709 -4732.896301554731 -2796.233851919209 402.37967234567384
39627914970402567 -5625.309598238292 -3153.378990046449 582.2442138751939
39627902957916899 -2988.1605263289935 -1816.5464729257853 287.20846740146015
39627908938994022 -3264.306450395909 -1795.903995533251 329.8476173425918
39627896926506820 -4283.678351544182 -2553.6355982482974 382.7643728947683
39627945043562560 -2696.5436330868274 -1548.0159803675306 351.2333410474448
39627933043659200 -5092.215767020988 -3038.3449770208413 612.034905761653
39627933018490099 -4152.367855029667 -2317.6730421871553 498.1733140759694
39627926999665119 -4876.232257142605 -2702.2546955045445 550.6624137711852
39627902915969423 -3931.756999747707 -2143.473209204732 369.3154754036425
39627927003862345 -4452.267536863305 -2505.3065690412823 523.5752206970833
39627927020634567 -3555.514204637759 -2064.663455078316 414.9628561193416
39627878819695997 -4791.862777355454 -2731.7220032303667 372.3704989518494
39627920985035935 -4138.904056142031 -2305.4676528688847 465.2324156284523
39627933031073065 -3890.2134903908545 -2240.2698831879084 478.6422297479227
39627933022684067 -3807.6779989527504 -2146.417923187217 454.9759445973061
39627927003862055 -3550.196220998458 -1996.7049161968405 417.13424400984087
39627920997614547 -5576.349932457699 -3176.483644660185 624.177219628356
39627908976740494 -2245.520723365037 -1346.3473287256065 229.086813080868
39627890878318776 -5073.477357137223 -2860.5979482960115 434.3018116364678
39627884867882730 -3975.386029655291 -2361.466849172193 324.8706621499991
39627878819695310 -3063.862230148072 -1744.6451334658557 233.69565382489074
39627927003862155 -5532.366776145321 -3112.0010032788095 639.0059575549319
39627939045708294 -4352.122188211659 -2548.742731975909 554.007721334679
39627908980936126 -3782.9796380853477 -2293.1116047517767 381.0496237790343
39627933022686462 -3800.8752855264806 -2152.220070800683 460.8164542137501
39627908943185094 -3708.9304973965936 -2046.3542052277962 371.08393127222723
39627927003862495 -3948.443207845151 -2222.288227886724 456.95288536509787
39627927024832282 -3717.847099131823 -2196.341039224277 437.26786776890657
39627927029027413 -5414.610797633592 -3233.0130362848686 644.6597475238906
39627896913924882 -4183.559077179983 -2419.753709259181 382.5501619360481
39627902915971379 -4447.871338703384 -2436.8682455364637 421.3173077980308
39627908959961908 -4047.5081699204393 -2325.3607882016295 409.30387348205915
39627920997614966 -2793.4834929111535 -1592.5554673765807 315.41554960499667
39627945047753460 -4383.734451613748 -2525.6394321869016 574.4451040282884
39627902945332746 -4300.658719467914 -2534.168548279005 421.0541793180166
39627939041513068 -5708.750015586497 -3309.713080787932 732.4495055065197
39627920993424548 -2366.188282248516 -1345.09792274947 262.8421806995967
39627872792479786 -4791.887014918746 -2755.7734133095746 347.67360547399835
39627921001809714 -4247.359149471569 -2448.2188028198925 481.70072404181025
39627890878320084 -4019.121888370826 -2272.3870242759403 349.310931180332
39627896934894585 -3492.382131249382 -2117.2840856006846 325.3757838095729
39627921022783565 -4270.525864911658 -2598.059362550221 489.8718724208218
39627908972548089 -3895.263072259059 -2321.010713624003 399.47068385703085
39627908955768845 -5865.344049373233 -3343.3095238668066 585.6350967903608
39627896913923064 -4186.2521453461795 -2413.666673295196 374.22523737193916
39627920980837291 -5756.326005259019 -3146.137495258453 625.9926906538361
39627902957914727 -2537.404192053699 -1536.9434146397696 247.24810360754935
39627908964157793 -5383.917463530972 -3133.014961353933 543.8413978183545
39627902928556211 -4146.554885279002 -2350.3533055809025 399.2028957773675
39627902928555609 -5027.284529183906 -2845.94065301391 479.9030406013963
39627902953721050 -4250.521010794683 -2553.2729875446394 405.4130074575197
39627921001810651 -5648.748243448728 -3261.157253490101 618.8646898294376
39627902962109765 -4244.725106730572 -2598.922439871154 408.0039116669492
39627884846912335 -3448.602326060318 -1953.2418982426411 282.0883962502999
39627914999759491 -4094.9459977439756 -2447.550521327639 437.42232506810154
39627872788288129 -3222.069793364073 -1844.5460117200394 234.48501748583897
39627902920167471 -3339.0682369457477 -1854.7959870961074 320.558698711255
39627920980839447 -2861.0786283972247 -1570.458166593703 309.8706328210368
39627884863686158 -4339.605626714504 -2543.9025431723862 343.08836170056645
39627908951574363 -2985.9978921361057 -1685.5043448745807 297.34941771800237
39627890869930877 -5352.431172779236 -2959.9910266679008 447.1505272985097
39627908976739256 -4770.981929317984 -2853.7878830422014 485.1081853132448
39627939041510550 -5213.6224994576605 -3007.087329535615 663.8207216318572
39627927024833067 -3838.3764269218677 -2270.919634703084 446.03732781181367
39627896892949271 -4676.3676489255795 -2551.373124016322 410.9239588009013
39627939045707860 -4860.854160768568 -2844.493642137369 620.9170167084819
39627902932749968 -4150.976400134047 -2372.7034570333694 400.48888674364247
39627902911779013 -5306.92420156076 -2885.9189291279354 492.85554175720785
39627902911778976 -3368.4805709771467 -1831.6109122125329 313.30925745434786
39627921006005454 -3432.825519228705 -2001.6305182833578 387.2322765037511
39627890869931267 -4612.132357466886 -2552.843776826091 383.9308141728167
39627914995564886 -3458.3141203878527 -2045.0876407208746 377.8731985563552
39627921010201801 -5146.093094856966 -3043.8714656186744 563.3245787530543
39627884846908338 -3971.3364741125242 -2231.5955991158085 310.9583661999128
39627908968352236 -3711.822262730304 -2183.2803538543685 383.6325942613149
39627933039463814 -3392.3073969157995 -1999.0936099656155 410.31303378679075
39627920997614268 -3685.8066474482316 -2098.446641532998 409.99354946441326
39627927024832709 -2751.813409160595 -1626.9444829779434 324.565986838266
39627933039465790 -3388.092361509974 -2002.8567682992102 415.7529263587634
39627920997615685 -4702.64575083238 -2684.9565522370785 512.4364235162471
39627890895098325 -4403.610134371027 -2597.0612216043783 375.76016397902583
39627884842718882 -3699.19446589003 -2074.973103835722 292.3989995394476
39627927037412158 -2960.9313148160923 -1790.8390006714465 349.34769025114934
39627939041511350 -3920.9130855316375 -2265.4726891386053 503.7061147915759
39627908938991698 -4748.3195120431765 -2599.7326235325036 469.5230562363764
39627914991375439 -5737.5193678210835 -3387.585286629801 619.20589048394
39627896909729853 -3934.5774034908827 -2250.2945084947833 365.7983363675927
39627939041511259 -4785.013658570653 -2764.2302374452725 606.1625299524547
39627908968351787 -3737.9340764652557 -2196.6221134270872 382.8591795199741
39627884876270061 -4716.079581071289 -2849.702236757692 393.9382289322158
39627908959962410 -4555.302062256853 -2619.8175832039456 454.6680966961168
39627884876270347 -4351.131263985379 -2630.334300769852 365.92447217885
39627908985128304 -4786.5975732311135 -2922.036993774905 492.9810292710319
39627890878317624 -2019.9547138764644 -1135.8959662685863 171.39287696148952
39627915003957420 -3610.499929151628 -2192.8731960213004 390.8019591140702
39627884867884774 -4415.7619052574255 -2631.234587566312 358.2662619683972
39627915003957091 -3259.4170205561973 -1978.1774271790853 353.5391749299956
39627915008149204 -4109.727750087067 -2510.1591334933933 449.7781760949708
39627939049899258 -4162.559641082449 -2449.118701555023 529.7348276644684
39627920997615664 -2624.9874874281427 -1498.6643817459012 289.0511835838328
39627945051949339 -4997.797350373067 -2917.2155325393906 658.1365971071855
39627920989226739 -4719.711443273381 -2637.861353600189 515.6895548246588
39627939058288580 -3801.2428513275054 -2284.6070757458074 479.07978537281576
39627908959961866 -4390.458935189338 -2522.084389086472 442.4650324944337
39627902936942645 -3868.064015224394 -2227.395698510869 376.93396884664696
39627921018589016 -2362.6823809839693 -1422.702274217692 260.99646883022064
39627939058286829 -4389.226199810001 -2629.9909405634194 564.0991686229106
39627939058286784 -4651.1660694807 -2786.7842533712756 598.3143778360311
39627896930700102 -2364.253826777671 -1418.992047748377 219.63438811916552
39627890882513218 -3562.7766252406386 -2029.2673282250155 305.4912802598885
39627915003958153 -3954.4605078074474 -2405.1205668934076 417.6951361094043
39627920980837398 -3881.070988293832 -2121.6137016046036 423.8098737601092
39627908947382186 -4284.606066250532 -2404.0991545705615 424.3842065453911
39627890882513298 -5265.906982386139 -2999.8067004181767 451.83364899232515
39627878836474436 -4757.543937357602 -2829.9166552101633 363.1917206420338
39627915003954033 -2476.365309324557 -1495.090453056427 267.4696932278962
39627890903482864 -3006.0519500991177 -1793.3896655200376 261.3010048393902
39627884867883800 -5891.450418636905 -3505.6973846941605 480.2306352129553
39627927012246047 -2846.3849451840733 -1620.332166407453 332.98241547592994
39627926995470241 -2257.9474978688954 -1237.172196982502 255.347698861424
39627926995470107 -5101.476432444751 -2794.3360244051983 575.6746225059951
39627908985130564 -2542.476368389969 -1558.146651622363 260.1469611211992
39627878832279862 -4857.376588704103 -2863.02824848478 379.7883342382113
39627927008052307 -3699.6705506215294 -2086.250900008666 429.52587489608493
39627933026880345 -3955.9802997764396 -2261.395618989881 482.59396125938986
39627933026880417 -5628.147835229653 -3217.6961777332335 686.7993601575608
39627921014394697 -3699.0286407833864 -2205.00633697203 406.30998568713426
39627908972546415 -3904.2115824713283 -2318.418629520425 389.96310226684534
39627896909731099 -4024.3936337213536 -2306.58049546428 357.3008987411869
39627908968352306 -3259.5190551999685 -1917.5010006985965 335.7099498250748
39627939045709302 -4063.4445424156697 -2383.745413091328 519.9896643736785
39627939033121149 -4545.072374294745 -2564.235191796935 579.2570039192235
39627939045708660 -3240.1298742003664 -1898.7921527003803 414.31628079856864
39627914978791896 -5059.70977748011 -2897.7209939893623 533.8259970040573
39627878811309107 -2063.1063220790193 -1157.046270472323 155.49930509715847
39627908947380794 -5685.128547952294 -3180.041481677397 558.7310669937589
39627884859493403 -2716.6110559540084 -1580.6682210270808 225.26852505216246
39627896922310677 -3478.358558790977 -2043.1806860776503 310.9066015284847
39627908955770351 -4699.453960245885 -2686.8211821259642 480.42629419406006
39627902932747628 -3748.210527556074 -2133.756956435695 361.1235104294353
39627890869928104 -4969.400766837064 -2731.5412663573557 422.5777113494207
39627890903482765 -4162.8340889843885 -2483.0302097668637 368.6666067862403
39627933035267567 -4861.611549578062 -2829.7958994497294 589.9601401047062
39627908959961299 -3594.25738901563 -2061.9563569743877 367.2550249308514
39627914982982394 -3337.090390942918 -1916.760627067019 355.25072182929875
39627915008149413 -5093.961927117285 -3112.5841909536484 541.7782569357032
39627884859494824 -5151.351438788143 -3005.256314415181 427.26412260372666
39627890874124113 -3723.41190869658 -2075.417767516453 311.65247981068933
39627902941139004 -5108.456275395176 -2982.9672008686457 502.3260692512612
39627896939086896 -4159.080430675557 -2538.1627313819345 373.25218649006615
39627890907681499 -3496.8754617488994 -2124.495799988211 299.1775189675501
39627908951575935 -4598.774522679475 -2604.0684738876394 457.8758738891544
39627890907680202 -3500.97243795873 -2121.5271064865906 302.40152456133313
39627902962110386 -4874.749470009382 -2988.380066104905 467.3810184372036
39627896934896016 -3766.5048052433026 -2289.320297411447 342.8713658190769
39627878815504267 -3430.789278263591 -1943.8981402650209 258.47612239270757
39627927037414387 -2126.906282367376 -1291.4886241201198 251.0560880397772
39627890886706342 -3521.7771747475376 -2020.699140180679 302.6317823393443
39627872800870492 -5000.5418891551635 -2944.1021064752767 364.66864938888034
39627896939088823 -5606.068352932661 -3433.1106660666333 530.6740785080377
39627921026974293 -2907.7131207750353 -1775.2061896224088 329.0658346675602
39627896939089396 -4463.1160653671695 -2736.1157669402264 419.81308936876684
39627902936941106 -4163.1093824210375 -2389.8886756079814 407.39836628083236
39627914978791817 -4528.483518927275 -2593.1200965660037 474.62126347058074
39627884876270440 -4699.272723985839 -2841.2172278890635 381.7329895251085
39627908972545045 -4843.044975673869 -2868.131269246386 487.99798359228834
39627920989226104 -5329.729056160718 -2975.2877434484417 588.5031843092886
39627908959962580 -4258.71152642027 -2450.033055408335 437.0653898883294
39627890899292286 -3212.288591191174 -1912.4210834507767 274.81658187566745
39627884876269177 -3171.746391555878 -1913.7378114773405 252.6101302763819
39627896897147187 -5726.076516374278 -3181.4090074466408 505.87248243867543
39627921014392596 -2842.0687063992914 -1687.9752937874084 319.4335632237772
39627927037414922 -3602.4521802218546 -2189.724740864869 424.9357276563
39627896939090100 -4500.137892348564 -2762.2760357835455 425.6997620001354
39627872800868088 -3301.025009648833 -1934.6424059268445 238.1153869850185
39627872800869742 -5689.6237748397725 -3344.4043445006637 410.5512956880976
39627933031074800 -3896.0179846920005 -2250.480190213733 469.96567394907004
39627896897146772 -5597.401600829377 -3106.9057739826585 497.76755245599685
39627896892950670 -5064.777565215399 -2771.298390644837 457.03662428655616
39627914982984911 -4329.610653943862 -2499.974237062642 464.9129396682896
39627914982984973 -4739.018500203278 -2736.7276842585734 509.9267181650072
39627890882512458 -5499.202512203204 -3127.240149622516 461.119519926844
39627908955771109 -4097.1676690400955 -2345.8900511975057 404.41606368220255
39627878815503806 -5524.808147409464 -3127.8944820782554 424.65500295618807
39627908959963453 -3348.373450551187 -1930.2155506577308 346.11936435326766
39627915008148405 -3765.614354962864 -2296.4912169929726 397.67995228809536
39627908959961436 -4271.034560436786 -2450.9952983473795 436.0082107751223
39627890874125204 -5429.3482562922445 -3033.3330768004616 469.0910599323701
39627927037413045 -3782.7497210055644 -2291.5439271959726 449.31144667501417
39627908972544779 -5179.6198926037405 -3065.9224903039612 528.5377658389738
39627902962111006 -3888.788218214391 -2386.938137241563 384.3807748130245
39627945051950922 -3858.2503147930934 -2258.161248965263 508.5070249442753
39627933047853639 -4540.10492581569 -2739.5221778757586 557.3276510941904
39627890911871149 -3311.6604833016463 -2013.6271011934173 280.80999318243533
39627896892950657 -2567.304908383251 -1404.7063943471283 233.155651438354
39627914987175980 -3560.9177820137834 -2062.892384620084 381.9848383029011
39627933052043651 -4521.6096690529 -2732.636829124032 565.6750523672146
39627884876271679 -4943.055409927245 -2994.565593396298 407.52921136599537
39627908985132485 -3907.071987732163 -2402.2463202803633 392.7478464349767
39627914982985975 -4350.568268454851 -2518.769362519528 460.41652361662085
39627933047853953 -4473.467794465226 -2701.154070821252 549.1531075281857
39627921026976613 -4830.263952703533 -2962.1989350316353 543.40489127897
