create_files/QSO_15_clustering_data.ecsv
# %ECSV 1.0
# ---
# datatype:
# - {name: TARGETID, datatype: int64}
# - {name: X, unit: Mpc, datatype: float64}
# - {name: Y, unit: Mpc, datatype: float64}
# - {name: Z, unit: Mpc, datatype: float64}
# schema: astropy-2.0
TARGETID X Y Z
[from data line 1714]
39633456329657503 99.24254726636072 -1576.6733731708316 3570.4083638210573
39633438604527740 -60.576976826046725 -2448.2488426965424 5139.700339645046
39633456329657273 138.51764398410842 -2224.6068770420793 5039.869017052228
39633463543857763 73.03490750932482 -1420.3840741667107 3346.4654099609543
39633456329657370 132.35087297127131 -2114.8712924832635 4795.709056248889
39633458758159353 84.98350455329894 -1472.5941950946449 3396.077592381302
39633456333848966 116.81044007507386 -1782.5174685821978 4065.779396973162
39633465867504203 -45.769473087927814 -1762.7225892737274 4218.395125851661
39633468220509527 101.36828578131909 -2621.742760319607 6299.6177873560155
39633463543859510 129.08708163736424 -2295.843616632471 5392.3099196586845
39633461161496472 96.60386888363661 -1766.0546721851017 4139.895529529812
39633463543859117 84.60728306411254 -1534.1481060450508 3599.3496233342757
39633461115356371 -147.73633605042062 -1996.5300118274827 4636.109873625834
39633453821461414 -157.00820354923374 -2033.1054789895995 4591.4612646753285
39633456275130848 -211.29668364722951 -2688.654470896207 6119.016139627729
39633458712019002 -164.53953420545002 -2327.523296596089 5343.9055126041285
39633441192412349 -89.120188958653 -1673.2263803713843 3567.306963206066
39633468195344030 -63.28582578472957 -2075.7677319521536 5021.088539208769
39633463497722364 -85.91932017777559 -1295.0436127555945 3052.589567079396
39633461119550650 -92.31452176423922 -1457.5602311626878 3407.585352539565
39633441230160025 87.10305487941653 -2427.1298794196655 5122.524396657121
39633441230161861 73.86413115247944 -1840.2217310314168 3896.943447817417
39633441230163888 82.88854230487958 -1862.8047854173908 3959.7059792159052
39633438604527923 -47.372151563345625 -1951.1408912032377 4085.3713249122434
39633438600334726 -54.41886263689217 -1648.9048016111371 3466.1646054120097
39633438604528224 -44.00899343837132 -1872.0652687985328 3909.9696657024115
39633461115359241 -179.74754960459612 -2693.9872804398906 6314.667976562653
39633470510599158 -37.57594578084004 -1870.9831705490676 4560.574525859018
39633463543858407 111.76209044830765 -2105.394250901685 4972.470076869093
39633470518988188 10.298599019571922 -1890.2885750925311 4602.662740767577
39633456279324093 -151.14051440078492 -2124.158955231109 4842.638169066968
39633468195341822 -86.4932181463945 -2382.425438312829 5766.951740998944
39633470514792991 -16.975741726051712 -1814.609189846142 4430.0980762775125
39633461165687579 62.02448801630781 -1083.8934552834444 2526.697070540274
39633468220507462 80.37998680442163 -2458.4247288753045 5921.7259589563
39633470514790665 -41.21066237429178 -2491.4470267756833 6077.969742886664
39633461119549833 -100.62867332823863 -1544.8711941095082 3617.6660725284
39633453821462671 -175.80616338834105 -2389.2520349628794 5364.72768883978
39633438621307158 49.70207256738557 -2480.7150040442125 5207.7922046935
39633453821462147 -88.73305924874992 -1182.1487987066937 2669.8785979820495
39633441192412172 -116.68273526239214 -2171.0720834626154 4618.021539107786
39633470510598993 -41.31540639788734 -2011.3737403867078 4929.603136457235
39633468220507613 61.85493788470618 -1864.014577060876 4524.2357577490875
39633468195341014 -46.60018770906182 -1219.3458287352034 2958.0784177148203
39633461165687671 124.75516125118497 -2169.5013946808635 5058.830693615357
39633468195342983 -50.10588625133616 -1497.5915945030445 3632.9934022082457
39633468224701987 105.36931625041322 -2374.976122701917 5709.584377856735
39633465854921995 -92.09764830772848 -1600.591570579899 3829.571668459512
39633465859113921 -108.13216038529727 -2019.3900840855406 4847.498727276336
39633470506403524 -84.03448107580355 -2347.6562235871397 5708.708260589262
39633470510598712 -56.05280471124859 -2627.8695859976006 6416.98791122496
39633470510599235 -41.46941126645603 -2085.806147511488 5123.628232765737
39633468191149449 -98.81648018534254 -2352.1678632131425 5718.7620324510535
39633468216313904 47.71675842226341 -2108.0649633208986 5079.896915750905
39633468216314296 50.703211309860315 -2118.1097377269803 5115.826881067
39633468216314973 44.528486894537814 -1698.761741864022 4082.264481085277
39633470518987202 5.926192258701777 -2430.054489605883 5926.766608294092
39633465892670855 88.99052776660278 -2051.0752668533787 4925.691648662011
39633465896862314 108.6402553960664 -2324.496999857998 5564.102795460067
39633470518986168 -2.2064392012414045 -2273.740049531155 5575.789606076544
39633470514790759 -31.934305683647 -1963.7105369188077 4801.405002318803
39633468186954131 -90.13759889557548 -1633.730408880494 3930.2556503614483
39633461119549596 -135.10655814909796 -2057.0543783394814 4803.828459472302
39633438596140852 -71.69391074101823 -1716.1107897455875 3601.890859518361
39633458707825929 -136.1098704220476 -1744.8804820052476 4022.696225045383
39633456275131393 -175.70939010570697 -2284.1728410399014 5197.5133446914115
39633441188220433 -108.93323566644892 -1889.6449125957322 4006.9548711187595
39633441188220937 -110.57963720284796 -1962.1257235777941 4185.732690146915
39633451338435472 -165.21719333552798 -2160.935242660492 4838.240173221494
39633441192412094 -104.1900780111653 -1931.6385723244405 4088.2699955710555
39633438604527251 -54.18370048995592 -2084.661464991694 4373.482318303069
39633438604528094 -63.14081373988568 -2650.5211271565595 5528.508596226432
39633438604529181 -46.88527681469343 -2233.7333184389336 4658.571135902757
39633438600332423 -76.95962982859744 -2022.3121981663971 4239.890679559935
39633438596140278 -85.6135247607477 -1986.427612018373 4171.752806964812
39633448830242360 -163.51871866599154 -2071.9359421884647 4582.389161856794
39633448834433274 -181.67794907423607 -2332.6025392944052 5158.290265693736
39633448834433138 -171.6037005763005 -2192.1658013465885 4803.593537974573
39633446305271580 -79.42183930262385 -1156.6949225487747 2504.5459564697917
39633453821461279 -172.4888478767324 -2220.1977561994386 4979.342103386089
39633443759327208 -155.2490908614128 -2316.636119123675 4970.842425605915
39633443759326455 -151.9020223208863 -2203.0373519697587 4738.000939703899
39633443759325358 -132.05114382518016 -1843.0591650498022 3973.2143838047245
39633453817269623 -188.19610207687393 -2332.7571455924212 5249.622434673947
39633443763520056 -126.55504284324833 -2099.7462187749848 4505.105116607547
39633443759325208 -146.6396612650212 -2037.2047908967813 4403.0286439497695
39633456275131775 -132.08898685378904 -1741.798153492779 3962.3967746907574
