create_files/QSO_7_clustering_data.ecsv
# %ECSV 1.0
# ---
# datatype:
# - {name: TARGETID, datatype: int64}
# - {name: X, unit: Mpc, datatype: float64}
# - {name: Y, unit: Mpc, datatype: float64}
# - {name: Z, unit: Mpc, datatype: float64}
# schema: astropy-2.0
TARGETID X Y Z
[from data line 424]
39632966426561716 -3488.233889916759 -2745.107310396327 3025.808362399819
39632991252644587 -2287.573927927584 -1788.2743935588517 2074.76889141594
39632956406368820 -3794.162399001103 -3093.254556867849 3281.9493736955233
39632981358282657 -2962.0599042421018 -2256.912052449816 2604.4741837653355
39632991265227311 -1722.9954997493578 -1391.8725808366364 1584.7012680257903
39632966443337062 -3808.1145938313707 -3115.753223428984 3362.0538115119775
39632971426171288 -2849.95333993417 -2248.720716645704 2491.943006795257
39632961385008516 -4137.644893910589 -3014.397969400836 3456.6410250748777
39632961410171177 -2413.494372072782 -1861.6708568410666 2055.6389753871995
39632966447531587 -3750.933462800743 -3102.8704965516936 3319.097969103592
39632951352232690 -3906.862025074564 -3070.044495605709 3290.196197514903
39632976388033293 -3521.0471640532082 -2649.0679198405846 3046.794235775618
39632991244257048 -2616.9078720782154 -2008.1251958552564 2362.1905746962725
39632956368618945 -2490.2684825292745 -1836.7952512795785 2061.2896694385972
39632951352232769 -2402.3780618273363 -1888.1766126229845 2022.7699462830676
39632956385397030 -3803.616754321037 -2937.8966966085595 3216.7227608006215
39632966405588341 -3542.656846964254 -2630.635516468422 2991.1277893928473
39632961405977961 -2432.609375930808 -1861.7319078481507 2062.2035567256985
39632966401394665 -3602.999357436877 -2648.2533433723943 3035.473124031533
39632981383449114 -3702.5713494755405 -3018.00737569927 3336.2098954853336
39632946293901578 -2542.4551677075087 -1970.8019492990934 2106.988274950229
39632966413976402 -3685.4128702331586 -2792.925622479193 3141.3945321701144
39632956389593010 -3518.0103241871407 -2754.7672830628408 2974.189951117634
39632956397979625 -3880.74752860374 -3089.996259688904 3307.226936282968
39632976404811373 -3990.9552876412895 -3139.9350207891766 3531.047974537223
39632961418563648 -3263.250892718347 -2598.0939641280165 2819.0674316852837
39632961431142682 -3166.7933205150375 -2578.4753828315825 2746.6255490428903
39632961414368750 -2605.9999661921606 -2049.2672728146813 2230.0570959228958
39632981349895739 -2346.045233966343 -1755.5228111197905 2053.902264053615
39632986324337192 -2533.30567915772 -2018.8590275459192 2295.657714157933
39632986303366535 -2383.0508550507216 -1801.850368712514 2110.433627508841
39632976421586425 -2441.105044218977 -1995.782629395584 2191.1618967359404
39632981379254194 -2246.107176735905 -1808.1019613290525 2024.287361174761
39632971438752959 -3283.8217702444026 -2670.191559581994 2916.6300757394356
39632956393786246 -3573.812539762888 -2824.1790916054083 3051.334079838756
39632986324336720 -2451.5262601617565 -1950.8325396416278 2222.3877923953632
39632971396810874 -4049.6109067284447 -2957.9211547423015 3450.382193438903
39632986324338105 -4156.8523583353 -3321.581170615098 3752.775537604844
39632956372814869 -2842.705212252828 -2129.800649222661 2367.509766211564
39632961397589601 -2964.5835735080504 -2221.9083988207503 2494.344713012375
39632986299171209 -4013.761386873278 -2991.5174539279787 3545.7357777296866
39632961401783427 -3367.016233402637 -2547.215833566655 2859.516719475597
39632961431142512 -3536.1728661173024 -2877.5827860795002 3086.454435023151
39632976396419514 -3706.926285212485 -2830.9213419652756 3231.1941596685565
39632976421585408 -4241.431635010796 -3458.7223826076306 3803.5154656915493
39632966397202250 -3597.5431669884897 -2628.7257731401332 3030.438318576419
39632951339650079 -3135.2195771071924 -2388.8357085532134 2599.8391978172112
39632986311757189 -2424.1655720498316 -1880.5427069144469 2160.019365440323
39632976400614813 -3972.432471008371 -3075.401862366766 3492.8739126471182
39632996164176855 -3365.897168079895 -2575.3687147739874 3042.4697285526254
39632976383836752 -3752.931821080904 -2774.1814132432546 3231.454712548539
39632961422754377 -2537.5869196275926 -2023.2210363343577 2188.5596337906204
39632961414365612 -2705.295180845927 -2110.1617912915726 2311.168838301087
39632961414365640 -2459.102041366601 -1918.2698090109345 2100.172513029742
39632946310677575 -4439.342680090308 -3579.9853409949637 3730.0194852553136
39632971426170026 -3298.813453434436 -2595.225157111205 2872.4455360991215
39632961393394213 -3761.735082658474 -2779.4426707340263 3147.501098008615
39632961393394176 -3772.6841771410254 -2787.297280804669 3155.8616230382804
39632986303366025 -3195.0972526792566 -2412.059839474623 2840.398097151911
39632976383838860 -3243.2699536362925 -2410.603068966187 2791.56464763073
39632976388030930 -3299.0333195873786 -2464.9352563856023 2852.9959040598674
39632986315950374 -3819.7906389358054 -2992.067704881621 3444.641845232414
39632986299171550 -3113.5177462212087 -2322.4113255706106 2754.527497863949
39632981383448372 -3207.3553050081205 -2609.161411521968 2885.9667431716766
39632986332728359 -3059.8911484710547 -2508.8587789399903 2785.944777798919
39632966430755597 -2319.0292427976037 -1844.3020711365214 2024.0934495066188
39632966422366716 -3076.772734289908 -2394.6552134517096 2643.8332203361942
39632946281318014 -2880.7566032702543 -2157.363761327966 2363.1650631245006
39632986299171469 -3215.05482719174 -2397.6961553462884 2842.18422875523
39632956410561214 -2642.464576744683 -2166.9086163499314 2289.3549952893186
39632981383448607 -3580.6964926829587 -2914.562345873684 3244.628024714183
39632961431144039 -3272.082193594401 -2675.5585062239265 2840.3884943293533
39632991240062102 -3270.146791794336 -2476.4301490522853 2918.7473779101033
39632986307562370 -2646.029098479198 -2029.7831157834678 2365.093396028971
39632956368619112 -4302.364450200939 -3174.908202317585 3561.920295324546
39632941222986864 -2861.095598346252 -2177.336104161884 2338.826615343451
39632941231374692 -1577.620079224898 -1224.0900672155549 1291.1708801013183
39632946285514227 -2448.3143441855013 -1864.8828210431 2011.014014003624
39632946289707588 -2453.5165998958223 -1885.1501872396277 2019.0862783180633
39632941227180844 -2942.687439271651 -2262.1146643753186 2421.47858158579
39632941231374541 -3111.1551104718446 -2413.16269146811 2546.2350978735035
39632941231374624 -4136.510505057134 -3209.0848700229494 3385.5502449165615
39632981383446955 -4135.289775562516 -3351.0081306438656 3737.2501734787284
39632956402175336 -3813.2737073329968 -3083.736018864939 3279.837492083924
39632961426949203 -2343.7629316279454 -1892.2108754665437 2024.3486921577432
39632961389201128 -3392.146138551408 -2488.031699892124 2830.90299390107
39632956402175266 -1946.4482140385223 -1573.6568913070682 1675.5606875407186
39632966413977441 -3870.938781476477 -2941.8689916263747 3304.82002947654
39632971442946304 -3335.4782678252514 -2734.4505471621596 2965.96776456446
39632951360618691 -3868.3303576553585 -3086.172130684369 3277.5980636148292
39632961401783715 -2948.3601913607918 -2232.071112125344 2504.2771729680576
39632946285511039 -2372.1902180793195 -1790.228949518765 1943.5666211078733
39632976404807980 -3839.2442595537764 -2995.2987941688366 3382.3337394531486
39632951327066668 -1796.0172370796117 -1323.5976917483342 1482.9697456933457
39632966418170666 -1686.5446065128235 -1291.7183362107316 1449.8371155084521
39632981362475263 -2168.984557377191 -1662.9857542558811 1918.2583006919365
39632986307562189 -3202.7804361145813 -2455.826796270757 2841.0011774784703
39632951352232550 -4142.349223959496 -3254.1735361490246 3487.9116860549416
39632986311755464 -3849.306233677678 -2973.553450126189 3441.035784277123
39632966405590437 -4203.549003485127 -3137.535000725268 3564.6538455274126
39632981383448150 -2520.1767590499153 -2048.893536191236 2274.9454914534326
39632986315950790 -3260.382024535982 -2556.81962993146 2918.2581025206505
39632971405199302 -2687.9204526691333 -2008.0508684354668 2301.5058904719353
39632976409004890 -1981.1587771465631 -1574.3240417370034 1757.9897718789114
39632986315950725 -3451.023194899531 -2705.747557359654 3087.6117577368473
39632991240061991 -3556.3322297736704 -2692.2813649351624 3170.7290313613858
39632986294980885 -2394.6250817917635 -1781.1249715001818 2110.5219389664676
39632971430363192 -3159.141933126502 -2505.921617553111 2777.386097336985
39632956377007966 -3691.4885711289276 -2787.680291030641 3098.6468569270364
39632981375060864 -3093.748685157801 -2468.3682700849618 2762.6907301141987
39632941231378048 -2059.443237416352 -1612.1898383693629 1694.056686017048
39632991240063981 -4416.9471937395465 -3365.529682079748 3960.695476543463
39632951343843645 -4241.483632802402 -3261.621512977089 3538.3695598185373
39632981362475386 -2384.330768632935 -1828.69814889163 2095.6319299986326
39632966447530105 -3838.854879017714 -3164.7976297775567 3392.164567275604
39632966447530062 -3841.2697688274134 -3166.5435064065396 3394.4630876496462
39632976392225579 -2812.207513186691 -2125.6297575526664 2437.4969382486775
39632971417781146 -3735.206188808577 -2874.4316870231623 3253.861142839337
39632981375061414 -2588.782636115143 -2068.5859438509265 2323.42735715109
39632991252646532 -2294.245669531605 -1802.8821762668347 2082.38407058381
39632971417782114 -2825.028290418928 -2179.6705130960418 2455.928323069979
39632946298094124 -3991.3096054996618 -3113.0312901086663 3309.739106097671
39632981375061464 -3597.1745058720617 -2874.7402890900753 3216.3040129026617
39632976400616547 -2293.1600096689535 -1782.6311781070865 2018.378048962816
39632976404807740 -2305.0230447159793 -1797.370432033196 2029.827124299615
39632946302290244 -2082.300788919873 -1649.2722453252186 1744.8217110958865
39632976413200257 -2714.4788229326023 -2185.218624432529 2411.24294956075
39632941243957508 -2600.503990809333 -2082.9597369559224 2172.102616132666
39632971396811389 -3560.8347918758955 -2605.253823796256 3031.9061977127417
39632981379254625 -4145.557482553065 -3340.7804437844834 3718.8073061960495
39632941239763144 -3264.964644115027 -2586.879508853375 2712.4422817604086
39632971401005491 -2866.967713751305 -2122.0663006209315 2453.168046960495
39632956368619769 -4320.0037021905255 -3194.7977551006215 3582.3960121468704
39632981366671651 -3482.1290147809555 -2712.7908811624998 3092.895680892675
39632956402173781 -3060.780949238992 -2464.665070054221 2614.6713823845007
39632956393786961 -2767.4287168754604 -2190.428233013056 2368.546271342037
39632976421587966 -3371.4981907770384 -2767.71856194473 3024.5084765928923
39632941227182923 -3306.204599739947 -2557.7548285930798 2720.439324073564
39632976413196674 -3030.29917694774 -2416.8096909760234 2677.9908345531844
39632976383838796 -3429.7804027426955 -2548.839520377836 2977.3273195577144
39632981349892869 -3604.6295125005367 -2677.0575350298573 3132.9861449018617
39632981349893045 -2417.592530664321 -1796.2994732858722 2099.298548885757
39632981358281291 -3598.968358061454 -2732.036760710856 3165.560582733552
39632956368617946 -4122.880908396851 -3032.5726116715828 3420.218879764986
39632961393396154 -4180.198240118186 -3104.4159592845517 3519.748602188209
39632976417391171 -2043.95702596091 -1648.8726879656192 1826.4767072136274
39632991240062962 -2543.8829294444768 -1932.1021407038002 2279.1580989985255
39632986320144641 -2716.5688754078674 -2151.299851889312 2447.051748861903
39632946285510880 -3938.080007643529 -2970.6703672053072 3241.735347954069
39632956406370070 -1810.127693969613 -1481.4274763981873 1567.1863068550626
39632961389202639 -2874.183709014774 -2116.5779725594025 2408.0360883772164
39632981345699893 -4051.1588294178505 -2984.7953033050135 3510.0911665706403
39632986307563057 -3019.8974422561973 -2320.1733521159554 2685.6672379726097
39632951335454391 -2485.8815376382586 -1867.7313079258058 2062.5931147559654
39632986324339245 -2716.3808517226907 -2178.472360728355 2454.0687912854933
39632966397202533 -2544.4826539288997 -1860.7069118267245 2137.317336364079
39632961422753958 -3702.255215861026 -2948.9196537395633 3200.978411585948
39632976392226359 -3342.4105547415666 -2531.4821318963222 2907.4931550181773
39632991261033850 -1946.0515582309083 -1558.3231861009197 1777.5070453752132
39632966413978612 -2643.4908214760812 -2015.3835280194178 2272.5339612495327
39632961389202657 -2192.146346594611 -1614.4109131548043 1837.7042097411613
39632961435337316 -3571.411384657049 -2941.67763793412 3132.507628021231
39632976392226925 -2455.130385349194 -1862.226592670898 2134.3445217576646
39632966439143788 -2536.398214925456 -2060.6736903622705 2225.7507091560256
39632991231676393 -3350.594882055645 -2496.670955934802 2980.9459183262275
39632991235867679 -2907.681530011207 -2175.8573484466087 2594.765437358217
39632976392227811 -3307.1450462961398 -2515.0470683919852 2878.7487898092195
39632976400613922 -3517.7023597933685 -2716.9139585438115 3080.800881270917
39632996168368764 -2440.8026834192888 -1875.098663110465 2213.98905755175
39632956389589374 -2769.843049396494 -2150.3291095347854 2333.0414240331156
39632981379254563 -3389.236518010601 -2730.9390135969866 3048.882760348879
39632951335454439 -3243.2959978282315 -2437.057590536784 2684.542786019621
39632991256839341 -3284.6138852714653 -2599.3513875022672 2989.3468673294774
39632976383836431 -3393.740935353088 -2506.2146600475717 2932.335166678699
39632976379645740 -3736.4172408406494 -2756.3998761567436 3228.503444692067
39632986307562432 -4013.4056095738256 -3079.084325405651 3569.0930863220838
39632991248450408 -3469.277013973156 -2682.599046041172 3116.834966648338
39632996172565619 -2130.8643786632324 -1667.0112479264515 1946.3755744206985
39632946293900765 -4191.933378736749 -3242.510946369056 3470.9970147164877
39632961397590103 -3785.7791751123314 -2841.5198546826264 3194.2745075683465
39632971401004824 -3894.9232983193033 -2877.213841310294 3336.854504722062
39632961401785402 -3890.284300467187 -2958.7006030873454 3300.9934486906145
39632986311757672 -2000.917090256595 -1554.2180316013323 1789.8463677672898
39632981370867255 -4347.176270241233 -3439.1851135778443 3868.710477782778
39632961393396158 -3670.9417619725855 -2726.2385371893324 3089.7577963730228
39632966434949733 -4115.986172544559 -3311.1657123184677 3594.2018582620053
39632966434949902 -2341.7142686909006 -1885.0868575305099 2039.7927152404247
39632996172565479 -2328.8669917030775 -1821.2463466073668 2125.9210574962453
39632951348038465 -2595.5820262017905 -2018.6697315737804 2183.824947024217
39632981387642222 -2540.9664555941986 -2087.079424446769 2300.5672051498827
39632996164174915 -2055.2898348377635 -1563.6050190484966 1854.6034135606087
39632961389201629 -3023.672759736653 -2220.72762081878 2531.4149029861496
39632956389589652 -2092.1188479965695 -1625.3881504609128 1763.3473082983455
39632946285513184 -2376.6337528829436 -1804.5238109156583 1959.9259885221056
39632986324338248 -3525.04553158822 -2818.00664786433 3197.033611652837
39632966443338915 -2738.6442112943196 -2250.351892369276 2418.699345559656
39632986320143734 -3071.5841376815506 -2425.7910837119825 2765.265106122703
39632976392225098 -3849.3336027182895 -2906.2423681928426 3342.5815825631153
39632956368620600 -2762.696747173177 -2049.0716628925557 2303.136885242595
39632966397202385 -4370.9694314404705 -3195.1038581374364 3670.2999950532612
39632981349895918 -3843.9059304627312 -2878.053599990774 3360.0045789828887
39632976409005825 -3450.4091740344224 -2749.272381524714 3073.5102041252594
39632991240063225 -3230.9425601570533 -2455.884571778015 2895.319102566178
39632956410560741 -4053.9060621351696 -3319.8790022023186 3506.3570685449545
39632941235571431 -4092.449181862134 -3228.897454430063 3394.328020705348
39632976413199363 -2987.3154738842463 -2399.3575618557675 2646.6269512745953
39632956393785865 -3817.616751472197 -3014.210334077728 3252.2947294481305
39632966443339066 -2721.7265280232514 -2237.1643253610523 2398.4024082410424
39632966409785251 -2181.5646262026585 -1648.433367005153 1854.5793014426688
39632961418560312 -2011.5628145918076 -1588.2239945248455 1722.6430461263474
39632961422754147 -2944.3020597096297 -2346.2817211050988 2534.4512903107848
