create_files/QSO_19_clustering_data.ecsv
# %ECSV 1.0
# ---
# datatype:
# - {name: TARGETID, datatype: int64}
# - {name: X, unit: Mpc, datatype: float64}
# - {name: Y, unit: Mpc, datatype: float64}
# - {name: Z, unit: Mpc, datatype: float64}
# schema: astropy-2.0
TARGETID X Y Z
[from data line 1059]
39633153916144220 -2629.406577581713 -3644.4018493453727 4360.5254625401985
39633153916144561 -1346.4012821250865 -1868.0048775041555 2234.2418265789597
39633162560603053 -1594.0030401388992 -2261.3528235729536 2751.42215988544
39633145208769930 -1432.0007550271282 -2031.4585173016137 2372.430930114176
39633145212960833 -977.5250951372825 -1387.2575751314143 1620.6766897283712
39633136455255776 -1009.7764992172818 -1573.045472869797 1766.0453460157696
39633149608592772 -1296.5382926862349 -2014.3759515815582 2308.6079146101165
39633140829913529 -2299.213005171725 -3283.9274638601905 3799.617588155848
39633118671406874 -2701.5353652970707 -4107.425700245114 4463.516026459804
39633145212961528 -2526.3425476327666 -3593.895591320596 4204.295431234757
39633132000903616 -1595.0228980358029 -2215.047135702612 2551.27973149094
39633162560603983 -1299.3598566314688 -1849.2628215947714 2233.933667085451
39633140825720311 -1479.4990991405207 -2094.4796769762893 2428.9004829394808
39633140825722043 -1812.2795156943978 -2580.742821735489 2984.4937031931418
39633140859276178 -2075.9170825281644 -3272.8099906031584 3667.1535816645633
39633145233932662 -1724.6915862996727 -2613.7575153383814 2993.821608245291
39633140846691090 -2174.374402538609 -3273.7008556838473 3736.0376863212928
39633136442672109 -2302.242714162646 -3440.009070638715 3895.2367808145464
39633153920336432 -2588.3339447431727 -3609.6201104748384 4318.156526805519
39633140825721480 -2473.677153761596 -3515.507589532201 4068.7259997681153
39633136442672005 -1356.8047419415318 -2026.5477818033637 2295.628631923987
39633140846692347 -1557.9738308986932 -2355.2183226040606 2691.2409290909914
39633149570844717 -2522.8442094792345 -3501.2391589711024 4184.2621722042895
39633140817331678 -2175.980878959216 -3000.2890586347585 3527.4390302100933
39633153916144791 -1350.4761389724338 -1875.0233092658414 2244.5283257776646
39633136413314206 -1784.2951427306825 -2460.619394022399 2864.78390411167
39633136438480154 -1462.9487052847387 -2174.8659312426344 2471.65087519006
39633136442673922 -2684.805350258185 -4039.699843106508 4549.613815514423
39633149570844153 -2670.456725421139 -3696.909395244139 4386.888695184847
39633140859276116 -2094.4961500121835 -3301.5276817194526 3703.679807239603
39633145200381176 -2018.6307373890952 -2788.1439503344523 3285.95155529416
39633149616982463 -1921.8499752012883 -3078.1836117229896 3516.231135183422
39633162560603324 -2436.902299376756 -3460.3043226344103 4197.5403129642145
39633162560602464 -1751.8739652037968 -2480.222105822004 3020.942734178627
39633162556411014 -1270.7771455191871 -1794.106642715037 2182.139915753507
39633166855569430 -1990.4027284647136 -2837.5277052551774 3454.6632256398148
39633166851378617 -1697.439212883381 -2417.5129181443294 2943.1736773424204
39633149575037221 -1352.821717620284 -1887.4554432216107 2246.151800366634
39633166868153006 -2489.2496684298126 -3700.4953187874235 4469.099422430284
39633145229740358 -1208.6271527948452 -1821.2498217017908 2085.2307317496843
39633145200380277 -2664.3175900697697 -3668.283424994606 4356.069133120288
39633145250710733 -1503.0623525713113 -2408.764162820743 2721.7734649596273
39633136446865509 -1422.0355643299315 -2145.9894515058268 2421.447180017539
39633132000903665 -1838.1948312292031 -2553.1741845740526 2941.7965179617654
39633153941310896 -2031.4337265964393 -3056.8583738113803 3583.8002963679974
39633127575915239 -2100.01311544792 -3027.3036153550743 3420.5276070692216
39633140834109920 -1652.0835019570982 -2403.5426267442854 2778.569217532916
39633132038652090 -1152.0217302340282 -1793.5321661111439 1981.2953165349586
39633145250711881 -1514.4597289442586 -2437.4128698398804 2754.4409450628996
39633132038652085 -2477.009428624187 -3856.3166876120717 4257.172952715397
39633140867662639 -1697.8908235454944 -2730.688068713915 3054.3731901969527
39633123117369654 -1632.1207171729316 -2303.6189476844565 2591.7256042755134
39633162585768977 -1801.0092284518928 -2768.0973067317996 3278.5171408084157
39633140842499597 -1973.8829007078343 -2961.827265611451 3381.4353824242266
39633166855571395 -1704.2943038957048 -2445.5481679602663 2968.1017025736783
39633162585768936 -1555.455690859174 -2390.1996348449507 2829.4367650391328
39633162589964311 -1691.0246691957157 -2647.556762021385 3109.232285130473
39633162585770940 -1282.476684075934 -1988.1215945159004 2346.3706815888227
39633140846690804 -2257.984119665124 -3396.276769306826 3885.4391537334523
39633140867663887 -1406.1282562889721 -2271.297857556471 2531.5215530844403
39633166872348345 -2445.467850794086 -3702.1597037152114 4430.536170203904
39633153962279192 -2091.9786320139647 -3324.2658398709814 3840.347380553276
39633149616982584 -1582.749347654279 -2536.023062475641 2898.2253724113234
39633162589964934 -1685.5775821404432 -2646.3609454886923 3114.76758545417
39633145250712447 -1307.565449602501 -2108.566927677228 2374.1065853517794
39633162589962400 -1036.8578032653324 -1609.6628192224653 1904.0724126438563
39633166855570184 -1480.6141963411155 -2116.236796950328 2578.9810865579293
39633140817331594 -2758.616899719296 -3802.7354912161577 4473.929582331647
39633166872347814 -2203.8072821025603 -3329.0110786728815 3989.344191688579
39633136413314208 -1690.0996581672393 -2330.7253102762897 2705.8678948024412
39633118642048028 -2378.638778487016 -3330.633270119811 3716.4095930162553
39633127559137769 -1964.2839061291913 -2694.458611149957 3094.6442196464186
39633158261441689 -1926.4758610923107 -2821.631332256578 3360.758137191375
39633145246517320 -1994.6021546463032 -3163.8845345511763 3595.899889145194
39633136430092072 -1805.8328855697375 -2618.573194718077 2982.0296432487157
39633153937113802 -1603.6864868084294 -2356.2686810956557 2783.1927080899536
39633136430091734 -1580.8089026244133 -2289.6244923736053 2608.7207215610315
39633118654630419 -1889.254100368248 -2737.90306823315 3023.825887971539
39633127592692141 -1498.286956832014 -2268.1029990289317 2502.438302544489
39633153932922627 -1939.497656488351 -2838.7097611618788 3341.8381271610638
39633149596010072 -1390.498471449654 -2079.2561552667025 2415.378989559345
39633132017680879 -1720.0131284189024 -2512.653595149946 2842.1104683213453
39633118675602656 -2079.0652523401077 -3218.424684313566 3481.0361474059223
39633118650436189 -2202.59189730561 -3153.82204663827 3496.2032066744614
39633132021877769 -1355.596077764431 -2024.0017452615275 2274.106822949275
39633118671407355 -2285.530174830776 -3480.5485531585855 3775.6040611473272
39633132017681214 -1924.6703127145975 -2814.969129561527 3182.1262792363373
39633132034459667 -1559.520503732173 -2412.067873933384 2673.9220254509305
39633149587621604 -1903.4490919091957 -2772.7203524631122 3257.631562904608
39633127575916494 -2418.261909179444 -3500.012151772544 3916.0046987142614
39633127580106906 -1630.051232192901 -2360.05117446214 2662.3694651656615
39633153949696089 -2146.3195893287507 -3274.518561236143 3803.6146661168837
39633153945505715 -1502.6426248745938 -2291.134313933319 2660.6656509869467
39633153924532246 -1360.3860538669057 -1933.4730225988424 2307.769745313818
39633153945505558 -1501.940213876271 -2288.7770817570945 2658.933572408899
39633132030266305 -1180.9060505697055 -1808.409842116994 2006.399008709889
39633118658822196 -2325.051754556715 -3385.0411670764406 3728.2761955117485
39633132030265734 -1175.593905265138 -1796.782832056105 2003.33563134162
39633158253053185 -1265.2298854019805 -1806.955415529151 2175.3322160327953
39633145208768318 -2439.9940881177113 -3440.897518911077 4041.9120132083576
39633114175112035 -2407.8368093022164 -3622.5962413746465 3924.8307626473843
39633140829916525 -2441.3657459780106 -3521.546101760491 4083.5593527243686
39633149600203731 -2070.87081448428 -3131.2545275647817 3618.2459236165496
39633132038653656 -2494.4515948801895 -3900.6491066157223 4311.035181875377
39633136425896595 -2744.056430583905 -3916.666121502465 4503.71685573752
39633118658822683 -2165.659287638237 -3157.9695722203014 3483.7995431917648
39633149612787604 -2079.965058028036 -3280.433157682655 3759.3105778261265
39633118667212891 -2690.4003124939723 -4043.0501523659927 4407.868444296401
39633158248861070 -1617.4933708728804 -2297.5225787064473 2753.2433058914166
39633158257247753 -2135.6996072470174 -3091.9502930059166 3685.6139920507203
39633145233933453 -2507.682862784308 -3809.539344335606 4368.25575263756
39633118658826344 -1661.2307186455344 -2448.9647640437393 2676.9340646244086
39633145208767890 -2401.839033936491 -3382.5335430427954 3973.44777512968
39633118663017907 -1835.7723197130717 -2717.7541416415947 2975.1338003381666
39633118663016475 -1758.8216489809165 -2592.953829616823 2842.094522054052
39633127605273836 -1220.8725550806116 -1916.471603253465 2107.20144526475
39633158278220398 -1442.8720770589582 -2242.8557894178402 2623.929772982188
39633118667212819 -1511.5632522963444 -2270.96301194091 2478.8174255589347
39633140855079827 -2612.1438454067547 -4038.1841884194187 4581.447509559975
39633140829915838 -2453.0273087721107 -3531.5702720309973 4076.919905005694
39633118658824987 -2313.7660359863944 -3398.71502259434 3728.795575951679
39633114170920197 -2336.7793619249524 -3496.5434859984184 3791.4171229094923
39633123146729127 -1312.107260576272 -2019.125592272898 2215.2553416785768
39633158265636481 -1955.316958509463 -2906.3135994581066 3449.924980865043
39633153945504095 -1211.6293369583407 -1838.2876805126245 2136.3828078545275
39633136463644984 -1478.138177776572 -2369.4030572027177 2631.244469436524
39633132038653957 -1591.6185740833553 -2490.8718167316506 2753.1035565234747
39633132038654202 -2368.8057751748565 -3709.8033950471895 4106.90689226465
39633158278218288 -2156.155549370119 -3324.061576405246 3877.160511758558
39633149608593810 -1280.8227436083964 -1997.0688935997666 2290.7762781774436
39633145242321900 -2212.4410095159674 -3451.1563104941238 3922.1334920052377
39633118654628222 -2420.8453718585088 -3483.3633384085088 3860.348516443254
39633149596010709 -2262.278581356314 -3390.56602116404 3925.4266116302447
39633123142536450 -2132.6461082348646 -3256.787862780505 3561.1470720851376
39633162568992424 -2262.9782217418724 -3307.0650494642923 3988.973728985946
39633136451063083 -1016.0054478726902 -1570.6907983699386 1764.7694893763903
39633118663017163 -2079.3200690600056 -3071.283251447679 3362.3584333242597
39633162573188425 -1606.3417279329124 -2390.282770903676 2854.8765503392056
39633158261442335 -2082.746642510837 -3057.336424905639 3623.3561277321087
39633158257248032 -1301.480445510244 -1885.9910869402001 2253.2776157858766
39633118671407855 -2299.866987864353 -3508.0773786953737 3800.9946500205756
39633149591816356 -2022.8303955121232 -2990.2888259602746 3475.0166287794655
39633149596009807 -2091.8247406227324 -3125.3719638166517 3633.4165668147384
39633127592691532 -2224.056057119076 -3360.545622403536 3713.95262825204
39633162573187091 -2578.4907500537056 -3818.8569253554156 4559.1551489026715
39633145225545580 -1999.2047777394355 -2967.8062197018367 3433.4955691568944
39633145225545405 -1818.470250189151 -2698.0597266135655 3111.082215230631
39633132000905980 -2418.4160306232284 -3384.7853933153206 3895.077907344403
39633149596010263 -2402.38027506388 -3594.616701934997 4190.000515801875
39633162577381095 -2018.6491492776256 -3027.845393354725 3606.721066626727
39633127601081741 -1820.1325126520885 -2837.8974011067917 3128.3352707450604
39633162573185838 -1300.642476103186 -1918.2271395860635 2288.230469664353
39633127592691525 -2287.657929043772 -3456.606259622249 3821.952136261947
39633162573186807 -2741.4610867272036 -4056.309074898084 4854.09607201961
39633162573186874 -2019.2358200424017 -2988.5382646102353 3575.9242935627904
39633162573186993 -1865.9405345938019 -2762.6667296421642 3310.905384125396
39633162573185966 -1896.1286405951741 -2797.6876509437475 3355.443782105756
39633162577379611 -1814.1970056709201 -2706.4834950093677 3222.1731242037154
39633123113176823 -1457.4310099388852 -2038.1598275261124 2305.3049824016357
39633158257247386 -1312.7470073177012 -1898.3380677433336 2263.0135499590424
39633162573187418 -1497.8914049385382 -2220.924126601442 2652.670897907497
39633158261442060 -2240.0977929132628 -3285.3267018191054 3898.5425882846534
39633158261442018 -1739.5445155789148 -2550.882156475848 3027.702796075047
39633145225544427 -2484.5054549687857 -3673.019075151404 4230.689176329415
39633166863961012 -1295.5667812880665 -1918.8614689409817 2306.037844352587
39633158269829963 -1662.360896208673 -2496.576780713568 2944.0314967175427
39633162573186383 -2465.739220701441 -3643.338904131581 4379.043171475213
39633166863961313 -1436.6158279700765 -2129.915501211514 2562.2312200880524
39633158261443119 -932.9372304720064 -1372.9532835028 1629.7495445703998
39633149587619895 -1134.107463522463 -1643.2094685656598 1925.736438638584
39633118658823105 -2537.4922206872084 -3705.2994114825674 4066.4394117381325
39633127571720702 -1411.1783917980115 -2006.5954740335424 2275.30454582596
39633140817332543 -2337.2639364705387 -3232.766801457335 3785.354516056674
39633153945501733 -2335.2290927549016 -3515.3341263785674 4113.535410248016
39633127571718660 -1967.0329816865915 -2779.6704543776227 3155.0584868957562
39633127575913189 -2290.064696511523 -3279.8120285139075 3686.4630509874655
39633158265635208 -1900.55413165267 -2813.3195015888837 3349.9325561099463
39633140834107563 -1902.256634884702 -2748.6452499127254 3175.828912909556
39633132042847225 -2571.3603689081647 -4070.037504436513 4502.537668738534
39633118654628178 -1296.512257164408 -1865.373277954885 2062.000831276846
39633132038654957 -1382.2834321795863 -2169.79955796353 2394.9641568797333
39633132038654551 -1751.609305562733 -2746.425911469548 3033.1180817759778
39633153953892719 -1484.399818181346 -2314.4076881241303 2668.713049999066
39633118658823306 -2463.76319655836 -3599.938827851848 3954.857843048439
39633123117367911 -1653.070323686776 -2320.0406595093286 2620.1335844718415
39633149596010998 -2262.789496032669 -3394.6782574085914 3927.260386390116
39633140850885561 -1861.0540536525637 -2839.0640242587574 3228.7855721329743
39633158261443617 -1724.215506744069 -2541.354508024956 3017.647506716321
39633153958085636 -1985.5399209087407 -3121.105564923082 3602.535606926998
39633118663016531 -2412.398044944288 -3557.027016341699 3894.634168666828
39633127609467893 -2283.4863281881317 -3629.510617983565 3959.4409927520574
39633123142533156 -1730.7286793040705 -2615.355616819769 2866.877373783788
39633118658826115 -2380.057787619162 -3506.8789695258124 3838.810146685692
39633114170917395 -1662.2792424733318 -2465.803675046345 2668.7915929940164
39633114170917443 -2243.875161511965 -3329.071448754482 3603.176015247166
39633132000905283 -1204.7671652079928 -1682.2789538693423 1930.9711745773513
39633140838301909 -2359.4846961803573 -3454.634482083433 3977.0723052947587
39633145250710182 -1715.1757901553942 -2743.543268667087 3109.2819377432934
39633136459451699 -1447.3426259369053 -2295.124623171747 2549.5660741324327
39633145238129316 -1422.8822849047517 -2203.6762779818423 2511.23885932762
39633118671408614 -2021.4066915445908 -3090.369414098743 3367.046515417529
39633132017681932 -2128.36902563974 -3120.1043491304013 3515.370462995791
39633132042847069 -2250.944440240857 -3560.4295557610194 3934.6927092639708
39633149596010368 -2362.6249783407957 -3536.371170279763 4102.596626170698
39633140838301772 -1898.2070340436142 -2777.911313569247 3199.2223452500357
39633140838301835 -1264.622957681824 -1851.0886314463544 2132.932656354943
39633118671408005 -1907.4230842596846 -2910.7345265947015 3172.95485787942
39633118663017168 -1941.1428349239143 -2867.2066034663067 3133.9605808866463
39633118658825193 -2057.6525120067654 -3024.194228251779 3316.2004857713955
39633132021875642 -2258.0885014898563 -3347.427721510068 3751.461818623913
39633145225544254 -1442.411078661029 -2131.161950261942 2453.2262369995624
