create_files/QSO_15_clustering_data.ecsv
# %ECSV 1.0
# ---
# datatype:
# - {name: TARGETID, datatype: int64}
# - {name: X, unit: Mpc, datatype: float64}
# - {name: Y, unit: Mpc, datatype: float64}
# - {name: Z, unit: Mpc, datatype: float64}
# schema: astropy-2.0
TARGETID X Y Z
[from data line 215]
39633458720410122 -94.59059261300307 -2214.4110803397443 5077.801234658497
39633446322049397 -48.28060928072051 -1809.656288585057 3936.6121595102336
39633468207926173 8.238815170483724 -2532.18703589841 6076.731025234412
39633451388766031 115.73056389542116 -2454.871543712325 5478.7528559601515
39633468203729662 -24.97483772212845 -1708.7809084268354 4103.560838470643
39633443784493085 -13.023861033348226 -2368.4652569282794 5105.94630201112
39633453834046216 -77.28794907566055 -1879.6102601785547 4223.24500203154
39633446330435714 -19.30711349289539 -1831.5470261808962 3958.462304030121
39633443780299893 -21.05729543214594 -1556.319399508664 3341.794979447968
39633451359406092 -50.24660731839292 -1918.7664433725326 4254.250570786603
39633451388765374 82.06285312050288 -1817.2925123237324 4023.098726647782
39633448876379809 76.69686155126473 -2148.8788785315323 4742.1107456306
39633441209190137 -18.100617423549476 -1612.1367517989552 3429.8026702600237
39633438617111014 13.539100839378499 -2458.1453410580225 5173.132812883252
39633465880088345 27.285033784661675 -2644.333513321894 6281.006769923463
39633458732991702 -19.51387169777519 -1457.616172284646 3365.5228003376064
39633461148911858 20.061693057991963 -1164.618891165546 2724.9165563574934
39633451388767005 102.51651456296783 -2060.4804151379117 4595.814720902383
39633458716215583 -73.55709797675061 -1362.0117252725327 3141.77043132352
39633458716215371 -75.31410342882161 -1382.1930831322634 3188.6264924512793
39633458753964727 117.24321010346273 -2559.750348793201 5896.39112106412
39633453834046541 -83.46338849226669 -2073.193078225662 4651.860479739224
39633461127941441 -88.20394514981318 -2485.1160001970625 5808.879626436339
39633443780300187 -31.059433443197985 -2429.466240510203 5195.000449446787
39633463518694347 -12.432310589237268 -1523.230738619087 3602.7603060375563
39633446355600131 67.97159578754352 -1404.1561455439175 3066.6452209943827
39633463510306668 -66.785447936367 -2331.0566518973646 5464.869624508974
39633443801269917 49.919608572876584 -1409.9601544691432 3027.750997653895
39633448838631676 -144.15129703883656 -2481.654317695105 5481.156015915023
39633463506110265 -94.31259489124207 -2084.2681549188437 4930.145511271857
39633453829849322 -81.15655878399339 -1394.1869691572017 3135.424176996687
39633458732992868 -20.36761288603458 -1966.5288027536676 4524.9727504249095
39633448867991733 32.19313186333526 -2189.7365450495345 4782.101587948513
39633465859117132 -71.91296389513707 -1581.8312399687197 3760.2100072892936
39633451371989205 9.392016807707549 -1575.8177318943403 3501.918659341431
39633453829853432 -93.37434895255487 -1892.093554576443 4242.550803821958
39633448842822194 -105.05501328407139 -1861.1571419236495 4086.0898361163286
39633453867599475 89.45177104617711 -2167.488120651759 4856.867431713553
39633463510306069 -46.72955402349803 -1544.3875850312418 3622.216424136758
39633465867502179 -49.33906278556264 -1534.9891843604748 3641.941374759476
39633458720410366 -77.62736773862696 -1843.2343452871128 4229.326264719563
39633458737184897 -13.992080229479734 -2710.4133119617854 6255.982742070086
39633458737185242 -5.824404211923231 -1402.0809775948912 3236.398688127466
39633448842825402 -129.68864402466647 -2605.8500275775423 5724.844515193818
39633441217577371 12.85040604493688 -2108.5984839022644 4493.785158854879
39633453846626617 -34.2096266464499 -2256.7282955428623 5058.321620513264
39633446351407016 105.79746213431812 -2539.8488956661054 5503.104664360553
39633458732992279 -16.671981754859814 -1382.8508219591295 3192.805021416738
39633456312877662 20.184382923468466 -1618.2212823929256 3670.2905188600143
39633456296100644 -57.6032595828591 -1907.5921100736678 4360.1108143597685
39633453867598951 96.3157601778613 -2412.295471997851 5407.427587188666
39633446317852583 -84.0914871053215 -1982.5572182470253 4325.7402421161105
39633458720410391 -76.02199320254473 -1807.4623399607183 4174.759210649903
39633456312877692 20.27365656846727 -1612.0428845074018 3681.0740266312164
39633458732993080 -20.560337282871743 -2103.8075179144193 4835.043399701643
39633456283518342 -115.52572628409492 -1888.2332930315258 4323.1635170610425
39633443792880969 33.64710868144109 -2540.844454705068 5457.301413088782
39633463518693977 -19.49927711207762 -2099.7521561780004 4921.842877105734
39633443801268698 45.612104994875374 -1423.3130890893347 3062.5974435408175
39633463518693622 -20.901440064388165 -2055.488715444754 4821.408471920017
39633463518693632 -25.54858375220942 -2517.7311781495937 5905.521347656891
39633458728797932 -22.47077943122074 -1004.7398511302628 2307.6811340232225
39633446334628555 -6.933719819415605 -1942.5953522596776 4232.202094084309
39633453834043826 -103.62913157745014 -2206.976931987138 4956.561922544263
39633465867502959 -54.589580876160845 -1841.8476617688573 4385.793870743946
39633441200803780 -36.34627270390861 -1417.9141746418038 3023.437227021181
39633458749768462 56.30262611748297 -1928.1729044957128 4423.412269605263
39633465867502936 -37.363340501265334 -1257.2680585620094 2995.6249932108926
39633453867600598 60.04141036065424 -1363.6775683245467 3069.8061095424946
39633461132132408 -52.00999044600654 -1580.5469890652703 3670.1262806997443
39633465880086356 7.937816594772506 -1539.145068301513 3660.9926135986193
39633456287713953 -90.43077802350395 -1885.9411333559963 4297.885541047266
39633451355209797 -84.36917141760311 -2001.1241827631445 4451.892435679932
39633441213384890 0.05465291546837783 -2148.192392833917 4575.722965505767
39633451392959831 119.34458385121158 -2121.605489744079 4727.236462052582
39633453855018666 31.369578521024135 -2179.7516525582937 4871.555234702573
39633443788685445 0.4445581068285512 -2142.245382392705 4568.524569464244
39633446347211152 66.33069752817829 -2471.540661318107 5391.294803062153
39633458741382588 28.897135753367632 -1945.5494864032912 4480.7415835156435
39633461148913378 34.93873996758911 -1630.8614479914577 3810.379871842868
39633446322046819 -72.76292868278009 -2261.9007179453465 4902.070604230258
39633443788687469 11.337032910609045 -2483.6866852197772 5348.797717675868
39633451363599234 -47.46127145287615 -2526.7189302139795 5628.106763025418
39633463535470468 65.09450633589155 -1974.5761374846898 4633.924996961886
39633443771911230 -85.48852425679767 -2551.873829475028 5461.948508468639
39633456283520903 -96.93756143080829 -1764.6011409844439 4007.037432010633
39633451346821312 -160.98676877658966 -2555.888157185028 5668.325283244697
39633456283521184 -101.71406256740528 -1875.0846776932665 4259.34367983264
39633441217577147 11.9295139708366 -2141.791178837514 4565.957022119907
39633448842825176 -128.7294815589834 -2559.0897704149734 5608.840792699216
39633443771912107 -63.7563933959605 -2047.9181931574747 4394.506268977605
39633453871794983 70.87459228026499 -1281.2607839916977 2877.107568816568
39633443788687638 10.847452640348536 -2200.190866799131 4716.014968554675
39633468203731446 -20.751966989702346 -2303.7495934317903 5550.638179076106
39633453842435297 -40.10630656890436 -2294.2764545601976 5169.134771715191
39633441200800307 -38.528092031634806 -1122.8178863999854 2395.3265859650505
39633438617110963 7.0991055704686215 -1316.0178725373319 2766.298211907181
39633463531274904 35.383751733252424 -1908.5074675896428 4524.11717226666
39633456321266792 87.84361765313479 -2478.9739406764284 5625.963556462656
39633446343017660 48.92267569542927 -2658.7389455839702 5749.364509901354
39633463506108771 -64.37572805243754 -1312.6213479209475 3084.4466986998764
39633463506111339 -70.47372169499235 -1660.3995723841406 3902.1440185060274
39633448867988817 19.723486669326995 -2368.5216545703397 5176.663269144246
39633451363599385 -34.615190905272186 -1879.0164024948733 4182.864032705745
39633468203732409 -10.579557495649004 -1804.4369941453365 4338.712403923666
39633458758157848 129.14441784338973 -2426.8651541406666 5615.219195796103
39633451363599266 -35.21468160869638 -1882.1876494597966 4191.782459929192
39633451388768092 93.72905855684847 -1785.2907093685649 3954.635950348988
39633458732992077 -27.116846243783588 -2161.1142506412175 4971.820108178743
39633458724604498 -59.184296189720584 -1907.1187879066642 4362.770675517014
39633441204995820 -39.51684664109758 -1901.7602563558087 4055.4772105666293
39633463535470404 41.51031663371996 -1265.1182311833604 2968.299345730364
39633461123744363 -127.11484294784955 -2388.579457584761 5552.19653429419
39633446338822205 8.626068772220624 -1644.1237186810888 3584.029724851956
39633441217580110 14.764843914150653 -1179.1184237616687 2502.8034571741046
39633461161495469 96.6754857550227 -1862.3706513338643 4345.083617003741
39633438621302887 24.07030417467024 -2352.2392482475566 4950.804530011086
39633438621302913 25.586232584668352 -2480.696321207622 5219.600503027235
39633438621302987 19.212553405946032 -1834.9190764399757 3861.976272541608
39633453867600763 73.6764430105563 -1658.8179973543743 3723.7117897341673
39633456325460554 105.19019343325334 -2364.9567405394673 5398.024309712598
39633463506111662 -63.11766221164523 -1514.857198490816 3558.2139500504136
39633463535470208 54.74507203352782 -1697.797743584732 3978.4534926766282
39633448863794903 -2.9966449753737243 -2262.84100864336 4944.621847723058
39633441196607822 -89.23297919428742 -2206.9972096739225 4701.450037176701
39633461153104478 48.534739764725366 -2074.108078815128 4820.874418268963
39633438612917244 -3.7687927334505047 -1282.8540967117754 2703.626113581667
39633446351406340 62.36957596104177 -1564.928008801812 3391.096437017411
39633456325460233 103.24233057203902 -2365.7165119999554 5397.9208485614945
39633443780298579 -33.145980912785326 -1978.0042787986922 4239.914296420901
39633453871794060 60.87124510883086 -1147.652221210428 2586.460460979902
39633446351406295 78.11223567160079 -1965.0306772258186 4253.735053497553
39633443788689851 23.259583267840018 -2273.461794270435 4863.464546625211
39633461161493215 83.91578216456097 -1823.424412549066 4224.1789917366905
39633451388767925 118.82865649261214 -2280.912799535892 5062.280061262574
39633458741382993 33.081201414308495 -2058.540801535575 4713.676621499781
39633443776105251 -65.79384483247108 -2709.106923563936 5827.749662020012
39633465867504956 -57.132144208224375 -2380.944062939452 5672.6243950975195
39633456329654752 128.10608729940446 -2322.888167457802 5316.874147031884
39633446334630510 3.5134250234993987 -2714.9697252845754 5876.062968634451
39633446317855049 -72.07621292242635 -1928.5981002339702 4207.273688693023
39633443792880166 17.855405149250473 -1570.259528749815 3353.4668423281228
39633441200802434 -59.44584410546295 -2037.2439486625972 4321.975249141028
39633458749768528 76.41643117859029 -2597.56292202093 5957.280297372464
39633456300298081 -23.843181241918113 -1941.2559935056306 4390.102233611593
39633448872185376 49.46729495126241 -2038.891594408097 4481.705056828819
39633453855017107 26.250798312099718 -2489.124108234189 5587.2183869493465
39633453855017305 20.84173921539145 -1895.3510778993546 4253.628338008915
39633465863308135 -54.8973306400042 -1284.0003670498375 3054.754231768584
39633448863793648 -8.25442486949095 -1970.1582182155832 4345.24738844232
39633461161495008 90.61822585707428 -1789.0550557362603 4164.7372866806245
39633451376182464 14.650100862996664 -1091.7084120469542 2419.883421899747
39633456317075264 72.35596926540305 -2254.1978140031715 5155.699284479623
39633461127942270 -54.98619163856518 -1649.9709080981795 3840.8247289609285
39633446313657289 -93.97823258865499 -1711.7251484581732 3736.415783124931
39633453834046450 -110.71499364062235 -2733.591511003345 6144.032594462852
39633446317851462 -97.75919181265452 -2175.0840947216543 4740.2771570341665
39633456329655442 145.76837483029817 -2552.5604388256997 5829.85852538332
39633451388765159 106.38285479300097 -2384.8408395839324 5315.540532280459
39633458728796302 -38.746108593265696 -1441.1917393480103 3324.6225739040983
39633448855405008 -48.886797005767185 -1965.180634214043 4298.659549723677
39633463506109742 -88.72813706593536 -1905.6334175850266 4520.992297893293
39633458720411647 -100.44221542564243 -2605.072180967846 5967.350297862974
39633458720411618 -47.81433326261835 -1238.1696150685161 2832.906513234229
39633458720411405 -95.01392767964386 -2422.7055843193475 5548.577500783385
39633448863794860 -1.497025908587542 -1063.9528538644988 2322.5253895590117
39633458720410310 -101.36466128693812 -2399.017543837097 5550.397162773238
39633453846626811 -26.864536288665807 -1856.211531142948 4187.286659584496
39633448842822352 -100.61175153224148 -1795.1712010246351 3939.7640083512783
39633463514500330 -41.20504957164062 -2217.225084262355 5203.094132336559
39633456325462273 105.62845140068622 -2138.894378185226 4886.492903990009
39633451367793137 -22.495428710620374 -2400.0170111166276 5298.7977888714395
39633463539663019 79.12277156867118 -2015.0983610394428 4763.465358337221
39633463539663052 39.22637285878866 -996.8642220018969 2358.70693829179
39633458728798379 -38.00783449558367 -1783.9145002516539 4090.789161518824
39633463522888826 5.251754506037312 -1344.3323167188466 3184.854265940505
39633463510305447 -67.88633494774922 -2126.7117703285276 5035.525836076767
39633465880086184 8.491328444419782 -1803.49926833877 4287.625211623548
39633458716215827 -83.9284323502791 -1571.543406063756 3598.7469080738874
39633458716215334 -51.99903975779959 -952.8027969871512 2182.646255291174
39633448859599817 -25.982429668413065 -1976.6616400392973 4355.006255857678
39633453834044414 -79.41544639330192 -1740.5719574262275 3929.384690183261
39633448847020292 -90.66310644898088 -2417.5337243552244 5315.813794739692
39633458728797088 -49.328203751339274 -2006.4670414409218 4621.422998737591
39633463522886244 -9.65002596357736 -2519.065170600837 5959.74785690262
39633448842822252 -129.0287991133147 -2290.7930002947323 5016.362602159041
39633461136326840 -40.01972687324965 -1861.5977754152177 4318.7504263091505
39633441209191352 -18.427250599606595 -2198.051105832078 4660.609103889649
39633465875890676 -19.062935889457993 -1950.5585260295113 4652.9360602208535
39633463527082356 27.557379242989917 -2289.9821528441566 5413.373531085138
39633451351019319 -96.64331013950249 -2195.2630417071164 4900.180054415394
39633451384570919 72.05514379453187 -2109.8352694851233 4674.923745372253
39633441213383680 -6.787429692787324 -2523.1252053829917 5365.757999112773
39633465875890631 -19.092976930496032 -1927.7339081276236 4591.634478426904
39633441209189600 -22.824346922471516 -1824.7736791550738 3856.134979668032
39633448880571631 65.54639085494026 -1659.1250035700168 3645.1136969276945
39633458741380665 17.772324767679596 -1903.13139526545 4364.527340140156
39633456312878133 31.22846474700297 -2263.662451396021 5174.001522465007
39633458749769173 64.220655491994 -2064.41367859003 4763.351102267843
39633446343019623 55.368826921587804 -2341.794446311131 5086.38041767449
39633451359407157 -32.15323989464578 -1397.155702568836 3088.8691663714203
39633451388767112 100.86068480080112 -2016.4771323861944 4485.049126340351
39633461148912768 31.235528259555323 -1582.390376808812 3701.554333674409
39633448859599706 -28.445229036461498 -2116.8534777961263 4658.671280264566
39633446313659532 -127.07740198575482 -2540.144187249177 5505.247791599879
39633448855407465 -44.066396138241814 -2369.374764750892 5205.457715321118
39633443797077027 56.06019186191448 -2024.9516520673822 4320.470470025206
39633446313659252 -120.57791473009117 -2379.90421025095 5157.962088216512
39633446347212828 75.1312739795063 -2385.2363733863313 5153.697263212683
39633441209190121 -28.794592216566553 -2555.8037511650496 5420.34856257607
39633456304488639 -18.698932729655695 -1815.6415800939856 4149.159284161302
39633456317071913 60.88795823461021 -2637.5666117769447 5998.88881306115
39633461127941266 -92.77835696167394 -2578.8815985046263 6009.151987799601
