create_files/QSO_11_clustering_data.ecsv
# %ECSV 1.0
# ---
# datatype:
# - {name: TARGETID, datatype: int64}
# - {name: X, unit: Mpc, datatype: float64}
# - {name: Y, unit: Mpc, datatype: float64}
# - {name: Z, unit: Mpc, datatype: float64}
# schema: astropy-2.0
TARGETID X Y Z
[from data line 637]
39633332832568406 -1425.3280982430852 -3013.2083964643334 4914.383514399218
39633342940842042 -990.5299662043017 -1904.6752392183876 3248.4180366622522
39633308396553291 -1899.1804103669012 -3439.470252351043 5390.981907123973
39633325966492124 -1234.2164126250334 -2611.1760899303786 4155.723957137649
39633329405821752 -1116.8503509817865 -2308.4752416756924 3735.257002646069
39633322464249572 -1601.2323549026064 -2878.1919776231525 4684.517366870866
39633342940840073 -1136.4632152871363 -2162.0974959971277 3690.5437343468734
39633342940840080 -1539.841923263042 -2929.615489940217 5001.523922989348
39633342945035365 -1745.60017289462 -3401.017251456486 5783.210524543525
39633336225760236 -1230.855984733308 -2552.67716544658 4201.9736098159365
39633304823007130 -1772.7263484064783 -3225.5892324888823 5028.027513018403
39633339602176040 -746.5173558667611 -1547.4179898468494 2570.7757432826256
39633322506193237 -1271.6914389917456 -2763.095850652118 4338.803086738288
39633342945037670 -1500.4125232737815 -2955.889731757153 4995.058060903351
39633339602176339 -916.4688098723453 -1902.220311022026 3157.851914199911
39633342940840910 -957.4030071514555 -1830.1684432500942 3132.932991851366
39633311957518781 -1702.4054309053647 -3274.510481998769 5117.1499246015965
39633342936648479 -1428.0317939978913 -2705.4223045082035 4634.631031187105
39633336221567970 -1407.0654897008703 -2893.322721497 4751.917147809349
39633332790626331 -950.908066595368 -1672.6560835002483 2813.0157065823164
39633342949229127 -1351.9680714840651 -2678.920015257621 4521.568580267581
39633304852365389 -1511.2562434066963 -3088.8863430941497 4710.8088996943625
39633319012336438 -1050.6981356963522 -2193.265468110578 3429.9303044267813
39633339581204353 -1429.817565730013 -2691.6753088433647 4556.8735008184985
39633325937133387 -1454.0402312058695 -2710.770527596014 4437.581801562757
39633332819984892 -920.8494014931705 -1830.663521100641 3009.8199482185723
39633325932938184 -1370.8406544009558 -2500.8752190453697 4095.7870293382653
39633318974589371 -1086.514222334457 -1937.1200860200586 3154.2717351815827
39633336204789087 -817.522471567853 -1543.4040139107253 2599.455666924472
39633311949131419 -1445.7263554281326 -2698.227880209692 4267.749786020575
39633332811596053 -1256.7767832897262 -2402.420337326245 3978.920277836522
39633332819984796 -1372.5043242491256 -2727.4049518654992 4473.69657679342
39633311982682900 -803.8643187464626 -1716.1053289789493 2635.6564049250214
39633322460056320 -1575.733821230974 -2793.394681314843 4588.507952309723
39633332794822301 -1295.8083491206535 -2339.0956027141992 3927.6997309237104
39633315468150208 -1183.2067836668377 -2099.3760882540296 3386.8467567914017
39633339572816702 -1393.515025319102 -2540.02621463859 4338.257996269811
39633329393240358 -1258.8639840160934 -2471.664510001138 4017.696350348923
39633318982978257 -1199.1973724352797 -2212.9282817059657 3574.2264400276435
39633304848172401 -1164.9744004909628 -2352.539388166869 3570.040971360717
39633301241071847 -1700.9869428362238 -3279.05739989546 4990.517401050043
39633315510094950 -1258.3482137438084 -2704.2195893048743 4167.342461825798
39633315505901988 -1597.3604038624092 -3380.014692646142 5263.672194711218
39633325958105931 -802.7119262493583 -1652.218251416159 2650.088412181261
39633311953324762 -1043.8954074281933 -1974.1180268970384 3113.726701312727
39633318995562096 -1108.8729888641071 -2178.0831783717435 3443.291566624673
39633318978782850 -726.0950547911423 -1312.834672204792 2130.7099335329563
39633329410015935 -851.8021097782887 -1794.3573339749055 2892.581984411954
39633308430107189 -1357.0349151016594 -2835.867377752059 4329.197350021305
39633339572816868 -1359.6015308641902 -2480.2769726230813 4236.15931175972
39633339572816106 -1351.7127681106385 -2455.6799357037494 4197.118304986852
39633304831396096 -1812.8358052617293 -3418.6121469892964 5260.117817841303
39633304827202311 -1561.6876472460413 -2901.900179143588 4513.73462133699
39633322485220037 -1067.7609982139047 -2092.3846137683777 3346.376281655312
39633339577008570 -1350.4239319748299 -2476.5829042735872 4229.068666466054
39633332811599391 -1397.9368666211797 -2716.5603718769253 4488.945508360577
39633325962297961 -1228.691142745512 -2550.0731749458846 4063.4564794185244
39633304827201597 -1172.3757287121607 -2170.372534609767 3377.024612184341
39633339577011321 -1341.1692055128708 -2495.7251974792457 4241.564850174097
39633339597981859 -1611.1773176306199 -3280.2211203194947 5467.945830859952
39633311940740817 -1103.7911862716526 -1970.9401830969502 3141.112431323611
39633304831394253 -1279.097824052642 -2392.8740607711043 3691.7219817876894
39633329372269178 -1550.6688878934822 -2784.677127999616 4623.360039039292
39633339585398764 -1314.6327483293805 -2525.9067840180746 4267.275509118699
39633301241071346 -1840.3990780876884 -3540.626759284985 5402.249860274277
39633339585400231 -1480.123967223055 -2865.0818697809977 4805.354614936593
39633311961714714 -937.6050063109291 -1844.32146633162 2864.4954270793614
39633318974589108 -1314.0678156343815 -2340.008027433038 3799.740575370907
39633318978783119 -1563.8350101481858 -2831.0542424580008 4575.9478018317295
39633308421719388 -1190.3991366356559 -2403.2353181163858 3694.644460426135
39633325941326613 -1238.6429915524368 -2340.7789081468522 3818.8963462629954
39633318978783390 -1118.7082101077726 -2028.2857522496633 3274.6512253843734
39633308421721691 -781.2325164941021 -1593.5136920218877 2453.9038781648874
39633318982978032 -1720.4613150230716 -3171.2554085512675 5118.990160486102
39633329368076165 -1220.7057525016146 -2163.307893551274 3610.622378224388
39633308413330753 -1548.8153621745107 -3017.2523358186054 4684.260528358649
39633308409138341 -880.2099615506394 -1698.0913610910834 2642.385363432036
39633308396554927 -1259.1230080553055 -2295.8234921416415 3605.4577492874905
39633308413331917 -681.6514684580291 -1334.6471936532173 2067.911852816413
39633332828373721 -1237.1898260122769 -2558.457850822701 4160.091086321713
39633311957519355 -882.0879976140128 -1701.3138155460533 2650.496338528572
39633308421721637 -614.6832698389106 -1253.581791919455 1929.2551412332514
39633319003948894 -923.1596111825542 -1860.3026227348776 2926.390391594354
39633315489123182 -1684.6767043388083 -3290.962143753855 5175.333652478107
39633315468149179 -764.5596905537991 -1349.865108934636 2166.825017878063
39633329380658201 -1359.8418444678268 -2533.7968639395767 4197.872879584522
39633315497511693 -1298.8073042857784 -2623.8370889506295 4122.859720857338
39633315501706113 -1483.3779478808942 -3061.3081336056825 4783.815191361173
39633322493611916 -1345.651973680336 -2779.0747629705747 4413.308454400353
39633315497509509 -1554.6152187016428 -3114.3106860272896 4873.18219529029
39633311978490509 -1251.7227579207774 -2643.9092955218366 4056.7709853403053
39633315476539427 -1584.0618119236697 -2916.827402740604 4667.156838568241
39633308396554463 -1665.9724784933937 -3032.0829360328908 4781.8868411657295
39633336200596748 -820.9225270110429 -1538.7275327477203 2575.0122381852993
39633318987172409 -1264.4777567777417 -2379.4597618839894 3822.9817224774933
39633311970100709 -841.3778740207686 -1701.9101294546433 2632.7707544558143
39633329410018283 -1439.072948599038 -3060.822028192478 4907.677952944655
39633322468445201 -1638.7807659638336 -3016.103588597553 4900.757722487575
39633332811598946 -1425.644282991857 -2764.77364812721 4561.824860112356
39633325941326558 -997.5347554029037 -1884.7223359099103 3078.418877682755
39633332807403661 -821.2065545870984 -1556.072283848789 2575.0554317045967
39633319012337733 -777.2349766900298 -1632.2532955227944 2556.885075022553
39633315497509113 -1264.2398784780949 -2529.769050447529 3961.187052474033
39633318974587485 -1633.488960304049 -2886.970647326469 4693.170844060129
39633325941326588 -1081.2320623915518 -2043.127224038132 3330.353010143
39633311957519528 -1572.1826595462742 -3034.6547478508473 4754.341283238766
39633315501706623 -1063.31112631295 -2199.865274719926 3433.4961230098497
39633315501706310 -1296.6476796712989 -2678.471528597294 4156.478119409097
39633319008145636 -1477.0268646194065 -3070.799296237563 4802.707682305944
39633315510094074 -1084.6697957143278 -2321.407679322364 3581.890695261023
39633315510095611 -1002.9101476337765 -2161.8551707850293 3327.0780044607536
39633315510092673 -1454.3979054779363 -3092.0579205367476 4769.830587838542
39633304839786442 -1335.7306538369348 -2630.379554368649 4033.082059243436
39633336213177634 -1247.627390887609 -2444.027149449607 4058.3844779548876
39633336200595321 -825.9275635240932 -1535.9110176653123 2576.1960848201716
39633319012337575 -1609.3659126609718 -3377.51682478073 5280.527474370633
39633322506191212 -679.5229168796845 -1463.445430857176 2298.787514153256
39633311953323996 -1117.528831398208 -2105.944889080658 3323.620551796495
39633339581202629 -1546.5815754704474 -2886.026196365339 4881.559678584599
39633311953323714 -1531.5238818547869 -2882.840503617717 4552.34957995217
39633304852365617 -959.3831477188356 -1962.522790933886 2982.028182110423
39633329393238212 -1272.1369975488722 -2474.947966730461 4041.276070663607
39633336200595193 -832.4142460868164 -1546.8085440059524 2592.0113639496067
39633332807402140 -1098.7900638428657 -2065.2504870648318 3422.3695420567706
39633332824180875 -1419.1402324937235 -2901.2735674964465 4737.05772970793
39633322489415062 -1335.4713792479897 -2677.110363623279 4259.788381712988
39633336196402294 -1448.246430744528 -2657.5601362494417 4482.9451177482615
39633332828376218 -1654.5317716107743 -3465.195204824661 5632.914683828725
39633322472640314 -1254.851196911681 -2358.3538868166333 3830.0501961293667
39633308417524217 -1213.8057461318788 -2398.086642260434 3697.582268519545
39633319016534064 -789.4926142321883 -1707.0035365783167 2650.2441626566506
39633329401627827 -1252.0421529138687 -2543.0497292921186 4117.972453214905
39633315510095921 -1320.8589699798608 -2851.0521909644112 4386.333602219074
39633329410017019 -1010.9327681168086 -2138.5624675271747 3440.711048964798
39633319020725313 -1027.9961279695235 -2233.7200335365455 3481.9797040113117
39633318970395484 -1079.6349163164332 -1894.5286360291634 3082.87694748841
39633318991364353 -1229.4876210272196 -2329.8176961550116 3735.300515042318
39633315476539015 -914.5081602448811 -1680.9438980628672 2682.1928235509426
39633315476541543 -1872.3834883077345 -3477.2077945422357 5553.157793576317
39633322464248618 -1605.1380667350468 -2872.531079830479 4707.32238922861
39633325920357828 -1103.6433824622693 -1931.0026649059093 3198.2914670445975
39633315489123185 -1015.5218291180747 -1983.8221564415198 3113.5288193382426
39633315468151568 -1487.8259978761866 -2658.7304966951388 4276.888642120116
39633339589593374 -1479.768514456998 -2892.6701091881137 4860.62675467635
39633322472639882 -1349.26122388349 -2531.0769190452625 4083.3057059109897
39633308413330714 -1390.7989243572272 -2709.010271895228 4209.340819672795
39633325941326735 -1488.4694271232333 -2814.2901691968764 4593.1823714138345
39633311978490686 -1254.8022155887393 -2652.5071655277193 4073.1276656689843
39633315510093299 -911.2886804353117 -1943.7839578046696 3006.814754609845
39633308425916380 -1634.8411152208948 -3401.397049708912 5200.379120047248
39633318999754137 -1463.55604220038 -2892.722125768616 4590.9156994015375
39633322497804301 -1140.172887874798 -2377.403531831057 3759.5683612610173
39633336217374818 -1447.72096461146 -2929.347455708332 4821.752227943264
39633311953324474 -1826.7210901465771 -3450.1504717306416 5439.748224342758
39633322506191089 -1238.0472491355233 -2664.719941859652 4205.009133518925
39633336204790484 -1064.0127931807597 -2023.694532358031 3401.5484656406775
39633336200596551 -988.3038849313913 -1850.9924016521002 3124.0199598561358
39633318974590267 -1551.024579655814 -2776.602864431178 4511.610251579042
39633318974590257 -1267.0538395004505 -2268.1947336107596 3685.4614900037404
39633318974590558 -879.3729911624037 -1576.2759694532108 2558.0552820750586
39633332815792830 -895.680855711817 -1766.73333188004 2900.8642012202704
39633332799013666 -923.7534953456947 -1674.2127426173247 2801.52189883732
39633318999753655 -1355.7254965405527 -2673.9983623903154 4253.132704111864
39633322489414189 -1238.9991794392631 -2472.7843266430355 3954.5471871014247
39633301241071757 -1364.856921954765 -2630.1332397164933 4013.9239360069255
39633332832568088 -1286.8496263771358 -2716.8196286723482 4417.318989966875
39633308400749890 -1675.789804105293 -3118.1292886702367 4876.300156427665
39633325941327555 -1553.7077036102403 -2947.0653763909204 4784.790707081053
39633332807403267 -1165.0400064623661 -2202.7678716437404 3657.1759018973166
39633332803208702 -1448.0460621328916 -2685.5781791810705 4479.4942168108455
39633325932937561 -905.0675097065716 -1646.0240238385347 2706.434296390701
39633332815791606 -1071.9782852254975 -2100.912692224409 3477.03857900808
39633319016533456 -704.4956725413691 -1518.8323172866972 2361.2088201839456
39633322489417030 -1497.0927462129307 -3029.380841195131 4808.557080536934
39633322489417120 -1514.0687746133606 -3065.2994179009997 4863.846868818378
39633315493318408 -1517.6600746855609 -3028.6912140858676 4748.047583688048
39633325924551036 -1065.9390907103243 -1886.5557929895615 3135.2298724357806
39633336196399363 -1355.037307659018 -2451.6758951803513 4165.47138610498
39633339581202723 -1802.3515236856888 -3365.299803594517 5691.742792852762
39633311978491748 -1076.0485255396982 -2284.6029223330315 3492.5357014979127
39633318982977627 -1521.206841567706 -2799.124074579391 4518.889986589669
39633329410017832 -1669.5544426892745 -3544.2731670248872 5705.835697211749
39633322481025989 -1310.0795490925925 -2523.1407614911295 4057.7163542497296
39633339593786918 -1224.8470057254724 -2436.0335203220648 4097.616769218456
39633332832570136 -937.386163399736 -1996.8543689109729 3226.672424889778
39633311974295430 -1258.438528869223 -2599.254281098571 4020.869607005774
39633336229953974 -1172.0204268638054 -2474.3752196182454 4072.2942372555485
39633308430110737 -570.8373191982758 -1211.0430575126986 1848.945617299339
39633304843978112 -836.5667407098094 -1658.4538470950408 2535.989948320778
39633311953324192 -1595.471900712845 -3009.5326465308635 4734.77239113427
39633336200596794 -1269.640704840433 -2380.412522323403 4003.170208323786
39633322489415630 -700.3500474876028 -1407.5423220812465 2240.2394823552722
39633322468444511 -1411.5199581014986 -2589.750125063522 4199.407216625606
39633315493316528 -1416.327499438616 -2803.7809803943437 4398.71122492608
39633322468445600 -1816.3050518857588 -3348.8843745409204 5455.035132832041
39633311944934497 -1103.2339697985053 -1999.4972268102292 3161.2732490888993
39633318999754314 -1457.7867445245006 -2883.552112914305 4575.984082805428
39633322464249739 -971.333659857809 -1747.3310027592981 2848.1328284539873
39633325941329572 -832.6585317099837 -1593.2767546566074 2584.454263048379
39633319020726047 -952.0070210509829 -2075.2454634614323 3236.744213866643
39633332836762599 -682.280769990571 -1470.714256966643 2381.663149754835
39633301253652608 -1721.046238108132 -3472.829166073451 5246.980360371977
39633318974589124 -1251.710127606109 -2229.111471489086 3618.034672088598
39633318999755952 -1392.7590325301062 -2773.967311297818 4384.33476240386
39633315476540111 -1102.8314108840098 -2036.0147549028234 3256.510893219903
39633322476833658 -1523.271785389541 -2905.9511766689798 4702.9031067351925
39633332803210109 -1512.1385740953917 -2824.6775704620995 4720.893559717678
39633315480734753 -1223.0980294351523 -2304.199068999006 3646.92551621859
39633311940739499 -1422.8365244531078 -2525.906830805418 4016.9448138543016
39633336196401330 -1711.6914201175382 -3125.3635139261605 5275.542588495759
39633332815791544 -764.0000866333 -1496.8304109437097 2474.224666786601
