create_files/QSO_18_clustering_data.ecsv
# %ECSV 1.0
# ---
# datatype:
# - {name: TARGETID, datatype: int64}
# - {name: X, unit: Mpc, datatype: float64}
# - {name: Y, unit: Mpc, datatype: float64}
# - {name: Z, unit: Mpc, datatype: float64}
# schema: astropy-2.0
TARGETID X Y Z
[from data line 1287]
39633422498399301 -113.5081016175194 -1903.6281664677574 3752.0694493631154
39633416945140472 -127.47441272202491 -2307.8415125547344 4429.883993176064
39633430656323452 -63.75355700781717 -2108.035669860776 4262.165842670606
39633402692897374 26.506792557236547 -1844.2525811678297 3367.5389003218656
39633425237282000 -93.94372157614521 -1559.457584340973 3087.8764276904876
39633433332288505 -47.031847658335266 -2103.9940476349216 4311.625122118849
39633399752690465 -50.43098430014779 -3001.026607750899 5418.211252544252
39633408443286921 -132.8494511059006 -2345.3249096730256 4349.865739582114
39633411299607128 -159.42813140805023 -2505.1372651077977 4740.036244123561
39633411299607597 -190.82823648163392 -3054.339151662351 5766.586375689091
39633419759518614 2.6123196525674723 -1273.3852478306815 2473.185454033962
39633433336482506 -21.770269768362766 -1668.5912036200723 3426.3586295482246
39633433336482270 -26.085615781944192 -1931.701714334162 3967.192635840825
39633411299606801 -174.97996818143633 -2720.459475791937 5128.9704488605175
39633411299606799 -154.57808521557936 -2403.186382421598 4529.6137670061025
39633399761077066 -4.524202209070813 -1667.8738046699812 2993.5874115918705
39633419751132080 -22.368552923549174 -1659.2459037822466 3206.0741175986136
39633408476842862 50.93579675845739 -2627.9395906978825 4908.94788082786
39633425262448151 -3.0248190930349392 -1792.4542429348608 3542.6113840099074
39633422540344116 115.72423961585898 -2889.5732779012174 5650.9754318380155
39633425266639835 6.388996182733056 -2834.228230236903 5614.823053271251
39633405570187675 -96.59363713651223 -2402.0208747639253 4440.536473159434
39633422544536007 108.32923783375811 -2464.6021078041035 4833.995795010671
39633411307999133 -74.14713199792992 -1960.0660154464554 3684.5777668578967
39633419759518954 7.089698458325785 -2487.9702652180513 4839.938275088174
39633402680313105 -42.104987473746 -2719.7114438146136 4944.072445236737
39633416940946951 -105.04867130161487 -1665.0203642855738 3205.9019651050735
39633416940947654 -130.37532088974297 -2113.2880485452592 4074.656290343027
39633399744301054 -71.23017434850674 -1977.4757329073868 3581.415511490526
39633405561800553 -78.46701409580461 -1435.2970916477698 2654.522687253367
39633402701283784 47.13719327991486 -1689.6888248833825 3072.364393440674
39633419759517835 0.5610771861792058 -1673.2115494111033 3257.7277328365526
39633419759517921 1.1905196158885378 -2130.2195870566975 4147.998546033394
39633419755327301 -1.0003543056553044 -1639.7497201357273 3192.446353982615
39633419755327376 -1.144345880213663 -2508.7201898344165 4879.956108423698
39633419780489815 103.37944072119666 -2132.2810588778316 4124.382137019779
39633399765271450 16.42325144255256 -2541.70558428092 4584.472990258771
39633399744302489 -110.6002772246781 -3348.3791103342755 6057.503183836021
39633399744301812 -96.89304709740175 -2809.651341754262 5086.352543711201
39633399761077374 -4.095024202759488 -2066.943064162394 3721.044907569735
39633422523567967 12.410678757123899 -2764.632779722609 5399.863143311422
39633433336479984 -40.96828468534377 -2130.182866267077 4350.671155880988
39633405565993537 -100.95201486041104 -2061.9553779973185 3813.334539188844
39633399761076626 -8.120170889955318 -2230.158553686435 4006.5887736084514
39633399765272703 23.72972135030935 -2611.56723420326 4692.371116934824
39633402697092959 48.658498392174735 -1893.9172632173697 3445.7018117625507
39633399744302551 -42.808546691767894 -1301.4755960715008 2356.4866652896576
39633425258250710 -44.896180315617634 -2445.1873530665857 4870.341815936657
39633414134956579 -171.0087950432048 -2873.0041284840054 5474.629361271926
39633425258252924 -27.12123739408949 -1969.77829167799 3898.9418689965178
39633416970306045 2.237124818368985 -2037.4565432129418 3899.033547522314
39633425237282280 -95.92236211381315 -1606.1640545345147 3176.0932588414084
39633416940947766 -133.6564580054052 -2174.4547860468438 4181.002136176937
39633416970305693 0.7152077752576558 -2604.4554614923863 4986.863344249854
39633414168512902 49.84667962735834 -2553.028857070996 4850.817233513045
39633422494207375 -111.50211702473618 -1762.6636428105578 3469.7528499305586
39633422494207156 -97.37713537005897 -1524.9810292437066 3000.2182260495892
39633399744299131 -73.90430511831197 -1844.8827417720802 3344.5509881979465
39633399740108094 -73.3011219233233 -1768.6554967072198 3208.286037405824
39633416940946165 -155.93917796103366 -2415.3109311656003 4637.074396249388
39633399769467165 52.75012008681359 -2868.6733943079757 5185.952718419714
39633402701284179 73.88028629590332 -2584.9747968734523 4704.0941631590285
39633399769466464 45.964042304659856 -2730.389476923491 4936.946104618249
39633399769466068 35.40562831649726 -2209.9662340378427 3999.6278923103164
39633402697093631 86.1413161308652 -3196.7715581564003 5822.364198916134
39633402667729025 -56.79592388400963 -1264.5030689340056 2304.8115655014944
39633402667728929 -97.53116378192584 -2161.07878693053 3938.897575799889
39633399761077859 -1.876605803565558 -1914.3151482925682 3436.6333398392003
39633416940946119 -157.3189701197786 -2433.801608214026 4687.149162338981
39633411299606673 -132.48671171365368 -2051.489683641873 3851.803298129563
39633399752691107 -39.0686443415146 -2496.197387483925 4497.077287828198
39633408439095829 -161.7452282356089 -2708.5920328274187 5038.599501281554
39633399752690338 -32.54558293619676 -1912.819620444388 3447.4839783259063
39633428001325667 106.21212999810909 -2352.1085927039826 4729.651258306038
39633414168513756 53.3422667435764 -2505.730589318212 4778.409834978527
39633419742741622 -82.12671140505392 -2314.164884147931 4518.806917555872
39633425262447516 -8.43611366141593 -2665.044721414171 5268.357576582461
39633408464257281 -36.75886131571131 -2785.4034281273657 5208.037378741658
39633425266639179 1.6564199419340333 -2064.995801315651 4082.706840580542
39633430673097235 2.581731139315773 -2336.4557465456887 4747.7840779957105
39633433340676068 -11.912856709086226 -2390.954446986244 4880.899941180926
39633402676118402 -45.4128089514845 -1789.142215168325 3262.112107641579
39633422531956572 57.92993219320618 -2613.075691807803 5135.046104250565
39633422544537564 105.05114231967413 -2218.1592408819884 4334.9853994568175
39633419742744080 -70.33935945224499 -2350.1172896371904 4584.454292929686
39633425245671808 -82.0919544392953 -2123.0235041057354 4224.663164308987
39633419738547796 -94.72176617776671 -2168.462613764402 4207.542433963172
39633414155931172 -22.026687964771227 -2912.6786935100035 5562.2965511202065
39633402697090631 54.147967889602675 -2540.188786961281 4632.135291905533
39633408481035563 76.33247495806985 -2962.881371023947 5524.058511022773
39633422536146991 62.34574508482012 -2608.332647219215 5125.927842384329
39633408489423209 91.27654950846589 -2184.8038948330995 4086.044468982538
39633419738550272 -86.73392763265609 -2261.255919777142 4389.50110653526
39633425262448279 -2.8537817686409057 -2117.598235366358 4218.7586850940625
39633425275031850 76.14004198610353 -2648.1866888998075 5255.621762920906
39633433340675332 -15.609311478894803 -2244.070239472051 4600.667950649394
39633419776295001 74.61660797002757 -1960.5970411486344 3811.436267667643
39633402676120728 -44.62946376844362 -2160.541525820897 3952.103498963458
39633411324773142 -19.561506797935856 -2485.811939913873 4685.255409639216
39633422531956221 50.47889036615428 -2353.1810865492707 4631.5307730181985
39633405586968723 8.52997031404922 -2485.0221727886055 4575.8410746001655
39633422544537682 91.98262974461511 -1931.6029220258454 3797.917066863925
39633399765272285 23.727779096702374 -2907.5237437871183 5253.536928656829
39633422523564973 -6.101972147046589 -2282.1805729569787 4462.563418061694
39633408481036249 59.88410926198574 -2205.5998305676167 4116.302764413138
39633405570190392 -77.15862492806187 -2246.7785585903407 4119.093233481973
39633427976160934 -24.38200482964522 -2239.3148301059246 4498.9407354545665
39633422523564926 -7.816160131867348 -2793.511117503632 5489.111218041155
39633433340675202 -11.911510665296444 -1628.2800535721422 3348.3858166572595
39633433340674906 -13.568274222442726 -1698.7417186787122 3496.3789680884634
39633416940949795 -112.94566802313997 -1982.609294499314 3832.1963780773594
39633427971969268 -31.541529340122338 -2139.9862020177748 4298.829092798298
39633419755327267 -2.0185348865374104 -2885.1078000447988 5581.512944825834
39633433344868890 1.0354485333300365 -1075.1215855242112 2212.4752534532317
39633399752689159 -54.70988574473999 -2840.5679001772173 5135.897986093828
39633433344869029 2.6843554271489 -2163.1411533289765 4455.223812984206
39633433344868955 1.561488006754489 -1458.4480078136914 2994.172927212036
39633416991280919 116.92633162502517 -2139.392618347463 4124.01071253378
39633419776297423 85.25067652585058 -1955.3935312375538 3815.142891444853
39633422519369873 -32.33407525209062 -2302.0085547412723 4500.229271847675
39633422502593441 -107.2717645199158 -2126.5429873572375 4159.56548103882
39633422523564183 -13.202450389585689 -2936.4496882719404 5752.248830788148
39633416987084786 111.99753314395974 -2629.3014933008862 5036.53178493427
39633408481035822 78.19448051974244 -2970.244307264555 5518.13350832755
39633408481036398 77.68905117386623 -2827.9020038687613 5285.077517230219
39633422544537638 119.84048797507327 -2521.3601720271417 4942.835103293984
39633425266639401 2.3201676194870706 -1846.3896143793231 3656.3130555623106
39633425279223870 74.70871645893575 -2251.3232502074457 4459.338378037491
39633419755325487 -12.950294739327008 -2591.7758273491822 5023.609659698349
39633414185290031 149.72066514442005 -2678.33728981423 5104.3077511086885
39633419780492755 124.66180709640554 -2270.5437368415687 4431.002973614596
39633405603745713 90.32420194884713 -2318.7363790102386 4270.631443675673
39633422548730302 124.27099500793574 -2318.7293783747114 4553.802100883337
39633416987085176 115.40605075946671 -2655.3638190263514 5111.944120233233
39633419755326814 -4.937298879863132 -2638.5318245575495 5123.201959790313
39633419780490565 115.81024760831544 -2314.0320194582464 4480.71883273323
39633411349941149 109.16282907016559 -2107.2609202486146 3969.5216177897983
39633399765273028 19.95313966977648 -2046.3185646277175 3702.323592134993
39633414185290168 112.75751864592962 -2006.376973586789 3809.277977699812
39633408447480535 -97.84095757181164 -2004.142956127971 3727.216421256135
39633422540344251 98.57811332608703 -2443.363860052182 4822.25100484914
39633419755326622 -5.736458079558938 -2466.1283089212247 4775.117471079091
39633419755326593 -3.882981849032753 -1615.170587772174 3128.6163753292353
39633402701287685 67.62463408584682 -1921.1705684561139 3511.5600436605964
39633405603744698 94.12611346064197 -2533.674831205729 4646.170210126478
39633405603745099 88.46890266279291 -2338.199899871748 4295.697501490271
39633405603746303 87.05529872879075 -2173.4237463607806 3993.6321405590825
39633402701284852 95.56149053861405 -3193.6100561217413 5817.334016014497
39633399761076285 -9.563003923007287 -2178.1916528780234 3918.173092559333
39633399773662775 58.84577461233855 -2042.525289467967 3704.064277867629
39633402701285280 57.941726528168836 -1888.0821953668026 3433.827948919543
39633419780491430 115.63304502647128 -2221.8584337344646 4312.459969512435
39633402701286781 100.06325865837749 -2996.6147500702073 5463.3970889577
39633402701284466 95.38126662958977 -3272.1212017441967 5940.084460184002
39633422548730832 117.30320282951118 -2136.0860149329037 4176.626060204098
39633422548730834 112.16657524626102 -2042.4512273993537 3993.2499664940437
39633419780492859 68.4861797345454 -1242.5185969111847 2410.6587667802546
39633399769465197 46.932163437951324 -3316.343236630603 6001.333999451654
39633414185289783 152.12205446989313 -2747.551159909993 5225.862181021322
39633414185289690 157.70891604072347 -2858.638820187018 5433.9287305994585
39633419780492646 117.77987127479128 -2155.3793519786946 4194.808719007363
39633399765274180 39.10063268466602 -3237.7007068737284 5822.026779700616
39633405607936903 114.19815870016517 -2683.2939349011326 4935.570645614694
39633405607936845 113.91021472961947 -2682.981949194069 4926.759801780323
39633405607936612 78.69884767641778 -1870.6131651158641 3432.6974146161597
39633405607936238 123.45983231468125 -2984.067332119608 5476.556573635271
39633402705478701 71.82480383501745 -1869.954847673681 3418.4588356812446
39633425283416843 93.71794507567475 -2323.0866084611284 4602.945335617808
39633419780490071 79.42974145108653 -1619.9013708043851 3165.2674927441494
39633427997133544 90.93005252885187 -2211.6781961304105 4447.741828945393
39633433349062775 20.896910056980623 -2062.2170905085245 4229.479983059468
39633425283418794 89.7866550022874 -2003.1960818567823 3966.3288114977213
39633414185290013 147.3881840404878 -2638.9014310523253 5048.3004577352685
39633414185289198 145.01110199314388 -2670.6371221789655 5078.135722794964
39633414185289134 110.54510640109882 -2040.8832009081716 3864.585266544524
39633414185288965 97.0133077178571 -1803.0930114167975 3449.9599702710543
39633433349063123 17.004205867993026 -1542.6268324380737 3154.82913245562
39633427997133196 111.76898616439928 -2784.466635687312 5608.297277801866
39633433344871800 14.666072062102723 -2029.9694536600337 4159.024002642944
39633402671925872 -81.0440443000907 -2667.997875788631 4854.376061191995
39633433344871714 14.879637501947993 -2127.809629463341 4359.028503456801
39633419755325919 -11.452047995218692 -2909.111607913031 5636.898483683099
39633399769465170 19.405717435748215 -1378.3118316060988 2487.3985376112532
39633425287610711 124.94160422890357 -2555.192578731385 5101.929892937342
39633416966113223 -14.208413394767225 -2692.216285863397 5177.468993037123
39633416991280491 87.3273338052196 -1623.5177024172713 3117.8310362371817
39633414185290451 123.76149198956327 -2177.496635194766 4144.431870671903
39633411349941715 172.06147858125598 -3244.021552338248 6077.88659074497
39633427997133245 99.69430711876102 -2476.21341291222 4989.18290325079
39633399765274710 20.234345683616237 -1544.8920543698782 2790.516354088089
39633427997133311 93.43469843865203 -2307.0267640427346 4645.182655550732
39633408493618199 125.48901860989899 -2379.6928760126316 4457.464494474919
39633399765274619 23.275740425018817 -1798.0692919260755 3243.5330159133664
39633408493618429 149.23448737053016 -2800.3616420116928 5242.829982870283
39633408493618174 167.91181133205228 -3187.1501155365004 5955.214785071745
39633430652126324 -77.7209950217637 -1653.9299346455862 3362.7278001494124
39633414130763092 -130.50908677663017 -1948.4407940959914 3724.21873954297
39633414130762902 -106.08871167292438 -1573.5150505642819 3008.7116495617547
39633411295416171 -129.64444469179924 -1961.8488129031641 3710.352783087202
39633405561802504 -62.77335243073519 -1237.3514079482966 2279.7430871735814
39633405565996643 -94.13966690954724 -2229.8548270143624 4105.1937836853995
39633425266639603 3.3369093623542145 -2010.4100350686724 3996.155725645775
39633408481034981 72.30747375176523 -2949.1563490626168 5483.815142663871
39633425266639567 3.223561459857121 -2020.199684358223 4015.441165434572
39633433344870408 11.3952190536945 -2791.2202622649343 5701.299585087504
39633427971967848 -47.110504834785345 -2607.5222957220285 5257.848847948156
39633408485230508 63.578236524721206 -1791.3527724440585 3349.246032861538
39633433344871044 8.759508772209317 -1605.3261059978379 3275.411486905152
39633414155931306 -18.21841530246884 -2490.6152952725843 4757.152553481387
39633419759520139 15.008275922472864 -2672.0001290475366 5187.6072070135015
39633427976159819 -26.021557662612896 -1945.4095291817898 3904.0618342511375
39633402692898835 26.551074057045962 -1519.1497330338343 2757.988483419816
39633430664708625 -36.7185944657939 -1987.7112264295245 4052.830011650651
