create_files/QSO_1_clustering_data.ecsv
# %ECSV 1.0
# ---
# datatype:
# - {name: TARGETID, datatype: int64}
# - {name: X, unit: Mpc, datatype: float64}
# - {name: Y, unit: Mpc, datatype: float64}
# - {name: Z, unit: Mpc, datatype: float64}
# schema: astropy-2.0
TARGETID X Y Z
39627830018968591 -6486.498564243246 37.707242113663064 195.51412684176304
39627830023160240 -4725.918616007618 18.847543697332593 138.8553932701438
39627811920546743 -2300.254585939773 -35.6232490357447 41.08345265166452
39627805884940669 -5254.26201473212 -93.21851188593031 77.23167711641435
39627830014773548 -5356.498447377579 60.60377076026563 159.87452166161648
39627781679612787 -5524.122268675908 165.25471453571438 -20.70827861747417
39627781679612663 -4012.546848403729 120.33422159690552 -14.973977377976722
39627811882798401 -4985.806096581422 115.26284975024004 91.07452147285152
39627781688003409 -6464.8928733648045 127.70520322118476 -22.52729353890844
39627805872357935 -5295.456453085963 -25.594965193430504 73.52692600594267
39627781725750557 -4500.08801382082 -84.25223288639032 -11.7719855722348
39627757553979231 -5567.177026427388 -44.399724337153465 -110.79028760787125
39627811882797181 -5407.541766283078 130.09963192886406 99.72681464129171
39627781688003156 -6502.80678486651 129.69681549960725 -25.716050782742627
39627751505792166 -5488.446235974656 8.679297264580184 -135.60076169795911
39627751501597365 -3538.812369674243 24.15998041575591 -88.38164319734715
39627763597969444 -4574.571110274683 -48.060554768060335 -83.93755097821015
39627793759212866 -5568.637829644471 146.65317364859834 26.22133139099571
39627775656593323 -4518.941668759024 52.20324571976611 -29.88887939778898
39627781725750380 -6006.504438340255 -111.3412972498698 -17.54507106670383
39627811891187925 -5333.743236628841 70.5847176183289 88.43324061491346
39627793771791123 -4474.677329145262 74.70305160075618 15.819833872355327
39627811899576181 -3420.5446156883822 18.191041052228368 66.89949391946186
39627811895381252 -4589.000863518486 46.87967224266094 89.45444489400577
39627805868163317 -2861.2710540989688 -0.4756210940561929 37.830574841132254
39627817943565259 -4601.010078468998 16.761295708224328 94.29936795529478
39627763597970259 -4685.468932997902 -52.82464476938251 -78.05965542053652
39627811899576992 -5377.468881558454 24.507890649474117 90.34185260291912
39627793796960030 -3713.1490391827647 -43.76915781204875 11.860416578606458
39627823983362698 -3861.339079944736 14.713084596894106 93.45817944112828
39627811899577043 -4627.796134934001 20.876927469697012 76.01036313345509
39627769608409944 -2879.1106391572725 52.33649440070437 -34.83084841701168
39627769612601542 -5797.681902742993 90.91040935785918 -84.19654622935903
39627769612600143 -4734.674396080367 79.5524388380656 -56.72750300477964
39627817939372453 -3747.1440954844943 25.238569070908056 82.72771915437097
39627751501599721 -2632.558237339839 13.334369853782713 -63.23491946617817
39627793771790683 -5083.114451574043 87.15883664893909 13.239137701545763
39627781713170828 -5299.427780616953 -39.40577398283971 -25.688906109746735
39627817943567887 -5320.444312475372 5.870311789958723 111.62772172148517
39627823974975766 -5159.749815529137 57.37180117290911 124.80151637352884
39627757541392545 -5765.3229505970785 49.59419999709739 -120.94274842223753
39627799811592771 -3958.1921273978764 53.97658814800195 41.654492791932526
39627763581190879 -3218.547835051452 26.106076473718396 -52.32072061897794
39627775664984588 -4136.833213719849 4.304088479329833 -38.62516986002319
39627811899575479 -4088.4123697303917 24.168807327570402 78.94472673997225
39627763564417278 -6048.4503402005985 135.29112718487337 -108.52251756290292
39627787744580517 -6635.187662408254 4.260037528575882 -3.4599813000663593
39627817935178758 -4085.2524156575664 43.15935791701 86.87410998197896
39627799824174243 -6217.435142692197 12.666229080542097 48.665101763565204
39627805851385960 -5482.840652304368 95.34108977711755 74.37121938695958
39627763577000234 -3977.8997744647445 39.0495707859136 -68.48687540427157
39627763577000240 -3456.6061881711353 33.91869716434496 -59.28152114596031
39627763581192341 -6860.550602066153 48.04883250852067 -126.84848046952442
39627811912158790 -5298.9972239133085 -41.907032942327334 83.92582942795637
39627811916350504 -3932.794102610777 -37.754636459264894 61.019293229070456
39627763577000361 -5410.214507539446 52.695325825104426 -94.54962565042106
39627763577000827 -4786.460407214578 45.055116386007604 -81.4293366417153
39627763581191988 -5438.220746598247 39.75158789861799 -93.70313475484633
39627775660790670 -3162.1949072615243 15.633663467416044 -34.08050678894246
39627763577001406 -4775.51389143948 42.988392172982785 -73.76172564627741
39627799824175404 -2855.5005318051126 2.8080283260096652 31.02864928705932
39627799824176157 -3017.043149442772 1.0523123740873912 23.903945686467328
39627781688003350 -4400.617265449689 87.12622290343 -26.88110824555838
39627787736188045 -6170.966394709638 74.05303762863689 -5.582406942275878
39627769604216053 -4589.564053296508 100.8609772226573 -63.884117064408564
39627799815782908 -4487.3584771801925 57.08055990809856 31.797648096967556
39627805851386137 -4673.135812300378 80.60784910025075 54.934174554828516
39627775664980540 -4224.677662366883 16.82420790551311 -41.24504345635918
39627781713169322 -4774.522057709528 -30.39714092963758 -23.553763423443677
39627787736187368 -5972.207471203128 75.62409916627358 0.17324971870613748
39627787727802623 -4281.27287369142 77.10422523419365 4.291646929182799
39627811907965928 -5852.956804549011 -25.33860029267881 95.54201613549553
39627811912155281 -3032.3448972134656 -13.627476773356113 46.86535214203196
39627757545588001 -4048.7703917753256 13.868694239022762 -93.85231408140072
39627781721557385 -5686.81686910859 -86.88894876510378 -26.16640239794512
39627787736186976 -3762.5913480274253 48.9891928823183 -4.191459406255719
39627799828366576 -4763.758012161537 -4.270266767428273 35.92711300366381
39627775669175385 -2278.972623138961 -1.560963891876979 -22.925317000733905
39627781713169850 -4087.9696447067195 -27.645538998971052 -20.49112905551219
39627775648203591 -4315.282517033382 91.61474082671505 -38.522463282614446
39627799811591411 -6674.567218493824 98.07085233787998 65.48752804441446
39627769612603500 -5036.639411865986 71.29581985098822 -76.79025778008716
39627769620991021 -5161.721884522587 33.88601562737435 -63.61851242284928
39627805868166548 -5035.497684449775 -12.804715663244625 66.54769517962497
39627775648204662 -2833.97310522251 58.119666885821076 -19.18218700875594
39627769616798482 -3949.2608280370196 38.151803060013705 -55.35314728277465
39627769625185777 -3518.0547927963535 6.501739317652457 -39.362490201910994
39627817939375102 -4892.781391151108 22.835115442037274 112.74270332072851
39627775648205254 -4817.552578859158 96.87899015296132 -32.568231239514844
39627769620992228 -6215.880593144936 35.776936137804434 -87.6115155443075
39627805868168657 -4985.287986368052 -21.61545876128488 76.04898685660739
39627799811592486 -5849.8428551454845 81.08465423537181 49.61976493742628
39627805868165033 -4556.936336153203 -6.397588471871908 57.045149769715636
39627757541396213 -5567.679794853612 30.693684925093994 -119.63044984223991
39627769620989877 -4816.654485818043 35.37840886151421 -71.77160380508211
39627775639814363 -4964.442907958066 150.90282337409963 -44.5257726496975
39627823974975045 -2672.4383730971517 31.466189610874608 67.10675650108367
39627805868167155 -4893.613821304584 -15.057769690429499 61.723680878477325
39627817922596979 -3733.6049405376043 81.88369120935714 75.12279008578635
39627757541395322 -3213.6192523116533 20.060200916729144 -66.08105318762398
39627799811591242 -4515.588879972424 66.9947118063149 42.79335658076253
39627817939373827 -3889.4334409137177 22.086966627223987 78.4265402369072
39627769616797845 -4749.661830473224 47.94271687439089 -71.80888788148403
39627799811591348 -5035.407660258853 74.24650854108893 47.28782567054136
39627817939374163 -4800.47814917731 25.95499415671179 109.40801130290568
39627769620988083 -4137.525126741338 35.68547067885534 -58.11714866258722
39627769620990579 -4573.762825749698 31.353675581583385 -56.673832012106175
39627811907965514 -6494.4041204647565 -25.496906955931895 102.733213528156
39627805876552296 -5510.920620107582 -50.63402564274804 83.76302764756524
39627805863972311 -5264.047485715422 8.384579491189005 66.77695146189289
39627763576998941 -5386.184504409084 57.675877516319915 -102.3115339450468
39627781721556968 -5247.870591255115 -78.06683502865666 -17.254028033907964
39627775681758361 -2588.12809367327 -36.27922406191082 -18.289759755517654
39627805868163615 -5267.111948977838 -2.0363165446503855 78.51961887197568
39627775681760918 -2888.687885477484 -46.66971630886159 -20.822306719935128
39627793775986312 -4583.615012671497 53.404502455374825 13.58645665959291
39627817935178033 -6066.968347206735 67.2550200089434 144.92141818224604
39627793771793346 -6372.067125661412 91.67213035775013 33.669352833217545
39627811891184218 -3904.036549759816 65.96044043988293 72.66606571136016
39627811895380015 -5080.719917597638 57.727610355736886 80.30544978784583
39627817943565065 -5138.052578310912 19.494146411352904 119.46716399764627
39627805847194899 -4494.526459478238 85.87049877459451 58.93413590181072
39627763581192297 -4823.139522043047 33.97637237530299 -76.98880337078948
39627769620993781 -4086.0273372532306 19.515463399460025 -54.44224134079833
39627775656594346 -5015.252913401624 53.08938147986957 -33.3643269334119
39627757541396407 -5080.625964896437 27.068914242200545 -100.32821148770783
39627775664985853 -4211.497576236015 0.2888188361767799 -39.57435902319908
39627763564417464 -5949.522370567355 132.0466673498922 -98.37709052274573
39627817939373843 -4490.511204349382 25.466445747460067 89.29164680943248
39627781717363287 -4622.966399528911 -49.38459693354522 -22.815148639712675
39627781721557889 -6453.523550792472 -101.48035941566273 -32.58576978027102
39627775673369058 -4346.765455423975 -20.564455849830445 -45.300905701937445
39627769608406233 -4455.832911974971 93.29393867095206 -65.67587976948238
39627769604215880 -3878.9580274031155 85.73114084026092 -54.85749624739418
39627811891184081 -5980.545899042219 101.88992927609739 113.01590979461027
39627781692199998 -3336.239196092819 44.772111376485675 -11.528138296503037
39627763589582218 -4363.870385999984 -11.245969467398583 -73.15588987547503
39627769620988509 -5214.323678001216 43.28374301601401 -77.60660444063461
39627775669174542 -5157.663951776838 -0.8893976390306931 -48.635621965531925
39627769620993548 -3159.2995540225893 15.575553578049613 -42.22235112976731
39627757545589377 -3885.8576958721983 9.084660909994799 -80.04732390021242
39627787752967893 -5544.040233576793 -39.92042290894413 -0.695157183437471
39627763589583221 -4734.102460756492 -16.108315054642194 -86.9076812994661
39627793775985887 -4514.822603111457 54.46303092861674 14.936992249243765
39627751505792383 -3890.0586424819617 5.383188855388186 -98.62664401525603
39627775652397704 -5652.372706189202 96.07757280731028 -48.71784066539651
39627751505792400 -4533.697387632442 6.2161871828693664 -114.37576991559466
39627817943564589 -3887.4421064189933 16.123006739236637 77.74874273553128
39627775656592900 -5012.7724441131195 59.64567201656085 -40.647057119423664
39627811912157705 -5900.9539330338785 -41.072645069878305 94.03359822692231
39627817935176587 -4049.1388140115105 49.89951674656182 94.04776994584687
39627775681759960 -2984.7621142661596 -45.63515566502165 -19.560323734600257
39627811907964083 -5299.214065871957 -14.736399010655907 103.8318419778722
39627763593777134 -6507.668889767903 -54.69867741779793 -107.77881219157196
39627811907964314 -6103.659082312365 -18.017642365451085 117.66672956718364
39627763589582721 -3985.087343042727 -12.072074711607014 -65.8372760022025
39627781688000748 -4378.514956119946 94.981222486286 -16.72806251006719
39627781721557443 -5608.422025677553 -85.9695089225373 -35.209017865186716
39627811912156257 -3202.309906011317 -17.955935624166354 55.54900941836169
39627811912156661 -5313.902725954682 -31.804585143244037 92.22502368873775
39627799799011133 -5584.689319753583 146.48340330696314 41.585562186765344
39627811907961725 -5211.512329671288 -3.80771953411591 89.23449242160842
39627799836756778 -5129.894187289334 -55.860195519480754 52.69830135802833
39627775652401301 -4027.8155109211907 56.80350580282539 -26.405937583958327
39627757528809756 -6051.50728685615 130.49932841477036 -120.10556836689686
39627799799006787 -4209.627289636847 123.50682274496194 27.597338072599605
39627781713168514 -6218.2798368617605 -36.27850003304351 -13.578364355877124
39627775644009220 -4619.845995216539 118.07825688469966 -31.3594058689717
39627817939372340 -6180.993494074937 42.17677342853142 138.39083763382126
39627811903771324 -5937.415143373812 0.7642214938514235 102.03359930916713
39627817947761082 -5846.141423457412 -13.550779490218476 114.94190656952662
39627781717361497 -5039.421539651845 -46.82658939554964 -31.798443501351812
39627793792766899 -5556.832257576481 -44.613259089923915 23.52502654730877
39627799799007621 -4679.766333853851 134.4063954386874 36.09343842094273
39627811891187637 -5326.678119030461 71.87909165475578 87.35950466125134
39627811912155737 -5035.557023312526 -25.307199728467644 96.89899383144022
39627817926787805 -3084.459409864189 64.98593451520351 62.84914156282692
39627805847194061 -5749.1384157466255 113.9843392826177 83.0482488804983
39627805868165479 -5820.906721520116 -9.84733957334576 87.10314788531831
39627763597972230 -6519.844144235556 -82.88326587476976 -111.17715728364921
39627763589583437 -3741.7485283822707 -13.420177228394016 -70.69721755571963
39627793801151755 -2771.6890767122845 -38.97991377909447 12.558079860935928
39627805868165721 -4822.12354878923 -9.02314036213249 72.55460025154964
39627805859779382 -5264.743902481958 27.654979985215714 77.13086244956197
39627775644013633 -4197.871935367268 92.27284072747781 -30.5025767963315
39627763577001132 -4773.793404150946 43.83050368042186 -78.3259548828337
39627775639816743 -5579.311106942525 159.48582112501083 -54.242747931227356
39627781700587599 -5965.433362487494 30.90062563722852 -36.26410171871715
39627775639816171 -4160.899559559349 120.62712654782767 -40.041942375087
39627781704782268 -4622.952820138308 3.3229284592972532 -15.606739907335225
39627787727798303 -4658.649562410911 101.6297698184161 -8.924856340031774
39627769629382156 -3414.8013984213544 -14.078728872482994 -39.56003613744775
39627811886990066 -3455.1385664174823 73.3180962090062 66.7338157104855
39627769604212860 -4036.021117112516 98.51109299398448 -45.65768014174493
39627781704781537 -5357.27600742097 6.839731811095095 -25.437899244002185
39627811912155467 -4950.549095331545 -23.190830741129492 80.20505237932346
39627781708978018 -4497.726997039006 -18.462843750753308 -17.98185832553726
39627811891187023 -5324.340602209798 75.16386675727844 94.9190494477722
39627817930984998 -5666.672866108173 79.77179105398722 117.51907703892901
39627757545590631 -5910.702342759734 7.609801402720995 -123.91145825230701
39627811886992205 -3525.0495812892696 68.14998361710886 56.49894431221553
39627817939373497 -5671.103709557283 33.68458296570848 116.64837617960164
39627781708974619 -4751.564191839942 -8.288882266556788 -16.27357254583332
39627793767599059 -5355.9679896494135 101.58856797367818 34.177311922074445
39627769616799548 -4817.306233165004 42.66172023592487 -63.906385875836904
39627769629378339 -5321.501249492004 -6.556865400655964 -77.79484537283767
39627811882796009 -5971.66648229054 150.50033544514966 95.52771789004818
39627781708973159 -4749.048732559525 -3.884094584782555 -30.129757908660167
39627817935176892 -5221.915790489012 62.991639638627255 111.17606526499954
39627799807397964 -5363.546261688877 97.46700913143165 42.49062811616523
39627775660790728 -6662.719062638478 32.580114362456094 -55.15396485811348
39627781725750015 -4889.756381642668 -88.76617373368568 -11.688499895987748
39627811882797242 -3191.343347060805 76.59505778158223 58.35863490517449
39627805872360946 -3919.5464708067575 -28.55588590316765 52.3733723424998
