create_files/QSO_11_clustering_data.ecsv
# %ECSV 1.0
# ---
# datatype:
# - {name: TARGETID, datatype: int64}
# - {name: X, unit: Mpc, datatype: float64}
# - {name: Y, unit: Mpc, datatype: float64}
# - {name: Z, unit: Mpc, datatype: float64}
# schema: astropy-2.0
TARGETID X Y Z
[from data line 425]
39633315497510368 -811.6849043770646 -1631.5566796567612 2557.513017883602
39633315476537982 -1542.8983430135952 -2823.50496249235 4493.907764188872
39633336217374687 -1346.35175867398 -2722.379519238607 4517.498540063935
39633332815791357 -1387.4206820551926 -2715.4393957498396 4483.729388355695
39633315493316187 -1237.0453611207556 -2445.2828401343995 3826.7602083515094
39633304843977476 -1214.0648558948924 -2399.359679707076 3681.908247095061
39633336221565836 -1136.2887786742476 -2310.352081036047 3819.794527107374
39633318982975584 -1209.3054672790315 -2209.1729573640464 3568.9513837288664
39633308400749344 -1433.006399323627 -2660.3954059018006 4170.434974649042
39633318987171205 -1136.8768303326583 -2127.53329251488 3403.1335387028607
39633308400749913 -869.8983037521234 -1618.8115927903104 2537.0351392713787
39633332828374091 -1236.8941496039938 -2562.4541120109275 4174.836259461701
39633325928745207 -1295.9756263081515 -2335.6211460710947 3840.346533973265
39633315505899565 -1431.1854650548842 -3000.1823524324886 4653.4572400598545
39633311940742439 -1501.7109578851203 -2700.7467333164996 4281.713181627003
39633308400747497 -1618.1245230369648 -2981.285407811901 4688.71413648241
39633325928745536 -1384.6175017792075 -2499.3991656707803 4110.242495928664
39633315505899045 -1313.2386382268273 -2746.7020015898224 4262.6050641995635
39633315484929508 -1250.4088432243902 -2407.6184396078 3800.354954764795
39633339585398949 -942.4795199040568 -1812.6321260479929 3066.3398529786805
39633336221565626 -1475.234579616319 -2996.500710991461 4962.688330367172
39633311940741526 -1885.898192227734 -3377.577544520004 5354.018527507868
39633318978782483 -1912.5898664677488 -3451.341634151732 5605.555443761761
39633308400747074 -1330.6198958740865 -2447.3285765417622 3851.1359593720586
39633311940741339 -1870.9770805408991 -3348.1670899175115 5311.712239395406
39633315505898564 -1624.9640486869032 -3391.3672754185172 5263.0195939551795
39633315505898690 -690.349234024325 -1441.5128968112053 2236.434064116983
39633304835589863 -693.3382321226188 -1326.177858332578 2038.459162711369
39633304835590646 -1538.304120991601 -2950.1992055918363 4527.4436906705305
39633304831396757 -1607.1583836785396 -3038.6508819115484 4680.906458797668
39633308400748971 -816.6161768811963 -1513.6818495039126 2367.361764733518
39633332824182206 -1261.796275477402 -2599.0672696221445 4242.787602465162
39633332824182305 -920.5287029301167 -1897.1099512978253 3098.2683919750366
39633322460055756 -1472.7562399975222 -2604.181068934335 4278.6552461515275
39633311949129042 -1847.3093987319135 -3412.7088391830957 5396.545754364714
39633336200595517 -1608.2274437796118 -2993.9537983129353 5027.143349749588
39633311970102156 -1140.7043062946693 -2321.854618099228 3595.5634919106733
39633325962302109 -1266.0070296427225 -2671.8716872421783 4255.730881139
39633322468445014 -1723.3580863998952 -3168.9721831774254 5144.824706851514
39633322489416991 -1176.2927158100533 -2379.808558388036 3807.875820813841
39633315501704853 -1320.159033021176 -2709.555707030509 4235.227984587463
39633332811598983 -1406.220796851084 -2727.403739569192 4504.99715535346
39633322468445110 -798.0471297749982 -1468.1790700583274 2383.0998693723136
39633315472344143 -1494.9606693324274 -2696.0187759908827 4325.669275130363
39633308404943073 -1154.5393459853224 -2179.055566076289 3407.900065452522
39633315510095071 -1325.0949502005046 -2849.3173237659034 4389.239636276118
39633336204789640 -1220.8461064834976 -2311.988708399317 3890.0318565312537
39633318978782773 -1787.5037349406202 -3230.600479247617 5247.936788138684
39633304831394423 -1280.425802640696 -2397.437404076347 3700.879992110862
39633336225761630 -754.9527454850092 -1576.9735332060084 2583.713952091908
39633318987171669 -1539.6961362250747 -2887.531140135554 4626.354215883776
39633325962301520 -796.6573121054672 -1677.5686528818853 2686.0038850545534
39633339581204241 -1459.8518577060504 -2746.759662533966 4675.406333927782
39633325932937280 -1386.1259608335536 -2518.0937261969934 4135.424231366217
39633332819987035 -952.6176266038453 -1910.8076777418403 3121.8639048380387
39633301245265520 -1815.7643848953792 -3558.261182192745 5388.925438402883
39633325924549289 -1745.6765255250702 -3067.4192365244844 5107.490818469392
39633322485220196 -1500.875504031863 -2943.0344491182277 4703.52860621457
39633336213180464 -1469.8217107532034 -2913.7066780634586 4853.535645359419
39633308400749289 -1457.3317678061742 -2704.9693200523666 4212.134978396914
39633318982976831 -1630.4321537406756 -2992.278500214431 4824.038457792071
39633304839783560 -1578.9147929972219 -3069.4576442648004 4687.231724909048
39633325928744651 -1123.0075321532486 -2018.8297592700667 3334.466757837647
39633332828376020 -1448.9074407486196 -3031.573679979609 4955.032129750677
39633322489414541 -1541.8648807898926 -3083.0990072540562 4939.341157872498
39633329401629416 -1375.2270774211495 -2815.5584870105104 4562.157039089698
39633329414209678 -680.3687731969422 -1458.3354238883592 2339.1218297750956
39633329393239973 -1293.68218681265 -2535.413414113282 4149.082373899038
39633322476831971 -1602.4380392852788 -3031.8755643633776 4878.176711234353
39633325941328964 -1307.6818187730005 -2496.185252281902 4060.955354026775
39633301249459662 -1093.2137439626927 -2179.668096458458 3296.5789798055516
39633329384853433 -1716.0375624598703 -3271.6094959539932 5397.5969669373935
39633311965907580 -1448.333486538971 -2887.7682636004656 4481.93263818862
39633308400749908 -1188.7485440178455 -2212.089348909597 3462.779632829285
39633315484926238 -1209.8174153192751 -2292.5531432753214 3627.809797756153
39633329380657181 -1139.8013889922677 -2113.1905796024444 3494.639962159032
39633322481025737 -876.831306655252 -1686.5988910389833 2704.503326392329
39633322489414444 -1456.8537024669934 -2911.6625095705012 4661.676619641391
39633315505898115 -1542.5652751584473 -3212.6802570300792 5003.765887865799
39633339593787132 -655.7041864137007 -1305.5496205906875 2192.0077853537164
39633315480735283 -1225.7995786656438 -2314.4903040785625 3673.672133873746
39633329405822518 -1184.317952796967 -2456.4708553177234 3971.245291587639
39633332811599419 -808.5518810985802 -1571.3802649308366 2594.6274776130444
39633329393240306 -1069.7768547243315 -2099.7133983598005 3439.550348734588
39633336204791004 -1223.4135482555566 -2332.755927881153 3900.2687038458353
39633304848172417 -1365.8281144532402 -2758.3600007944497 4210.8521789213055
39633315468151640 -1364.5319314711412 -2439.491829560029 3930.93961369376
39633319020724686 -1276.782001011888 -2765.961985949581 4304.243176615928
39633304843976780 -1470.0887776516013 -2896.2041111704625 4435.089065306028
39633339577011407 -1376.4651054198032 -2562.3729492102075 4343.264802418862
39633332799015907 -1382.8952526734968 -2533.972700010209 4242.346714876135
39633308421719942 -1215.083769438045 -2459.9127108531757 3775.551205226456
39633336221568697 -1023.8702188102325 -2112.8484068918733 3472.367777492809
39633332799016158 -1440.4591659667988 -2642.8754226611413 4410.626586074099
39633329397433356 -876.4657143224728 -1745.5938836193004 2844.167900972775
39633311957520137 -1115.238577867418 -2158.3611828203843 3376.8871840404704
39633311957518913 -1349.7068264642019 -2597.6993185616147 4071.278237710172
39633318978781989 -1660.875035726165 -2990.3916382147618 4844.124185070371
39633332815792870 -1248.455490317445 -2463.1242334362487 4057.638874505115
39633311953326036 -1270.8076905379671 -2417.5600431820967 3787.612974632464
39633319008141394 -994.0599872535072 -2028.0087429989908 3190.390097993559
39633304843976811 -1463.9446472897444 -2884.384883664226 4416.915528652282
39633311940739348 -1447.981134788429 -2569.0031181923828 4108.636700473639
39633315493315421 -1223.4815740080064 -2409.192089433442 3780.9282461755856
39633332824181188 -1546.9385023149584 -3169.112151186694 5196.205962526214
39633339597980334 -1202.4426763185375 -2428.4464546696613 4039.2505866052693
39633315497512555 -1162.2925451842734 -2356.311493925792 3696.693376769653
39633311949128197 -1717.1942425444647 -3159.2728695947835 4974.184177833116
39633315484929345 -1512.6178476121788 -2909.8882181694134 4606.58347922505
39633308404944711 -860.2703040125162 -1635.668169329481 2552.4213568809446
39633325937133871 -1029.7731840615518 -1923.6068429915877 3146.2213422251107
39633319016532461 -1645.8614132484731 -3532.3902163508665 5532.511940047622
39633332803210477 -1316.1347545296069 -2463.089581647496 4099.847829856351
39633332803210562 -1660.402608143267 -3108.5404223026767 5174.280070744141
39633308417525360 -1375.2271561548248 -2729.938431830714 4217.941273880046
39633332807403071 -1236.9564064597873 -2336.119710377246 3872.4703292223585
39633318999756878 -1447.2785011298306 -2893.1961749734833 4577.594610546096
39633332803210578 -827.1018659296172 -1548.633063813571 2567.3115159770496
39633339593786199 -1274.7835377379554 -2525.516395241469 4241.449705788588
39633329389044232 -1014.5913709443125 -1940.439820381371 3177.875689418833
39633329401630460 -919.0587907659855 -1890.9792092709292 3064.940632050609
39633325941329868 -1625.795839601646 -3114.688704611522 5086.922571955978
39633342936648354 -1297.4684026527023 -2456.3828633626576 4193.95454420501
39633304848172857 -1219.1325245685362 -2467.394566203826 3762.0023951349076
39633322493612007 -1184.39287722447 -2446.9129649356846 3869.832279100089
39633319008145361 -1548.9083444909152 -3216.2565910131375 5047.432655525475
39633319008144797 -1126.367586776197 -2333.5388974423086 3680.0049769907423
39633342945035609 -1374.7656037203428 -2681.2150959376117 4543.534560936919
39633308421721434 -1033.7385358347385 -2106.2813774629785 3234.588748783255
39633319016532302 -1349.0405239063869 -2893.1202054065416 4525.282289323312
39633332799015881 -853.5674159000353 -1563.8715517708606 2616.3472072293
39633329389044744 -1799.429804321389 -3449.2495775022485 5645.4828403939755
39633318995559485 -1173.0040246618075 -2273.740835700682 3608.8963050013303
39633325941326675 -1310.589184001659 -2477.351584083088 4022.618704411509
39633325937134302 -623.9407939638998 -1167.7405721144528 1906.4693324189157
39633325937131783 -936.2299032818345 -1733.527397745628 2848.2039361618827
39633311957516500 -1052.7272079564223 -2004.78511887216 3147.396218647148
39633308404942065 -1247.00210771565 -2342.572475367654 3655.852802526348
39633319020724718 -995.2537666733109 -2156.3982450628437 3354.868753276986
39633329372269626 -1189.1242540230637 -2140.2598904212196 3573.441868167612
39633339585397661 -991.6992731829694 -1894.0166612398639 3209.0900219074783
39633318991366281 -1186.7133035268514 -2272.0020739213514 3616.2129427465593
39633318982978441 -1086.360868170576 -2006.2489285197705 3221.1621796877894
39633329384851156 -1095.9914214722057 -2069.205766209098 3393.31441558445
39633311949129484 -810.1465429800223 -1500.0580675349922 2375.6434797527254
39633318978781782 -1645.8132870651455 -2960.571947985315 4813.982321480463
39633318999753422 -1348.6330271551456 -2657.4971518988727 4235.999398885837
39633332815792325 -1128.2612445004943 -2219.2262195212043 3671.911650470947
39633325962298116 -1090.64466883599 -2264.8583731126 3638.7513541265494
39633311940742966 -1457.2502810022502 -2626.6971287501347 4170.655933776793
39633318999752762 -808.8870862235528 -1589.229067240543 2526.438391281253
39633339581204625 -1077.1353559383185 -2030.5263388069357 3444.1484091875463
39633329405824472 -1201.5787728530086 -2513.6711006791907 4052.536414463421
39633329401630452 -711.6063590544939 -1464.0478736898208 2375.206752978347
39633318991366133 -1223.6002078117285 -2340.648733664101 3721.5256076457754
39633308396552959 -1522.6284367038652 -2754.0303413586075 4314.194386718027
39633329405821479 -1094.582656480286 -2259.1919272329774 3650.010388877076
39633332819986261 -1368.6869029426566 -2735.849567624679 4503.696668545915
39633311961712184 -1493.8638006683202 -2913.3191916900437 4544.472304331626
39633311961711752 -1391.5939539040792 -2709.6545220463677 4216.93200249682
39633322472639106 -1184.205473955763 -2214.1283632218406 3576.418151091619
39633318999753084 -644.1707747796615 -1267.436164958459 2003.333701270854
39633315468151828 -1300.6139813336233 -2327.2806121341464 3745.6757764178424
39633332807402127 -1166.102239552134 -2191.629823288118 3657.1726502250544
39633319012336231 -1169.0962944819041 -2437.8066164285606 3839.9577396909913
39633304848172066 -1326.9852154859573 -2675.425157111971 4075.947846797463
39633319016531408 -831.275948565357 -1775.0871782711831 2784.0020719944755
39633304831394438 -1325.3778162752978 -2481.7585032766315 3852.391321289968
39633336192207273 -1511.4950956196649 -2711.225777615144 4614.978512765002
39633329405822401 -958.6222025839668 -1987.263083314292 3195.6159858971505
39633329393241583 -925.448132306391 -1828.2781720248186 2980.439280233746
39633308400747721 -1370.9162226452484 -2528.4315785479457 3951.001263757674
39633322476834175 -1599.5378941118395 -3060.0862314214423 4951.823864922757
39633322497802944 -1520.8155852613695 -3153.328057028502 5000.748798548511
39633329393240917 -629.9886929748742 -1240.3792230766237 2030.5431463813723
39633329414210045 -1456.830680616259 -3128.079749949514 5031.776820767799
39633329389045505 -1772.758985475095 -3410.355961949114 5591.5352574218205
39633304831393860 -1311.4685858604416 -2448.768157580985 3803.028967694196
39633342940843472 -1049.0239127984244 -2031.1597611110524 3459.4133610024915
39633319003951048 -759.642141598161 -1546.0436016947278 2438.8720285837167
39633325937132527 -1168.4115888820327 -2170.4160524604445 3555.1638380919985
39633311936548577 -940.1312188350731 -1665.2599664371685 2657.771835010412
39633318991365028 -984.2751943422187 -1872.0368641415976 2980.943130011848
39633339593788964 -1306.2966110436726 -2623.013381354386 4370.14769336359
39633336225760378 -767.1862657416679 -1592.1032540399865 2620.0626557972473
39633311961713400 -942.393366952791 -1845.200108858433 2882.7737027710223
39633311970103573 -1399.3915913717892 -2865.3538618136604 4440.4239424975585
39633315472346082 -1244.5046231824087 -2261.187149134378 3631.7301160089273
39633332828374775 -1134.126296728864 -2358.104255870415 3855.8344197592446
39633311949131632 -1255.1886898166051 -2344.753269170508 3685.889000602693
39633315484928806 -1433.8390690988674 -2750.550590095039 4363.731824272867
39633329401630575 -710.1170978126089 -1461.9590543933539 2368.981567506717
39633339597981616 -894.359113673061 -1818.8097880843852 3024.8665644893126
39633342936647948 -1395.5820173183188 -2636.192928047618 4501.2512752765215
39633322493611006 -1045.1971073824077 -2150.1224453818313 3401.842108104977
39633325958104676 -918.8820600783621 -1879.8918027740535 3025.3127486496246
39633339602175758 -1374.6335577998677 -2845.5906286672953 4714.613521068375
39633336208984551 -1374.3189448709204 -2659.9908241153785 4431.5169507780265
39633342936648562 -1355.7948826391475 -2570.020476405915 4389.941169638632
39633339602177838 -1355.734960977869 -2836.1439402589262 4685.79792848591
39633322501999788 -614.0218504745312 -1315.1504047488895 2082.482100747721
39633308430109133 -861.0157224234902 -1814.2815191053337 2773.8851478644456
39633308430109019 -1675.11055191 -3527.9052598829444 5399.586424672962
39633329372267930 -1460.740034164695 -2607.4639912596226 4362.412744415163
39633322468444820 -1134.3033477590288 -2084.208719701775 3402.047980444486
39633339602177957 -737.5908222294083 -1544.033721793823 2553.5520727490734
39633339597979970 -1385.012291170961 -2792.1965106540597 4668.710361362809
39633311974295728 -601.427368122525 -1243.9339891330383 1923.0662408974888
39633308417523918 -1084.4847669923897 -2139.857081069999 3294.0244694280777
39633325966495128 -1045.3694350096862 -2240.9430768696097 3557.6292873237608
39633325958105650 -1333.9199861718432 -2742.5883337264495 4386.340883539305
