create_files/QSO_13_clustering_data.ecsv
# %ECSV 1.0
# ---
# datatype:
# - {name: TARGETID, datatype: int64}
# - {name: X, unit: Mpc, datatype: float64}
# - {name: Y, unit: Mpc, datatype: float64}
# - {name: Z, unit: Mpc, datatype: float64}
# schema: astropy-2.0
TARGETID X Y Z
[from data line 1059]
39633166981400440 -1844.8738193555407 -4083.411862833691 4494.247215009904
39633166989788107 -1152.0471538356205 -2625.219681027053 2875.2036249755374
39633162711598265 -1345.8418851058204 -3241.8835566399503 3472.51159964232
39633162707406595 -1330.902826004512 -3188.2722294326413 3419.952793277493
39633136585281847 -1347.4441114261963 -3347.89009181099 3408.6317381234953
39633123276753218 -1106.8864393870642 -2672.57248761422 2650.342654505921
39633162682238469 -1353.5331355143776 -2910.626641389109 3194.409561780572
39633123276753042 -1082.7324830811667 -2612.76985181602 2592.8921307897085
39633149700866990 -745.0729823095991 -1583.6432026878492 1684.2536707271913
39633162699018189 -1911.1026513678053 -4425.90344690606 4780.408205763398
39633166985595749 -1307.3904609478911 -2947.698527976397 3235.907241551052
39633140989297329 -1344.81723584571 -3339.379772974731 3409.127353356721
39633140989296999 -1218.1665637286 -3021.321369710766 3087.5341857465837
39633158404048505 -1290.9678584026776 -3131.1352738783844 3317.407586174659
39633158404048705 -1137.6747152011515 -2761.607590975695 2923.6221765363703
39633166985593494 -1243.2584294813657 -2780.888874026893 3055.794758499129
39633162707405074 -1298.9376701427884 -3091.667164486156 3323.786207186871
39633158370493242 -1227.5433207131982 -2600.1400866068957 2822.4623667162705
39633154050361579 -1162.5414714864091 -2525.068568808025 2702.1147200442933
39633158370494564 -1184.1591644119358 -2521.1040912408976 2739.901468238783
39633132135122244 -1223.5098952764376 -2649.8731914807627 2713.721601109772
39633149730228439 -1602.360624636265 -3840.4345226676164 4015.651650028418
39633162694820677 -1053.0921507097005 -2368.729589594261 2577.9751450963117
39633118780458759 -1086.4450889708996 -2374.6788673925485 2361.7934718271026
39633145372346675 -1030.7199670010605 -2566.631661400688 2639.9572690125856
39633136589473156 -1069.7974261337915 -2675.268516126875 2715.4880350614953
39633166989789810 -1037.6978348827124 -2380.510824166675 2591.813097022569
39633154079720670 -1359.1639663871201 -3306.7345729265307 3468.157048515683
39633162682239272 -1016.5403223634346 -2193.2429802886095 2397.0135484305856
39633136589472412 -1121.0640170887018 -2794.820572444107 2839.019786956367
39633166989789327 -973.3191517676481 -2228.64975490637 2421.3792735337024
39633154079720437 -1313.3718245089497 -3192.36480669741 3360.265316659123
39633140959939288 -976.2991068362392 -2177.7146115652245 2260.4604614689215
39633149738616189 -1578.1596773971908 -3897.5380024685205 4058.223654683579
39633149738616607 -771.7594933551753 -1908.6252537946398 1987.7981182781914
39633136589472026 -986.5989590526257 -2456.2897491737117 2494.4854635695688
39633149738616104 -693.939161001732 -1713.1232681290778 1782.2191738185588
39633158399856611 -1257.8661842932827 -3026.877596312022 3224.9649924088194
39633140959938034 -1356.9480764577488 -3010.371211878189 3123.6426354680316
39633127735296194 -1385.2895471757301 -3418.3191372105507 3410.7009415528823
39633132168678349 -1516.7887195518238 -3775.252822466536 3788.5246324993736
39633127735297253 -1441.3011094961962 -3569.8764406646987 3568.9051130955354
39633114300942137 -972.7102509903032 -2238.880711655468 2196.101476315684
39633145372345462 -755.0143957145735 -1870.2036292539906 1926.0136677987664
39633132168678038 -1549.88397680191 -3852.9803594266828 3865.981131593351
39633145372346392 -1298.0768210363158 -3228.520411043847 3330.6591608375156
39633136589473139 -1266.5265236427217 -3167.058713766201 3204.013762448043
39633162711598381 -1415.016113466584 -3410.10619644889 3652.246895230738
39633158404048582 -1046.0498281044195 -2537.979129591273 2705.0532053525735
39633162711598692 -1049.229330153987 -2531.6322827927565 2710.3151302253905
39633140985106155 -748.0223617231492 -1848.8291464806414 1899.5902398946714
39633145372344860 -1556.175923896089 -3846.026497237658 3968.2761750110153
39633145372345205 -1130.781145948151 -2798.0733757705693 2886.2576195649167
39633140989298270 -1080.6947987224974 -2693.069116643639 2747.2396889083366
39633145372346370 -1555.4289368848647 -3868.1876213822916 4005.965377091014
39633123276755461 -1702.9974422202379 -4145.233513600123 4092.6226401623844
39633140959937817 -1765.8816375567942 -3913.940664090228 4063.341112634333
39633118805624221 -1268.381375016008 -3048.605694290691 3000.2160479176177
39633145347179596 -1790.4124100747658 -4012.438170768817 4187.905934188163
39633123280945491 -1323.9280321740614 -3227.5246463772087 3200.93971479884
39633123280945969 -1455.830074597385 -3555.842274790692 3526.0387658166933
39633123280946243 -962.7313181161667 -2353.740862162019 2332.401382705558
39633149688284392 -1824.266629012816 -3707.302347669199 4000.7239790702206
39633158362105399 -1085.0743254836393 -2234.084533941856 2446.9733168259845
39633145317819938 -1593.118437388154 -3205.4919627553268 3424.640471248133
39633149688284608 -2096.720999736109 -4265.2472898827855 4597.008803620066
39633158362107025 -1712.2400623472186 -3545.1009893308456 3882.284692552194
39633158399853059 -1242.5851733089999 -2947.5678027827303 3154.3747477134193
39633136543337140 -1104.7253625712103 -2323.948683658811 2419.9169238690047
39633123247392507 -1390.1276111466314 -2991.356775148695 3012.9116399363384
39633127714325006 -1554.19291014008 -3534.809396650464 3568.922031293286
39633136539143207 -1293.455281774348 -2686.3979039008836 2802.8055016736835
39633127689162180 -1560.4379141327045 -3266.9719678416554 3335.35453823456
39633132147707456 -1723.4819097269487 -3959.098876026102 4038.215821230866
39633154067138505 -1697.451858991093 -3936.8946681919206 4160.62920330855
39633140943159570 -2141.951540433607 -4442.821812699941 4697.039745112032
39633154062944983 -1761.2323699820195 -4030.8872783473967 4300.985769172141
39633136547532644 -1444.9356007378883 -3095.646825326131 3214.414155147451
39633118788846641 -1583.5551600407266 -3560.8765808154085 3531.3626738871353
39633114288360935 -1701.7379396999684 -3756.9804203702374 3722.4069572218114
39633127710133198 -1549.1885322646172 -3502.158580293036 3553.0964771700096
39633149717644084 -1511.2446738930626 -3423.7493593305944 3613.350250187474
39633158383076522 -885.2714692160908 -1969.3536331718046 2127.4770449900684
39633132135121632 -1207.322894602659 -2609.6310312902024 2689.539614638424
39633118776265434 -1139.9633011662197 -2459.5960244847315 2461.271978209386
39633136576890650 -1617.7700871551835 -3853.094850566051 3924.3071134186976
39633145334597284 -1309.1488640660102 -2805.1417933846096 2958.5572520484893
39633127710133266 -1666.5927085077578 -3768.5641084283284 3808.4018759419346
39633149713450474 -1020.2534094327956 -2281.8612879275975 2423.037175227083
39633154071332598 -1805.9951191054834 -4253.579468775278 4511.720085839936
39633154071332368 -1703.1974345625488 -4008.385385461727 4251.968123061725
39633127710133373 -1177.3778058303478 -2663.420448200501 2693.9127886429774
39633149717645481 -1173.7740512058954 -2674.2482667517525 2832.4936071375946
39633118776265590 -1562.8588609614244 -3373.642665988719 3377.144070373319
39633123243197823 -1596.1432311731999 -3382.1553082361706 3425.316755581385
39633118801431199 -849.9257057231919 -2019.4796957049534 1996.5465887584394
39633154062945117 -1333.9558381276581 -3054.6587271813746 3254.074509701756
39633140938967307 -1466.3311108204189 -3020.143946905462 3186.7634901933693
39633140976716168 -1373.84913654457 -3265.147363166632 3365.7594140983065
39633136539142066 -849.1809576824826 -1755.4492085853583 1832.2198328423744
39633149721838765 -1462.9363265651714 -3372.8723087219273 3558.0030289608158
39633127718521060 -1271.9858032331322 -2960.303370389645 2982.755539959846
39633118801429484 -1262.5167015006439 -2979.5462040044004 2947.2575098454495
39633132139316194 -1380.7332880698896 -3033.8097653268273 3106.243866520333
39633127701745251 -1479.3618844647542 -3242.882938008655 3306.971711632047
39633140972522735 -1462.3472357510846 -3422.6026666887665 3543.514021603391
39633127697548076 -1476.2070622760764 -3155.579262352044 3207.6084853869424
39633127722717082 -1697.127109233178 -4042.8722274390966 4069.66828683637
39633132135121745 -1211.017099669862 -2618.6599886737117 2694.8337369792316
39633145351376539 -1505.6485409849624 -3456.258661025879 3612.8639496731375
39633127726907944 -1691.6026305361531 -4041.1685872099624 4067.2326560811653
39633123272558074 -1909.6133779197924 -4525.171235638627 4518.247487809501
39633118767877188 -1363.2351395143503 -2862.343675198581 2885.628359374814
39633132126733402 -1132.3579094502197 -2378.3385911500395 2450.3431708669045
39633145368151796 -1124.7611240995413 -2746.1571072488846 2848.1994436262326
39633145322015443 -1275.3622042190657 -2618.034416949163 2792.0932013930255
39633140951550752 -1827.9485743370437 -3949.998290397186 4139.055131745595
39633132135122377 -1306.4013157029465 -2830.627028069127 2911.825652987967
39633149705063526 -1597.046619268854 -3478.1929458220957 3700.7430555719857
39633149700868808 -1129.1974807964502 -2415.719450717193 2585.7215610077606
39633162678045429 -2018.3899488550203 -4292.060714300034 4688.943183760982
39633123268363303 -1263.4038809257797 -2938.065587872534 2920.3345722096947
39633132156094091 -1629.8365904137672 -3828.7265211283334 3874.8650963964283
39633123255781668 -1793.8178936521067 -3994.1577204532273 4000.3716558084434
39633136539143078 -1354.1755497466338 -2811.2329828151487 2930.2384068970246
39633127705937759 -917.3158430477753 -2031.442781506406 2068.7137557516603
39633127697549302 -1757.3102658803646 -3773.4003975570395 3848.6201423775337
39633140951548805 -1126.900701523308 -2417.2651034129967 2529.111838564541
39633158391465601 -1171.3804311750107 -2700.0296524765413 2894.4660387883923
39633140972519901 -652.927147636743 -1513.8798214445262 1566.258806280773
39633140972519515 -1164.2622855538536 -2696.1275848326545 2788.8604765459554
39633140980909789 -1175.5315571477713 -2833.888252750994 2912.8592240966695
39633123272559017 -1250.4673130596095 -2974.204259988904 2957.7813734019896
39633127726907846 -1559.5110786723326 -3724.4467948143965 3736.494644624464
39633145326207385 -1269.8703264876287 -2623.128674145176 2795.867935752986
39633158378883993 -1345.9408893006819 -2962.4203058052985 3196.1900566983554
39633127697549342 -1345.0061083242704 -2888.4991607013676 2947.171016123584
39633118767877577 -1224.7043479947754 -2575.2292396183343 2591.963410596777
39633132118345455 -1506.95814596238 -3075.4698109251603 3180.4102610223704
39633127710130786 -1384.72171500787 -3101.232642515513 3150.8226732000244
39633149696674220 -1472.301209297549 -3098.735160330302 3326.8994877616205
39633158387273040 -971.5722880981813 -2220.2786420185976 2374.9036796740593
39633123268363679 -1462.4935855741346 -3405.549368619832 3389.818565065268
39633158370495983 -1671.030977056079 -3575.939976487356 3876.6862047564528
39633132118344081 -1880.6041671843495 -3818.7737382065043 3978.4724013357977
39633132118344540 -1216.288884859123 -2474.0062718759964 2577.4872767761326
39633132118344685 -1626.425767320134 -3310.0168293255397 3444.158930653073
39633149696674964 -1453.9283391391903 -3068.948831917254 3290.0030159128773
39633162682241075 -1691.1069110935796 -3669.2336512999054 3990.841522067763
39633140968327083 -1658.8177117708965 -3800.0978782523084 3936.9089481115666
39633154046169292 -1847.1972725431478 -3976.4272560897384 4265.146073282574
39633140980911309 -1104.7840172414449 -2681.0045911510974 2741.5902341273386
39633132147705929 -1149.0198612982508 -2620.5589568755418 2674.1982590529788
39633154046168736 -1411.522440320646 -3032.8501674190247 3247.6375448452227
39633127684966484 -1885.0211289873682 -3869.658006671445 3991.3343844619826
39633127689162358 -1054.679489458397 -2209.8469262845692 2256.1039361675953
39633136568504169 -1398.4001807863106 -3245.077083683719 3328.534626557424
39633136572695155 -1698.6442337995475 -3959.2818411235035 4055.5256115886273
39633132147706334 -1174.1093674501205 -2682.8684859278733 2735.9630474014875
39633123272559208 -1623.5790020191769 -3864.4956015282005 3853.998894662871
39633118772072576 -1579.3774435119594 -3376.8764221082242 3388.3501652788823
39633154058748374 -1827.441114402685 -4073.9698914040923 4331.871230855953
39633140943162217 -1922.4157050446904 -4034.761545118991 4237.308023356049
39633132130930032 -1726.6324813493623 -3713.749939637054 3813.613648270801
39633136547531446 -1224.7038042915137 -2612.2136301752216 2708.0508251114434
39633140938967765 -2146.364680346656 -4430.04174639377 4689.215070204553
39633149717643994 -1425.8594202574434 -3229.0287497244517 3410.3292747640876
39633154067138549 -1728.1490757306126 -4008.6908118529245 4243.224535819358
39633145351377368 -1920.8356714819483 -4420.8515972003215 4618.603115982579
39633136560113073 -1222.0292096713995 -2722.257521674823 2802.797405864579
39633154050361238 -988.4086006076328 -2144.356217016661 2306.021025166303
39633132151900727 -1403.665425438463 -3257.173898622366 3297.276383893361
39633127697549134 -1746.7151397950358 -3748.5152897232824 3812.397092146303
39633123268365398 -1426.738327883504 -3345.5336599016714 3331.702825633048
39633149705061575 -1383.024010337687 -2988.921383789519 3167.623640140372
39633114288360232 -1874.7478968424593 -4129.412230516774 4082.635769840146
39633118780460118 -1486.213827126924 -3266.299817965787 3261.8597072897624
39633118780460072 -906.6101637597487 -1992.1891893621942 1989.9894802915883
39633127705937289 -1631.8933951717652 -3606.6369674023076 3659.1207003850022
39633118780460242 -1632.2302525287835 -3588.8070792907724 3588.6509460164
39633145359763042 -1095.98460262703 -2586.3422460881234 2692.2771549508448
39633145334596224 -2037.799007881381 -4347.763426044286 4607.912396910815
39633127705937113 -1628.432993153921 -3596.7396084988322 3651.384636018107
39633154041973408 -1001.1091226285023 -2109.4639038311498 2269.5748434410207
39633136534949201 -1328.9642895336283 -2720.156480820168 2860.0946139540724
39633149705060669 -1937.2741421503426 -4173.439079880178 4432.27947613342
39633140938965375 -2038.9137000468725 -4167.370863800878 4391.433435105928
39633149692479097 -983.7981563383913 -2031.9942993914806 2173.486164196237
39633136568500941 -852.328203290321 -1954.8006208681024 2008.498130209449
39633158383077255 -1673.4303025329302 -3732.3084966613483 4028.556555534993
39633140951551494 -1834.0152331412212 -3974.112727885199 4160.900941326628
39633123268363688 -1598.0048993403939 -3721.405555225787 3723.748547285774
39633149730229058 -1330.6576693421464 -3197.739529347617 3352.232739654709
39633145342985392 -1658.645842804038 -3658.5997405488965 3837.9120135088942
39633132139316101 -1638.2248311793153 -3598.051409505481 3672.8583789634135
39633118793040087 -1757.7704485389422 -4003.7531022740122 3989.1646688860237
39633145363959993 -1154.4407871139597 -2794.541841718582 2882.3359633499053
39633140938967374 -1471.8198707729719 -3032.187830049262 3203.438304802851
39633149721839952 -1106.0642234147294 -2563.2359384170563 2704.679692649828
39633154054556860 -1534.3028180496422 -3404.1215568743432 3646.7237082280217
39633154062944922 -980.8200603813272 -2244.1911630288996 2379.182295904364
39633132118347478 -1519.9222763049236 -3126.0601040183215 3239.866177552707
39633140951551172 -1377.481646904351 -2981.487258680071 3125.366354628079
39633149700868292 -1397.896742004739 -2985.062055659335 3191.2393719220477
39633149700868343 -1248.8636535686476 -2667.3004312788485 2851.4515259876434
39633132139315744 -1683.7530933610853 -3692.695881035581 3781.177653536408
39633132126733678 -1834.4351499384693 -3857.6162711733677 3974.2080674772233
39633140943162346 -1506.7426313931494 -3163.845610754722 3329.1512561076474
39633154071333362 -1687.6568311789938 -3985.050963273677 4209.26113873858
39633154041970914 -1376.0551479410065 -2875.1597259724545 3111.6073955021584
