create_files/QSO_0_clustering_data.ecsv
# %ECSV 1.0
# ---
# datatype:
# - {name: TARGETID, datatype: int64}
# - {name: X, unit: Mpc, datatype: float64}
# - {name: Y, unit: Mpc, datatype: float64}
# - {name: Z, unit: Mpc, datatype: float64}
# schema: astropy-2.0
TARGETID X Y Z
[from data line 430]
39627847643432375 -3455.0789736088836 1990.0744265686183 172.50992689069153
39627829515652887 -5773.352197971455 3373.469911093886 191.25484602806074
39627847656015405 -2321.708232590253 1296.24572413667 111.39109430922245
39627847643436811 -2221.6100587833553 1270.0330430274892 108.69832998754752
39627853695814187 -4591.385996758022 2557.422112326382 247.15962064002946
39627823496825388 -3594.4153991881753 2003.314171917438 110.57929244852198
39627817440251396 -3291.892502494814 1908.745488782966 88.55123751928315
39627859727224204 -4830.938098380263 2744.5356713024767 299.3736915059981
39627841624608979 -2770.6567333470134 1507.5533389022498 121.5078653180566
39627859731418209 -4408.4590622107235 2478.7941434587888 265.2806616272338
39627847630848624 -4538.386063697661 2696.7342995371364 239.03950438980584
39627823488438444 -4373.828353188426 2480.452901893142 129.70909121228092
39627871794233618 -4153.712434179712 2377.0740003227356 284.8109721132595
39627859739805610 -2777.195586198381 1533.2294881937723 172.7152338887212
39627847660212478 -4172.055884161082 2293.6275958793226 208.4652148901374
39627859718835505 -4734.320388665811 2745.061671202624 295.71881754271493
39627865767021080 -2175.245703859258 1226.1333940737204 144.56673299306075
39627847639239137 -3912.500953060472 2270.6720122052516 190.9645201866448
39627835572229296 -3784.0629129460235 2120.6948147941384 154.8859778939468
39627823505211743 -3648.8903698582317 2000.492446671908 115.4394943331421
39627823463273392 -4909.13858626136 2951.593110129326 160.39326661889612
39627853670646090 -5028.192806919023 2989.6109167201666 286.5421330161178
39627865746049149 -5056.4870268145805 2997.749114866332 340.68446366349514
39627805364850503 -3227.604036519705 1850.4730474122662 54.740308187304606
39627829515649201 -5036.022783745875 2965.731127958125 184.60019832363784
39627829536625031 -4684.253924110215 2599.6102880078683 164.8348308842287
39627847639237526 -3942.2856557563828 2294.808373775878 203.90268161325903
39627847639237524 -2234.5660057868686 1300.7484594588736 115.78781577264029
39627835580615131 -5131.341257337608 2828.7346926805267 195.04522236693805
39627847635046897 -4698.169988972421 2741.1556063094304 231.19708285867387
39627811400451597 -4341.290669155663 2525.398070600427 87.5114072527755
39627817436054501 -4554.642106323844 2678.5265298847685 107.44268907862985
39627835547061984 -4745.161380358578 2833.2015304230918 192.59860587683303
39627859723031705 -4059.9763535447432 2324.945539508345 252.16233738261099
39627811404647770 -4823.465780647385 2766.861652722769 105.40355427007108
39627859731417431 -2911.9129087429937 1640.3900454981085 177.29835129927997
39627805369046104 -3654.8914557323756 2069.746298164444 55.512335594310635
39627835563838878 -3792.2802493872136 2175.221243324411 143.34132461436587
39627841624609180 -4694.8003650175015 2553.4604205421224 206.60691690927365
39627871794235450 -5383.350019077092 3069.711936360353 366.8593506511908
39627847660212124 -6016.33524254957 3309.5916797969985 302.6246144049458
39627817448637480 -3764.735121975252 2146.241492558781 94.10508499931325
39627871785847539 -3866.8166931133705 2245.7824163548503 268.1028971823997
39627853679035013 -3533.6759039626763 2057.915297314231 194.22674634630283
39627859723029758 -3416.956488427612 1962.8289872032722 212.20849861725762
39627859723029721 -4100.876914884226 2355.851368262274 255.29597575565208
39627823505211467 -4773.964832224088 2618.8297006159337 151.8532610982306
39627847660209033 -2715.9091095509348 1503.203640249007 140.61681634001107
39627871790043887 -5922.381782168046 3391.2876746905863 418.71719065790194
39627841586857148 -4350.378167022051 2607.5875003759165 194.5382762993887
39627853674840954 -5384.024626758669 3165.514998654193 301.33893027590835
39627853662258635 -4785.682103383565 2893.598865148351 276.38372207715736
39627817461220786 -4230.575682012001 2338.1748074923566 101.63404768073615
39627841624606610 -5113.889649471338 2795.4712790093254 222.5610126244196
39627853691620250 -3403.820247645826 1915.1866858846902 180.7625945432917
39627835572226796 -4072.851340502551 2293.7872803736636 162.7744388852461
39627829532428128 -3450.9402806225967 1944.8195724932066 123.61836957278865
39627817452833671 -2887.8807667662177 1625.5115276538527 71.86770003504068
39627817457025634 -2379.9815850655 1331.5584307856125 59.552598726991334
39627835572227661 -3930.8323115991307 2210.127836286786 157.22804509789933
39627847660209642 -4903.892670794103 2711.226221039508 237.61964195946524
39627853670647024 -3767.6924649847297 2235.3371332794122 202.70270637734214
39627823496827268 -2879.7627228822516 1599.18742795975 87.63888205829993
39627823496827349 -3360.0731728534984 1865.6240134192767 102.61133718057306
39627853679035842 -4731.271118389919 2750.0638630639846 259.1020223828657
39627865762827257 -4605.638593974872 2621.0453329050856 310.50478241616213
39627817457025998 -4279.162866085817 2392.6129437156947 105.96645276117769
39627853683231052 -5588.133353900128 3212.839642996632 300.1168670398371
39627829532430918 -5075.3394465939045 2844.318146508585 165.06479691459268
39627841599443104 -2190.8605994225954 1269.362012681195 97.2848392199062
39627847664404503 -3372.824310467549 1841.9683763768483 171.94862055174914
39627853670647021 -2749.4242559445597 1631.227128406481 147.70597122068747
39627853687423594 -3370.9173752708057 1925.0210121783095 191.2037587434931
39627859710447652 -3963.8552260098168 2337.1761723938084 234.63590680299748
39627835555450734 -3578.2471737697583 2093.0418457230453 143.51050415316098
39627865771216511 -4145.646533687993 2306.881590300458 274.1222062909454
39627853683229672 -5054.816060211129 2913.518100462161 284.8289649671722
39627847639238859 -4029.511623344003 2339.5583537160574 207.08267794569556
39627859723030095 -4199.876359939931 2411.3533868719182 259.9808098569816
39627823496827600 -3408.5341973515583 1891.6071666131245 105.40706405840318
39627823475854827 -3783.317099071087 2213.49711057775 122.94550186782016
39627841620411392 -4542.823835232313 2513.036670675663 209.73272764078607
39627865779601468 -5606.966298460568 3080.9325230667823 350.1496045025592
39627829532429466 -5198.092437440288 2921.879893927993 169.64533025451476
39627835568030374 -3964.4887649173193 2263.243712091428 156.18289202415343
39627823484244548 -3979.0625704652134 2276.5070118763315 115.39505947569008
39627853666453284 -2815.62786644976 1685.770735780724 161.4569161956193
39627853666455609 -2541.0327167856367 1513.8759021369601 143.8218163681207
39627853670648505 -4662.200757580981 2757.1701806746732 270.7878657855241
39627865767019081 -5012.518648643965 2837.1035236550124 336.6891371547195
39627805356458119 -3670.0244419344945 2161.4397221739596 64.99798431694443
39627841591051697 -5400.089155458605 3204.1380293470115 258.83647560075246
39627841624607858 -4416.219832936861 2408.4484266128784 190.70591924023046
39627817427667407 -5386.124650025876 3220.1160374501633 129.55247717823437
39627841591051855 -3849.2912546898774 2283.346558119982 176.21078933172714
39627865767019651 -2738.6615437719347 1548.2528466833342 172.2087451465951
39627871790041252 -4110.96968834796 2366.3580065522165 296.9061392272146
39627853683231596 -4383.503187868967 2517.893461857855 231.90159849955208
39627805356458488 -4334.815509817487 2551.4618331593315 76.74551788418424
39627853679037953 -3707.628515904598 2146.0718001742644 200.54383573717675
39627853679037722 -4297.797609481678 2488.8052152002883 232.84014506150174
39627841591051589 -4179.886505905619 2480.6465646747383 187.9471803889835
39627835568032248 -5042.557683588912 2869.2970486876757 196.15334350417695
39627835547062335 -2984.1265409725825 1780.5624938689034 127.32716542998665
39627841628800910 -4808.531731664145 2600.88017207779 217.6529474730169
39627823475854028 -4788.090121215735 2805.5222311712755 133.74378637096365
39627817461223564 -5191.847154441203 2851.876845083424 140.49304449070576
39627829536624430 -3999.4650739113254 2222.551073924606 142.26648635799904
39627847656017853 -2239.5830069027156 1244.768501064184 106.79330579436905
39627847656018220 -4981.122253643783 2766.660887993369 237.21903587852597
39627853666454844 -4568.58012587115 2725.800850851884 260.5169900688582
39627835559643334 -5224.9671192911665 3032.977281621774 213.89305073358327
39627865750244190 -5505.30339675807 3230.1694176977435 348.4854629252828
39627853679038062 -3077.013176621045 1780.6887838656144 173.59103553171178
39627811392063786 -2698.792323809334 1598.7275952135763 59.88464107473309
39627841624605197 -4814.933854499377 2639.001470592639 212.30828189675537
39627865746048690 -5361.477257505264 3181.7758225156294 358.3403601161782
39627817452833460 -3969.540574274997 2235.3861613269373 106.50531041127836
39627823471660509 -3247.0065711069933 1921.701929583102 98.41755344084069
39627853704204440 -4714.730563645234 2563.613189872402 251.4689615663198
39627835538671931 -4694.1579055499 2861.209111386841 186.59436667231583
39627859702056746 -5351.797922162868 3236.2769386825535 334.89276150821627
39627829536622118 -3592.39356469975 2005.8720455817815 130.04231195122833
39627853670647874 -4149.367194610819 2457.0973699451197 238.71696204661524
39627859718836756 -4835.1739490687105 2797.465747821293 293.84627183801973
39627823501018956 -3055.623541313718 1687.6598653110657 98.3069388080484
39627817461220093 -3391.2069482162956 1876.98212022009 90.01788911139306
39627859710444242 -4731.679816473384 2809.82623284067 278.39666096045653
39627817461219962 -4444.725413919676 2460.7021452618674 119.20802133200057
39627829498874837 -3460.3700819150104 2107.5843802621093 118.19618021625253
39627823459078860 -5468.611029438959 3320.7933311737297 172.7945998133016
39627841586858606 -3905.839148422003 2334.8398492073875 179.37573958049595
39627871777458555 -4566.801030469558 2707.3752846216926 318.453753292153
39627817427668640 -3581.0570107336994 2135.8613055408955 89.19367958196145
39627859727226576 -4172.227071098849 2360.7475442805967 244.26228394813813
39627829515652585 -3361.253865303557 1965.1451819577437 123.21974277814802
39627811413034498 -4591.137022121827 2589.1386538215443 103.47007377267316
39627871785845557 -3996.0528927950163 2330.375739529566 292.2098696481797
39627805360656842 -5456.620519270885 3156.6049926784544 85.12606169660583
39627829511455237 -3193.9637664908237 1898.592223054272 118.74386704154698
39627829545012875 -3858.1689942999137 2098.169647111885 133.7074671507073
39627859735611070 -3893.386531601829 2172.417628104551 232.41740706509236
39627835555448848 -4190.362175505997 2459.6427315988153 168.70018321251618
39627865762828432 -5576.239157704375 3165.277999923764 377.482365293142
39627835538674078 -5030.737502114419 3052.8559787607182 195.7749819556831
39627865767019146 -2926.67142368547 1656.3189259702606 185.9204078091682
39627859739805850 -4645.873910757602 2563.1934118243607 268.0581046424197
39627829524042902 -4639.487795457239 2652.42950223072 174.3972384254344
39627853662257907 -4131.202980238305 2502.4827485930496 228.42073787571888
39627847635046860 -3561.26839333309 2077.997082325447 188.0073227869773
39627817444443511 -4354.0398132126475 2507.964205278228 107.27446562840578
39627829507264025 -3965.802524745403 2367.3592107727013 143.0608829606819
39627811408841491 -3095.604733550706 1759.7072822121709 54.88949896319782
39627829528233124 -3998.6274665097035 2280.0689910554224 133.9482871833378
39627817444443352 -4080.6276244294068 2351.1525279367333 100.49039822578732
39627847626653847 -4674.22268646475 2808.0780749147407 246.1149210767573
39627859735613696 -2576.46497026706 1429.260452712281 149.09323824819433
39627817427667388 -2999.7546286644133 1793.4714922719916 74.00004373111585
39627835568031090 -5022.833343279598 2863.5971197566228 199.6730341481862
39627805364848346 -4236.949436691878 2438.293617145195 68.58397683059388
39627817436055669 -4790.354214502051 2811.4067359242467 110.05379841601273
39627853687426124 -3406.6424206344386 1936.6618227306453 188.80234601165805
39627841582663566 -3900.1150567655927 2357.6450974052696 176.74525645221576
39627841582662315 -5897.0387593595515 3573.4418200656787 263.73551969040426
39627859731418248 -4928.937315222614 2771.1900078010303 292.357433996048
39627835568031603 -2732.6264637204386 1556.4909694547086 113.19672167915259
39627859731418847 -2188.434885046437 1228.765131905885 129.2342429710282
39627841624605530 -3928.4032265793876 2151.7160141003224 166.79935593363166
39627859731418928 -4031.952012252654 2263.512352792454 238.12093641205112
39627811408843658 -4922.9834779529465 2785.737975506379 98.87995549969554
39627853683229764 -3772.6586489120546 2174.175710824553 204.46783989638718
39627871794235365 -3120.9611755842193 1779.9272925409537 223.84096301754587
39627871794235260 -5128.667904891445 2925.5849404815935 369.9417852898737
39627847622462115 -4083.8864812940005 2464.277430246408 200.01265852145585
39627859735613817 -5822.8951974697875 3229.3621838696804 341.27087961824355
39627841578472504 -2826.668266585065 1716.1620018039782 125.9848368138326
39627847622462431 -4165.158016610381 2511.661329731379 206.44170291053814
39627853700010256 -5736.214962167028 3153.155965914631 301.13119304238563
39627829503069563 -5103.514628446607 3077.359290684953 170.80390665589002
39627823480050170 -3435.48627310123 1984.3715067802516 104.52035336941877
39627829503070538 -3245.5192170547202 1952.9998236294475 119.68055323815834
39627829503070410 -3904.688363563837 2350.2467685000147 145.34894772239272
39627865754439442 -4718.225970942575 2737.3105080213168 307.08291993792255
39627841620411922 -5775.193966245753 3191.5741431904235 256.38628579817083
39627871785847369 -5514.6143275552395 3204.0145858292512 388.1604057576302
39627817431863381 -4148.323364579566 2449.4118508485276 114.80377981030196
39627853679035570 -3457.293120992814 2010.8781973159357 191.6009188531216
39627823496825561 -3854.883239338557 2147.715872324641 113.27593019316608
39627829524041367 -4631.589007067983 2654.4852620048923 155.56803985661398
39627823471659219 -4679.116407680717 2774.977344984878 150.10572220465087
39627853691621730 -4782.641627113733 2683.286351332947 251.86330495250272
39627841620415061 -3167.7783180466135 1740.8297555850725 141.2755495036354
39627853687425690 -5217.9276400322315 2968.7950925069104 291.421223444224
39627817452831543 -5198.847025901588 2937.4917590417776 131.0827565366932
39627805364850625 -3805.669251810537 2181.3668610478994 56.97106450845938
39627865754438436 -5037.496620036512 2928.0186077026647 337.7657215617471
39627853695814299 -2154.9476414762594 1200.035216787873 114.2152114963145
39627823471658059 -5305.54466469399 3151.8154193712494 154.22626211867913
39627805360653076 -3543.212168886774 2063.6474711210476 62.620703487247354
39627859723030370 -3846.9808432110262 2207.828389003273 226.95525540738652
39627817423475367 -4694.977806467774 2821.988073605352 123.88174542585638
39627865746050676 -2850.93946267519 1684.4230457607384 188.76149867715557
39627841624605771 -3746.379700875216 2051.159245541344 172.60013049869946
39627841582664114 -2325.247331490598 1403.9347624366746 108.20876241836278
39627829503066875 -4671.436140194546 2830.7912331734583 163.012496076143
39627859706253230 -2530.2086724821775 1507.1049576158512 157.43249794829947
39627859718837566 -4451.612478883585 2572.0958964242927 276.15178080310335
39627835555447196 -4360.449268463075 2566.6095352040306 185.54490961701572
39627847635046271 -3929.8372863473055 2296.080997662462 204.93577605108095
39627847622460043 -5287.887191883212 3204.491098261892 269.6334581631516
39627835568030520 -5332.986041880617 3043.6544746487457 215.99020835506767
39627847622460186 -4514.567925586528 2735.1323733970007 230.15565265363887
39627853662257476 -3244.025096484023 1966.9509136972076 178.81298056199634
39627805360653608 -4179.916554171619 2432.0076510473236 70.16046349144173
