create_files/QSO_19_clustering_data.ecsv
# %ECSV 1.0
# ---
# datatype:
# - {name: TARGETID, datatype: int64}
# - {name: X, unit: Mpc, datatype: float64}
# - {name: Y, unit: Mpc, datatype: float64}
# - {name: Z, unit: Mpc, datatype: float64}
# schema: astropy-2.0
TARGETID X Y Z
[from data line 1694]
39633114162529568 -1692.2873627545805 -2454.80689103349 2674.7583859614588
39633109666237146 -2338.357166383485 -3558.716372374621 3811.513910340211
39633140867663692 -1760.880471815759 -2842.4736572617003 3183.6949339741277
39633114162530124 -1654.9403042063182 -2404.762445173955 2627.450471619673
39633166863958453 -1781.9904722709937 -2612.530857764378 3174.947885690449
39633158286609319 -2229.176236728791 -3565.839541575399 4118.481881652681
39633153962279526 -2042.011339010326 -3249.033079167867 3751.10629351516
39633166868154046 -2496.8365778041857 -3724.7832457995587 4491.940529206387
39633140867664327 -2050.614892594923 -3317.6826194708815 3700.1932772521673
39633153962281107 -2005.6759048195418 -3207.8476391428385 3673.2196893577257
39633166855572685 -2167.875372361805 -3124.620744502908 3786.5994302573936
39633153916144370 -1153.0668881799704 -1598.8231139505071 1915.175487645821
39633153966474926 -2111.068770507464 -3414.300715749102 3896.2865594704203
39633166872349739 -1962.356118891414 -2988.5497889836015 3564.019260183757
39633153966473472 -1922.2336098815115 -3095.5229839550075 3541.9020448116903
39633158286607678 -2085.794212605176 -3315.3390515834562 3860.83725978322
39633153966473486 -2469.8008272760158 -3977.4552854409117 4548.504711012948
39633166855570899 -1319.762653356999 -1890.7405039700086 2305.0367392883436
39633140842499560 -1271.2721690562507 -1907.3611855260663 2175.0643109070743
39633153916143430 -1851.181897251092 -2559.296564794014 3074.685182648984
39633136413312585 -2571.747738866287 -3524.210567672006 4111.550236180265
39633136413312471 -2261.7751788781206 -3098.103994144022 3623.4040818586654
39633140850888025 -1864.8975483147524 -2868.480253789502 3255.1851486137343
39633153962280551 -1556.0898197507393 -2484.255860414445 2864.845438940507
39633153962281300 -1901.2989158776645 -3042.7317015861577 3490.751207705127
39633109649457771 -1936.9663343558889 -2782.414063762334 3038.4529071736447
39633109653655145 -1800.5668603440793 -2642.5024786123345 2858.77949406802
39633114154142632 -1978.5057909545458 -2817.845572865491 3099.7244422556128
39633114154142816 -2815.564483159394 -4013.0434427759665 4409.558125993197
39633140842496448 -1376.943535715436 -2043.8727545410113 2340.811676734524
39633114162532012 -2328.585774381327 -3404.329866278839 3703.809023063338
39633158290801147 -1412.9307295647739 -2267.0631971728885 2614.0735576945603
39633153962281360 -1453.3301358845767 -2326.22874867638 2682.596801586162
39633166872349364 -1796.8909692470256 -2732.275686894265 3269.4952727097925
39633140871856464 -1586.4342712946127 -2580.7012119533338 2870.4450836189035
39633166876541398 -2281.2607498560055 -3481.319373844766 4144.979171703453
39633166859763946 -1804.399474061751 -2608.26953756108 3163.3254306261865
39633166855572941 -1630.055664517619 -2351.4773435939087 2852.2795853890743
39633145225546944 -2431.0990557222194 -3626.216694647119 4162.229260267956
39633149566650988 -2296.0742223904294 -3149.6090424738004 3769.311133313138
39633140813137838 -2211.912966505383 -3020.354976652026 3556.0743496155196
39633153916144150 -1870.2436784900876 -2591.6833154438914 3126.012065418203
39633118642047151 -1601.4933046652732 -2236.0385456683193 2504.225106616197
39633114154143019 -2082.135615533467 -2970.014741545284 3273.4374020511677
39633114187696232 -1291.169362568508 -2025.2023395521906 2166.9627411696642
39633114162529155 -1399.904644530078 -2027.8380236650137 2211.002581119706
39633114162530882 -1570.5939451096813 -2287.6024016255187 2489.507556230664
39633123159313153 -2165.906838480651 -3476.5890906063273 3761.416096969
39633109670429569 -1929.95787684203 -2953.524201533917 3158.100846479434
39633118688182633 -1702.3815676161169 -2712.9820312072916 2917.643556108733
39633127613663507 -2128.359936125267 -3439.459664005129 3740.837284412702
39633140867665080 -2503.52416771777 -4061.40713815771 4546.227414635194
