create_files/QSO_3_clustering_data.ecsv
# %ECSV 1.0
# ---
# datatype:
# - {name: TARGETID, datatype: int64}
# - {name: X, unit: Mpc, datatype: float64}
# - {name: Y, unit: Mpc, datatype: float64}
# - {name: Z, unit: Mpc, datatype: float64}
# schema: astropy-2.0
TARGETID X Y Z
[from data line 1704]
39633390181286804 -2097.9779978117676 -394.9946007814034 3737.7231800056556
39633393188604516 -2062.8456051252797 -438.1661773339254 3733.1896769753885
39633393188604602 -2422.57803686919 -515.1356652045042 4383.779627175163
39633393188604032 -2172.6366420989843 -458.48807869988167 3930.4967626278317
39633396166560577 -2855.32508502178 -614.6165181465758 5189.055735743657
39633396170753513 -2239.0057566691426 -493.92072959254176 4088.125613345745
39633393192796502 -2006.3002492374005 -433.05924006891996 3645.569791448091
39633396170753216 -1846.2352976956192 -405.5377956028097 3368.760008511581
39633393188604129 -2169.801235231744 -458.52805023318376 3923.353661838174
39633399085795002 -2486.820936735557 -323.32298404806056 4505.478125685941
39633393188605079 -1845.8402193210954 -394.8147443291084 3342.2906629922763
39633393188603949 -1824.0079172738772 -384.38533140074253 3287.1291455840696
39633402063750544 -1660.378686942859 -387.51200119045495 3104.49370399225
39633396170753809 -2110.1079817974673 -467.43939371777844 3853.6416833294106
39633396170753552 -2754.158332316219 -607.8843707874238 5025.782689500522
39633399131931316 -2097.321696522531 -481.08587377161956 3888.2495063658776
39633399131931290 -2380.1467212332313 -545.7374839716505 4403.682934882843
39633393188605068 -2549.6914960700574 -545.2801296429935 4605.51911701181
39633413556143897 -2586.924854419821 -602.6884524715786 5033.868381327906
39633393188605252 -2039.4344908844896 -437.24324303652975 3684.0431024785753
39633393192797824 -2875.4083312257044 -630.2554906870582 5222.220363350117
39633390189675981 -1717.0351526656848 -357.4142344927224 3084.1603830714566
39633390181287830 -2448.634099281016 -468.049228403196 4350.254308683806
39633410716600983 -2735.2161148583264 -637.3357172807987 5307.318391939762
39633396141392608 -2681.236157415331 -412.3185258221922 4835.690147726025
39633407826724007 -3019.2076550818606 -510.65389062178 5707.614732786853
39633424662661070 -1600.7487723610216 -304.77555885572554 3227.826680994526
39633424658467543 -1848.3330260144803 -337.27481892113207 3735.250008350795
39633407851891608 -2275.622893549693 -528.6816978524853 4349.327597654394
39633407856084785 -2390.3498322305545 -568.7753147843137 4550.800469346237
39633407856084937 -2829.24318980768 -674.7214680027106 5389.409435910691
39633416370521095 -1768.5003806453176 -412.527944251604 3485.865569257692
39633419159732723 -1830.3662716260314 -407.74749168803663 3629.2219794334737
39633407856084060 -2022.2571890542845 -477.2695034643511 3849.3492927564857
39633413556143903 -2429.821017249001 -566.159334345949 4763.661306895464
39633419159732331 -1583.6129129309827 -350.6427428649456 3156.7207042045534
39633419155541315 -2881.0628623652387 -634.8316604757829 5750.895976214558
39633407856084541 -2970.22999791485 -704.5665944022526 5660.623686304334
39633407826725589 -2129.9882273834833 -368.9888488242607 4012.326178106259
39633407826725642 -2228.177669023083 -386.268377487813 4206.05819328329
39633393159244390 -2427.3402698830764 -358.06226241986604 4331.436612215543
39633407826725590 -1871.9544617975735 -324.29880152012953 3532.9078672012693
39633393184411134 -2640.026227395512 -542.0959573916294 4752.931412068286
39633390185483016 -2570.1119434626194 -521.0813757930649 4611.328664781023
39633390181288736 -1790.1377428700232 -346.70972303655947 3199.622996171522
39633396170754700 -1661.8064974766921 -372.6185422268026 3045.141352864453
39633410720792774 -2792.4794257454705 -658.1699070143778 5394.245825501491
39633404970404519 -2552.536150846912 -610.5282544300743 4850.890205822905
39633416370521507 -1368.1400863909603 -320.9289919252689 2692.208160083104
39633421927975582 -1812.6787824379398 -402.20225767607997 3626.320328937088
39633402063751406 -1317.2802414883406 -310.5979528341826 2471.1818423087543
39633402063750811 -2131.3463155691015 -499.1647345982004 3999.447551109006
39633402063751494 -3051.498842482389 -720.3097470229493 5716.860971889309
39633413556144011 -2554.5874897429762 -596.1426164409777 4973.494498701361
39633410720793304 -1734.085136155045 -411.2472343944306 3353.623657850177
39633390181288456 -2303.9082028420353 -444.5867592219969 4103.020640497364
39633402063750670 -1076.355409087868 -251.63450480029664 2005.7857576324263
39633402063751253 -2800.609023208602 -659.0618039766706 5245.621580705336
39633410720793294 -1490.0663464926781 -353.3371702547523 2880.4122773832773
39633390181288613 -2263.184003010451 -437.6183695197686 4029.8489293736734
39633396170754550 -2761.9760736667263 -618.2031510522024 5046.353464491977
39633419113597919 -2588.7595445030233 -314.7957564501577 5075.473246360111
39633404915877306 -2216.6941394385076 -250.39759627026498 4128.797884396139
39633416320190945 -1874.8292850188145 -222.14936565687466 3635.4929310003313
39633424641688178 -1956.4726961717051 -269.15161133458855 3898.161884387178
39633424671047761 -1810.5967973406634 -371.7578725004686 3659.217390399712
39633424645884513 -2897.078151077219 -442.2394030447423 5839.52450938891
39633424666856414 -2769.754402010932 -564.7467118317677 5601.510303634846
39633413505811455 -1057.4299803531205 -121.12064426868365 2019.233781740208
39633413505811677 -1732.7459463503133 -199.43550209613338 3308.5477398127146
39633416320191148 -1484.6405812115809 -176.62221010931833 2880.0664586875405
39633410712404245 -3007.881094283799 -651.4825523960241 5794.512292553188
39633402055362160 -3188.453578996207 -684.8989247746459 5917.107010147459
39633416366328587 -2008.9144155199722 -459.6143958550809 3943.748243172291
39633407851890264 -2314.846608674557 -528.7637843503169 4418.338073380748
39633410670463215 -2264.1527313024803 -284.94301088645983 4294.787426298927
39633416328579177 -2122.183866971131 -292.6798842256125 4126.629748318528
39633393159244237 -3278.4880356248946 -482.65094131388463 5856.349005878589
39633396133004080 -1901.280981884794 -258.4877513939545 3433.3481816876647
39633416328579330 -2123.6840099280726 -293.6600882612525 4135.568689036738
39633407801559477 -2237.8814391843466 -260.74552548892365 4190.483489341281
39633404924265540 -1387.2073757046326 -181.08202866601047 2573.8075234761072
39633399123544627 -2703.9768237394987 -584.8886805559855 5016.64067392227
39633393159244871 -2621.257903098316 -389.0728782366027 4683.210849821527
39633393159245022 -2853.906783713347 -424.4891401389722 5098.7573963718405
39633416357939890 -2110.9964179340923 -442.50204385898655 4138.842439005881
39633407801560692 -1757.8933830165054 -210.09099526087994 3287.040712904002
39633390168704099 -1687.8354898420603 -273.0196626580458 3003.694764423374
39633407830919269 -2784.9665092712216 -503.5453791762471 5265.384882379883
39633390168705551 -1688.5359899648754 -280.50502960081974 3004.0686455095333
39633427376375971 -2052.7459012858412 -355.15831679054406 4171.303793309565
39633416324384048 -2341.2355032409714 -294.44931374646075 4542.491541134889
39633410695629477 -2820.3019270888117 -522.5792324769624 5383.379510060127
39633410695629531 -2459.8220318712943 -456.29709348720513 4695.202679846296
39633410695629442 -3126.012487099035 -578.8523788233383 5978.710218597837
39633421919585042 -1304.970178453339 -255.58891011793864 2619.019638063879
39633421919586620 -2723.616566583789 -545.3643467469047 5461.5202385767525
39633399102572235 -2852.3310422901304 -475.04314962358285 5242.876898372865
39633407851890192 -2292.6925253290533 -523.2243410120345 4379.973623328316
39633421898615742 -2634.159595940635 -401.0498062524125 5252.36933086153
39633427376376691 -2410.9210937673693 -422.72233914611235 4885.354272808801
39633424641688768 -2466.7189918412946 -343.41910701551427 4930.745404439793
39633427380569518 -2575.931340955188 -465.29728226844685 5224.246348782468
39633424650076739 -2655.1807018211634 -416.1321041885014 5348.919197803784
39633404915878297 -2242.985449507118 -257.916338259097 4177.858034359204
39633396133003790 -2194.2264384778314 -296.79772394911265 3942.501990012929
39633424658465786 -2256.494301406412 -401.4003116043355 4566.894651891543
39633427376376130 -2449.3242853856846 -425.00622765103964 4962.315006222709
39633410666268085 -2530.6880270772212 -291.58172226582803 4791.964839420876
39633424650076973 -2388.9658583701193 -375.5587365819939 4800.71528101501
39633416324382763 -2707.0752491117237 -332.727335183342 5246.20334521453
39633421890225059 -2448.1314653179393 -312.7437422738418 4826.2862734218
39633410666268921 -2665.0770611145804 -312.8745733400473 5030.358528033474
39633396128812418 -2627.1585696657426 -350.6595742598486 4734.17198940599
39633424641688123 -1686.1753319774432 -231.7512785060289 3362.85018735887
39633421890226353 -2709.961390277929 -357.728129518479 5380.07872837817
39633396128811108 -2745.3001424516515 -357.4618833117766 4934.967499112267
39633416324382909 -1883.8349662931378 -232.09159415787147 3651.8933631422324
39633402009225900 -2459.610891565742 -283.6450513766903 4532.033234576765
39633407830917916 -2761.0972629572507 -489.68849463435185 5235.363616403404
39633396128810084 -2965.8134711737152 -378.7602652386016 5334.593960215947
39633387148806831 -2174.2448448328646 -378.5015293702451 3837.0543793802617
39633390185481564 -3061.1495350224236 -608.0045475619789 5478.16276487232
39633404945236723 -2465.781383018549 -434.22260434867286 4615.1431880659175
39633396158169381 -1880.4898439344322 -355.9237088007251 3421.8718818637517
39633413547755747 -2643.561739820589 -571.1596925971124 5160.200277407676
39633413539368426 -2775.160553860138 -549.8922374558373 5354.924953990686
39633410716600751 -2274.230286871152 -528.6687241959312 4373.382836522013
39633407826725814 -2741.597544975738 -476.5328137284891 5196.9605633364745
39633410678852465 -2774.296573484441 -409.07378710470834 5249.988382429464
39633413556143537 -2574.9122542256846 -596.7649588927122 5044.153623004135
39633419155540853 -2002.6943720170716 -438.5975375165152 3979.5796133151694
39633399131931154 -2080.8947010578877 -476.3697775455867 3862.681083080745
39633399127738595 -2790.8790979283704 -628.0089187295894 5150.2619385485195
39633387148805711 -3119.394058042425 -533.2242655707196 5504.365152683322
39633402059558362 -2440.7033751472886 -559.9828484807915 4552.263191172479
39633393188601952 -2140.841435853914 -440.91314571882924 3849.8018828713525
39633390160318157 -2484.6566745558257 -371.751461328388 4409.030850416936
39633393159243490 -1437.2394539759523 -209.68349713011702 2556.718889777695
39633390177094268 -1241.4216944620523 -227.71171748802598 2197.4982668578605
39633390172898013 -1818.8747118091362 -308.6771474532987 3215.842424846747
39633390177093842 -3079.1863951728633 -561.8780101825455 5453.028835269137
39633393159242359 -2864.0516622172254 -411.1198423493264 5089.20165993153
39633387152998658 -2600.194512668621 -457.79912288482734 4593.86942104052
39633390177091727 -1962.1291605298322 -347.5572990758048 3471.099031066337
39633390177093183 -2413.5113688549845 -436.4270614037811 4271.587999564329
39633396128810712 -3249.312852932098 -419.6710449728987 5868.2689897725395
39633393159242210 -2379.362081583261 -340.6472251002142 4236.707115232369
39633393159243124 -2032.146818700291 -295.0361279577311 3614.088605469611
39633390189676157 -1455.2329074902389 -303.5483895804123 2613.536492097934
39633399131930756 -2335.6422338277257 -532.2333249228608 4310.0571486407025
39633399131930768 -2747.077046168994 -626.0740620394989 5079.1545577005345
39633390164511469 -2186.5616307466075 -341.9019071649988 3877.5362959005074
39633419163927273 -1703.6145828902506 -396.8444208455073 3379.7155616554915
39633413556145107 -2079.0066472559383 -492.13665561583167 4040.539964506692
39633424666853435 -2702.587894331317 -527.6880344138239 5446.030875876824
39633421927975876 -2508.6218445563263 -558.9768224076905 5034.717019269979
39633413560336641 -1339.0164214588615 -318.73369002907907 2627.7322825203987
39633427384763108 -1675.299801159409 -316.3865418998405 3404.894052621459
39633427384763248 -1877.7804462825652 -355.3862447411953 3817.0492556973363
39633424671050837 -1708.2157791789575 -365.7103419771287 3453.4162162140815
39633424662659825 -1742.3279643737799 -325.98545799693517 3534.5612860217216
39633421927974563 -1749.7522092021877 -382.5245891051739 3527.909564945532
39633427380571679 -2096.1691634335425 -389.80205702760486 4268.106639155062
39633413551950828 -2440.6232394931694 -554.2548730549659 4757.151996092052
39633427380569814 -1197.7731480960142 -217.38952433826486 2430.932545343064
39633427376374881 -2654.715806478383 -450.9383000227025 5379.991883300803
39633421932167229 -1665.8393062979897 -372.07997327595 3342.1136761559333
39633396170754665 -2269.0924534300293 -508.55471043594713 4172.52871823015
39633416370521500 -1943.6255203382498 -455.89225776587017 3843.6034721647825
39633407856084453 -2995.3591468996187 -709.898310186589 5726.721992854605
39633424671050809 -2705.409193634755 -578.9537267266206 5466.2356086403315
39633427380571928 -2476.67235658351 -462.04421863032 5028.373752232011
39633424671050635 -2643.8920682202042 -564.2047877503439 5342.78523950027
39633424662661648 -2844.3646122662326 -546.5056428386463 5730.337291361449
39633427372181401 -1403.3391098934194 -228.45675669731114 2847.532257860363
39633424641688896 -2802.3648148916736 -391.14561054600335 5616.242401230551
39633424645881918 -2122.5778259618687 -309.1295052502528 4269.161275568308
39633427372180343 -2528.2283153443072 -403.84224963130004 5133.4145036091095
39633424666856588 -2634.3972008687674 -538.3637723648512 5317.070497190627
39633424671048705 -1269.860159068269 -264.3197930543596 2568.4752293363613
39633410695627954 -2308.0423181183537 -417.26190489412636 4388.398185196585
39633421890225820 -1633.9788632760917 -212.96193256832768 3237.1412132891937
39633413505812237 -1172.8094229756578 -136.4321204236984 2235.072476590504
39633413505811505 -2048.416259125828 -234.8807417588702 3908.2420462059126
39633413505811759 -2187.074598684865 -252.10430320366353 4174.652154680907
39633387148804966 -2600.104655673802 -438.64892700270264 4587.668052407868
39633390160317454 -2994.14050771374 -443.52257698037755 5302.563315542756
39633393150856146 -2885.488538433916 -380.49650636298804 5165.496246356048
39633396124617703 -1572.9398089372594 -193.5129187124693 2841.871958543205
39633393150856654 -2969.0255067787584 -394.80719897306045 5312.898749280535
39633393150856686 -2515.047205198984 -334.6006410033162 4498.4350875328
39633399127738700 -2964.7362295246444 -667.9384934953484 5476.728360459329
39633387148806482 -2222.958977835279 -385.13017827009975 3926.168460053312
39633407856085404 -3161.813210062988 -758.2787795971637 6035.114675577064
39633396174946434 -1439.9716667009745 -325.45808156988045 2646.4760506045486
39633413556144864 -2467.3595469622164 -581.9960999495437 4825.136657979619
39633407856085036 -2519.5302949614265 -601.6766551509235 4802.736781511859
39633419159733940 -2091.8989545154923 -473.55530750176587 4146.342124599269
39633413556145139 -2610.142479141128 -618.1390704425634 5114.94859285316
39633421932167570 -2724.796131258398 -611.7861486295274 5451.627729003929
39633404970404177 -2807.5930180699274 -668.6835117805285 5317.805854435607
39633413505812798 -2045.8528363787846 -240.72092322487217 3932.4233726138186
39633424645884562 -2440.994193890011 -372.8696124634832 4906.882297092766
39633416320190569 -2385.282120790092 -280.5891124340413 4615.51382419545
39633410666266839 -2249.728076434897 -251.76102190963178 4259.346665970974
39633407797366891 -3179.9374533228133 -350.09179587561505 5961.160636945742
39633396128810602 -2830.7798160416987 -364.76883071122154 5092.735361412192
39633402009224915 -2321.402103426356 -262.193868688557 4270.709673824204
39633390185480243 -2658.541901108791 -518.5923350880994 4725.9579842405465
39633410720792984 -1999.076385591555 -472.4831873652087 3856.0442304027283
39633396170755050 -2705.420062585986 -609.4416347668988 4943.740663706374
