create_files/QSO_6_clustering_data.ecsv
# %ECSV 1.0
# ---
# datatype:
# - {name: TARGETID, datatype: int64}
# - {name: X, unit: Mpc, datatype: float64}
# - {name: Y, unit: Mpc, datatype: float64}
# - {name: Z, unit: Mpc, datatype: float64}
# schema: astropy-2.0
TARGETID X Y Z
[from data line 847]
39633267678252165 -1497.8211862378948 -1111.4837573127372 2327.9670800346803
39633263874015940 -3235.4896743381737 -2356.995239402078 4957.981050954634
39633297344561441 -2799.5637835627617 -1926.4060222214273 4558.922286596014
39633282681276580 -2382.319842069255 -1757.600906815959 3832.0615592029753
39633271457317905 -2488.0930399721797 -1815.6816225047128 3859.2047075687515
39633282693858784 -2543.470255752879 -1955.4449017459692 4158.561923373088
39633297340369736 -2312.4293329854804 -1584.1264266126334 3757.399030777913
39633286397428959 -2377.687950059116 -1843.7394163859374 3931.0863367977654
39633267678250707 -3219.6927066715966 -2376.71185982362 4985.029972694244
39633297336174277 -2268.899470844468 -1522.2578346578123 3669.3710716011824
39633300968439856 -1939.262399609253 -1366.273340992428 3214.4599245012087
39633293729071538 -2454.4701623316614 -1841.0765694130441 4058.7288319095937
39633267653086822 -3077.306518372224 -2092.141643663185 4636.2744810090235
39633300972637202 -2648.440873172586 -1921.3359611472226 4420.43323301565
39633293733267120 -2481.6372965185806 -1900.383064668482 4154.268492980417
39633293724878452 -1972.8281413108944 -1465.1993705092277 3251.9312766864946
39633282660303368 -2049.2409410721125 -1391.44965919639 3205.2669855884205
39633286389041247 -2965.159765784733 -2239.982774805841 4862.559045630569
39633286368069455 -2673.352363054925 -1869.7912880422173 4268.585603108542
39633297369727855 -1722.0067905859507 -1302.7057241588673 2885.814554568808
39633293729071598 -2459.6570591863597 -1845.5879883456828 4067.873568388986
39633282651915270 -1992.1726186146725 -1314.6598828947892 3077.737160378395
39633282651915554 -2958.3474282010066 -1954.336774175362 4571.182983701604
39633300981024664 -2528.166552551512 -1880.7094062897336 4254.20322978953
39633286368069552 -2749.5514467326057 -1923.8491407668594 4367.241132237045
39633286363873575 -1969.126261590667 -1348.0469348748456 3106.545971527509
39633275194445074 -2542.9134136402267 -1726.639417740682 3885.2876804375846
39633282664499002 -2516.778868723061 -1744.2651771053113 3939.9669609001257
39633282698052421 -2591.4016289807705 -2016.0862657780508 4225.763972745611
39633297369728102 -2001.4578197484218 -1515.67342881546 3356.095388121409
39633293733268360 -2033.2212496278964 -1564.6646708139212 3393.826079285287
39633300989412523 -1322.8296305140843 -1011.1002419766588 2244.5943385163455
39633300972636793 -2468.0565654115694 -1787.226511847313 4120.466855200359
39633275215415264 -1498.9144818326222 -1092.8640673833086 2356.9244764883547
39633286393233827 -3104.8027159613675 -2363.340691700325 5097.4055631712945
39633290046474701 -2667.8991203721775 -1855.9871492883583 4266.140790579035
39633304554571889 -2680.9374073721197 -1833.9587479497054 4412.277174967422
39633300968440849 -2578.0148841867713 -1824.5616196730423 4265.557528465189
39633275215415484 -1556.6451213226592 -1136.248291247543 2447.080194561953
39633282656110448 -2719.9472934919622 -1829.4476862141446 4244.654819777104
39633293708101470 -2887.9213049486607 -2020.0394063144201 4689.6042560262895
39633275227997684 -1932.1687945874066 -1467.7846050721805 3070.6440491196927
39633293712297098 -2343.0881769076877 -1674.7649781796606 3829.1340829103187
39633271440543523 -2837.3846696507253 -1970.8928525879594 4350.429012834823
39633293708101449 -2541.9103711417265 -1777.88040208269 4121.604146257834
39633297352950503 -2109.0325603224846 -1500.1798066502083 3457.120427612774
39633286389039584 -1504.344987622997 -1128.4461295577494 2456.0019069892764
39633293708101671 -2406.860553595411 -1684.960330422959 3901.6625053920147
39633271436346774 -1819.4263552496764 -1233.6599349447265 2764.89422086638
39633293708101943 -2337.4593573158145 -1638.125479572627 3789.220956748283
39633267678252462 -1682.7749848151525 -1250.0364383214787 2614.126321154768
39633290075832522 -1164.8068354532054 -891.274633995066 1928.8344860414536
39633278956734533 -3023.111012308667 -2215.179950366445 4814.756963688321
39633286363876053 -2735.6813495629335 -1892.5898894778172 4352.850028669572
39633297369728091 -2036.3291278440995 -1541.9915341024391 3411.004652984727
39633297369728211 -3025.810959936155 -2292.376836305418 5070.159791903745
39633290071640199 -2460.912788538879 -1870.762790880824 4068.116981355592
39633278960929681 -2904.624053681989 -2169.3966885344835 4650.765664762169
39633278931569960 -2578.0721899982245 -1735.6994193794035 3965.9350507917684
39633293724878424 -3089.92183685894 -2294.6483573735454 5125.19896044377
39633308136506034 -3300.283756565384 -2294.970539791714 5517.160853244853
39633293729071437 -2132.39641001424 -1598.7461656555968 3525.5152944484425
39633293716491270 -1604.8723341771722 -1163.4643598389266 2636.312943691259
39633293691323956 -1465.7851700542446 -962.6442765561709 2324.097904312173
39633293737460977 -2805.124673243148 -2176.945069639941 4692.933588884717
39633293737460104 -2180.1441926091557 -1685.30237625792 3669.6090113642304
39633278969317852 -1871.8243335806467 -1435.2966594702696 3005.559821578397
39633278973509915 -1211.7199491679085 -934.6359241271741 1953.9092069817798
39633282689664850 -2745.0251753451134 -2080.21814061172 4433.8251527356
39633286359679296 -2617.6198355527777 -1764.4988539205663 4109.371022718343
39633293712296738 -2089.567485689113 -1491.1162263447513 3407.755247733648
39633293720682835 -2236.4238072628355 -1627.163154191848 3680.1198138733344
39633290075834533 -2059.853706401938 -1590.7880210511757 3412.719996330143
39633286359679094 -3060.083952602617 -2061.2289053485433 4801.5901765145745
39633297331980861 -1794.7192527337843 -1190.5499084135015 2872.6272379326992
39633271469901110 -1502.0577353978883 -1146.3312976455006 2379.8030718699156
39633297336175191 -2482.338800281959 -1671.7210265911292 4020.213249989037
39633293708101351 -1992.2950175928463 -1392.9281109677222 3225.6646837338344
39633300989412202 -2835.8786310169526 -2164.6703262543233 4801.577881751009
39633297369730203 -2821.404718980494 -2156.2516255098853 4776.950737955859
39633271469900871 -3182.6077044338977 -2426.2962108447205 5043.867486734526
39633304583930346 -2301.376404701606 -1738.5265302707828 3935.784817534507
39633271444735282 -2632.020720892474 -1837.6754294013047 4027.4226506491623
39633304571349111 -2990.5056523023018 -2176.580455013553 5061.241541437801
39633293695517790 -2205.9829744871395 -1468.6697511146772 3526.21871350097
39633271440542010 -2797.131335713269 -1933.2512251741077 4276.155229501787
39633282660305215 -3070.406445949304 -2098.1374284052044 4803.619653270492
39633290067445036 -1951.712223674208 -1456.7112793581216 3214.6503326187794
39633267674056935 -1687.1083598083262 -1231.6442469442054 2612.1285356962157
39633297373921815 -2321.3040396742003 -1779.678362125778 3918.0946026897204
39633290071641133 -2675.581306536928 -2042.620657060192 4431.651064019513
39633308144897178 -1730.0774599189408 -1255.5575899603393 2930.7118666774986
39633304571349462 -1763.183197367523 -1285.1931654949735 2980.792010831574
39633282664500416 -1777.3801390339695 -1239.0401585329362 2792.0548287621577
39633278948344187 -2087.8937582835574 -1474.2673159263502 3263.1468273240876
39633290071641213 -2196.6104890116617 -1677.6374815943057 3638.6586063260925
39633286397430018 -2635.471047782992 -2053.329885636577 4336.426149775055
39633275232193144 -2365.3780235037643 -1832.761760921288 3810.974406677322
39633300955859391 -2065.803094362825 -1403.6668605480913 3383.6508183728765
39633278939957685 -2427.880318396612 -1677.7259535267372 3762.7315822474293
39633282664500878 -3418.3142376883116 -2388.2782706852863 5396.221688965025
39633293724880054 -2664.9817405813146 -1991.8309612521216 4434.953734778969
39633271444735973 -3100.669200096771 -2170.631963486903 4752.546483580891
39633293699713426 -1965.433555372913 -1335.7687437484387 3151.7353029903297
39633267669863279 -1983.7851143694816 -1430.3600430757813 3059.606808415686
39633293695518739 -2549.9525968759235 -1704.5812635123452 4055.6442069527834
39633278944150755 -2554.77119080158 -1783.4052414529492 3975.0359889033443
39633297365532793 -2149.827124303797 -1596.2457756480053 3576.143532861657
39633297357144299 -2572.250922490981 -1853.387089092735 4264.906742225541
39633290042280300 -2627.9316488617173 -1799.195405380813 4172.76492310959
39633300960053835 -2799.0266779216004 -1932.7235610438502 4582.69242527689
39633275227999494 -2852.807052002289 -2183.643318161828 4547.437272193215
39633271453123706 -2225.750366377962 -1601.1876938453372 3445.5802645336453
39633290063251051 -1340.0801675705166 -986.8402831147246 2198.1887762563883
39633278939955358 -1912.243306406623 -1309.1761411110322 2964.9890027129063
39633278939957830 -2612.1572786316983 -1806.2143665708502 4047.572693985079
39633286368070578 -2373.9870652122445 -1668.1306772796024 3777.480885502753
39633308144895777 -1645.1815930940018 -1186.567799081444 2787.020954920919
39633286393234259 -2697.981401943621 -2057.6345249329934 4418.843994678983
39633271436345516 -1952.5410266916613 -1317.7922451010138 2972.051464894968
39633297348757126 -3108.0997063681834 -2187.504310307843 5066.943529126878
39633267686638445 -3079.5497216894128 -2332.470983153785 4832.991590482029
39633271469901634 -2068.0830997805438 -1582.0061394716297 3266.1608130203767
39633267686639065 -2634.20461006665 -1999.7245734108524 4133.636055349463
39633286397429439 -2297.5892108375992 -1785.9212066763716 3809.020115632462
39633286372263787 -1912.7093501756392 -1358.9155793753605 3066.022886637893
39633286393235295 -2364.5362483096155 -1811.3833519309283 3897.4872008945467
39633275227998730 -2939.7784675593152 -2243.4518735275437 4688.115928586783
39633286372263955 -3015.248206047792 -2143.6854349877217 4831.336442304215
39633293699713258 -2528.481890012794 -1717.2205990041634 4052.1557433252856
39633300955860186 -2613.6485358817195 -1781.9257072677776 4282.480228740582
39633267678249411 -1627.8026404689722 -1194.888690454828 2505.934489883297
39633263874016125 -2919.5255478931417 -2128.6043734086616 4470.0886749305755
39633286397429778 -2639.5229148648277 -2054.574865390177 4376.761364046386
39633300989412230 -1982.4245109398123 -1513.4161115917757 3364.501185724598
39633278973512471 -2589.842414993684 -2017.672403002338 4193.801989403758
39633290054862279 -2466.4187657883954 -1761.1329704858267 3997.48591746756
39633293712297231 -1531.9939340912367 -1095.6529420960806 2502.7587047107572
39633290071639090 -1894.1525129012812 -1433.1401562844458 3121.4994192552313
39633290050668403 -2379.2672874635036 -1676.3049972271829 3816.518222606702
39633286372263083 -2213.075939682994 -1567.8300224957945 3538.646342928295
39633297348756488 -2981.1660479245343 -2090.826329821129 4868.569715209017
39633275202833552 -1943.0956686746667 -1359.334215730944 3018.974580380777
39633286347098896 -2644.1721115503187 -1719.6411423562495 4124.518622291868
39633275227999414 -3086.852882949225 -2361.9869531169875 4929.368146911622
39633286372264230 -1682.695561391393 -1197.3798132843394 2701.957777691002
39633263874016979 -2036.5747280604674 -1490.0059403509042 3122.0752363363463
39633290080027689 -2240.2048635749043 -1745.2299854142136 3717.900012126147
39633286372264034 -2542.407162255239 -1807.9638102973602 4081.0178126328815
39633290080027928 -2262.763854965213 -1764.8997896599842 3759.076746010486
39633271469902108 -2890.0611289692183 -2216.041820312732 4583.769651703564
39633300968442753 -1922.6011381521985 -1372.1072875422083 3189.123361429072
39633297369729546 -2031.4114526378428 -1547.581261403144 3415.81881446284
39633300968442717 -2954.132812887303 -2107.9845161524872 4899.828957731875
39633286372265208 -2880.310016984069 -2057.0739801322957 4610.329967035985
39633300981023221 -2120.8618864281934 -1567.8892905683936 3568.0104687350213
39633286359681979 -2036.1740038151383 -1388.6716192780752 3209.0367763224403
39633300989412308 -2050.7404209400506 -1565.993690564038 3492.7495377324594
39633286372262235 -2773.419589853968 -1958.0907661341046 4413.612581353479
39633297373922995 -2347.5967060427656 -1807.8765435007615 3962.077312382908
39633304575542311 -1804.3463761535927 -1325.316219242585 3053.339605639275
39633300989412512 -2201.41891322187 -1682.5425816816257 3745.285574257736
39633275202832495 -2196.530924114537 -1530.2273779588568 3405.634948408904
39633300989412535 -2508.512638966793 -1917.5346826424561 4262.849401253941
39633293733267372 -1360.6464136535012 -1042.984511781482 2264.825786990473
39633282698053837 -2665.4205423735934 -2086.234878646768 4352.964344799487
39633282698054855 -2071.8877987094365 -1628.3472309745723 3417.7752671931707
39633300989412732 -1997.6694751825048 -1528.4669128733767 3406.1519464190883
39633293733266835 -1981.1462938589993 -1515.4583859492948 3322.014116676446
39633293737462443 -2642.557176422122 -2064.7887570535427 4431.306461117277
39633282698054461 -3278.3056004588725 -2572.17663911413 5369.668417672817
39633308149088668 -1299.2401270741295 -945.4791188946238 2201.6258365749754
39633300989412262 -3231.6297856083074 -2467.382340369553 5519.361860753322
39633308149089879 -2826.5711718061048 -2067.751095004385 4810.984775559801
39633286401622088 -2274.612559620463 -1780.3553215365318 3772.5948443438474
39633290080028440 -1814.9599978100332 -1418.4449721866147 3041.3162084541104
39633297373921460 -2381.157105633975 -1822.9622284363747 4013.3168132301503
39633290038086650 -1684.0972339254877 -1135.9378402518814 2670.2311996345165
39633282668692581 -1360.310232429604 -954.7432939421988 2148.480356318217
39633271436347565 -3422.7641123783947 -2328.818424039113 5192.192876170659
39633271461513472 -2050.769068489267 -1526.15565346035 3222.0721284153196
39633300968440273 -2472.8151196422336 -1745.1192771623878 4103.295527297464
39633293703907722 -2630.9901809113326 -1816.5552739823427 4248.278634222285
39633286384846432 -2077.8309121417415 -1543.2319124223004 3362.6580976957066
39633282660303923 -2355.49954915146 -1602.2182851540879 3692.8779800776974
39633278960929384 -2733.3976821066594 -2038.7293280434692 4345.10846583573
39633278969317768 -2552.5293088814074 -1956.5394720040442 4109.816724445361
39633271444737121 -1479.7203895039343 -1039.6669717416446 2270.4365803956825
39633275227997590 -2311.4062758478894 -1755.136284871092 3676.027740102097
39633275227998558 -2208.6286185686727 -1684.136015390882 3509.0717843247166
39633300955859900 -2517.6495978065363 -1714.1850468663843 4133.683270835581
39633275227998916 -2135.9475313286166 -1631.3240218396506 3402.0785200257033
39633293720684378 -1391.2687990284999 -1018.4595536638882 2289.7529855810903
39633304579737490 -2194.605765762428 -1643.4238848206105 3737.2603286887456
39633300960052866 -3220.0219853549465 -2215.3412887567238 5270.775101166058
39633267674056708 -3035.8191786224975 -2213.6669034319334 4678.410660187032
39633286363875658 -2663.7087833272176 -1839.3774362575923 4215.230224517885
39633286359679907 -3398.673296605243 -2296.7029025607826 5341.687894469359
39633293691324703 -2752.2424178489446 -1813.1369736540062 4392.9004064553155
39633282672888535 -1650.6749996569815 -1183.7997615511356 2632.8952104255955
39633293720684208 -2615.1596641737933 -1913.0728415439428 4304.872136870304
39633267674055483 -1177.909710997357 -854.0677470692025 1817.528398591728
39633290067446360 -2039.2635700804315 -1530.9046663749339 3365.3860531630658
39633275211221268 -2201.6967430208947 -1581.3625831042316 3442.2920025864864
39633293708099719 -2486.568860455726 -1726.3036603586108 4031.6513683637017
39633282668692294 -1773.299809831247 -1243.26835763592 2800.053072070197
39633286359681147 -2378.1162455234694 -1615.5084202757535 3744.6670623309224
39633300964247535 -2853.087858572966 -1994.9382782436926 4723.288017242976
39633275198637322 -3286.838223020854 -2247.443842115479 5062.7298622093185
39633290054861440 -2983.411727850631 -2122.823288368162 4815.3282108667745
39633290054861370 -3039.1627185867146 -2161.569066016951 4907.03554030452
