create_files/QSO_15_clustering_data.ecsv
# %ECSV 1.0
# ---
# datatype:
# - {name: TARGETID, datatype: int64}
# - {name: X, unit: Mpc, datatype: float64}
# - {name: Y, unit: Mpc, datatype: float64}
# - {name: Z, unit: Mpc, datatype: float64}
# schema: astropy-2.0
TARGETID X Y Z
[from data line 429]
39633446347212173 47.3218039882026 -1593.7897628905555 3443.3816175854063
39633448884767416 96.156765043737 -1796.7265587222314 3935.0533483579084
39633461144715565 1.1059368351604648 -1427.7645541764232 3335.8743940918303
39633461136326704 -32.44362614879222 -1484.0242535833308 3438.646660433469
39633451384572928 92.43785990682132 -2355.4522166268684 5222.552385343216
39633446343019563 36.28134552287667 -1544.0251446667662 3360.337299261403
39633443776104079 -61.55371872391065 -2279.796082446687 4918.768690554945
39633456296102209 -57.61827329588167 -2233.8379451304822 5092.415712219736
39633463522888895 5.722219357671538 -1400.6385180790173 3307.259070671829
39633461136327141 -28.508754853642806 -1375.2270096853458 3185.9036737595807
39633456296102439 -55.92260302859443 -2219.169994290191 5059.143293351555
39633465880087173 16.46903549313988 -2296.8611373811527 5461.078747707382
39633448880570747 77.59043591074436 -2067.8954897304925 4551.813257018943
39633443767717613 -102.19026665238086 -2435.4193586232655 5252.104455312386
39633441221772987 45.84538221940712 -2387.435430564993 5074.865298007701
39633443801271442 86.17259728145062 -2208.162541262888 4749.725818696688
39633451376185062 22.647713636433902 -1163.9234382285335 2586.120906065678
39633451384573542 71.24040922432813 -1743.9631464269419 3871.0525822280956
39633461148910472 30.179439448049404 -2254.4622623405708 5241.048678211097
39633448876376789 56.72921597916036 -2032.1500629356242 4480.678176524977
39633448863795900 2.5356557029299163 -2869.9030581869056 6277.813335439137
39633448872182459 35.56545224978405 -2058.8707500446667 4529.559743052249
39633461123745900 -110.23522682573933 -2254.8826408437635 5280.839667665994
39633451359407237 -36.45514816966643 -1597.9213086236457 3531.406011321287
39633465880085062 3.9435560072552933 -2388.101292776085 5677.639724820277
39633456300296366 -24.641616733033345 -1487.049646432922 3392.8291672298224
39633465880085453 4.4691257872890775 -1625.9833527083485 3864.212913721738
39633463527082672 21.77753092959334 -1666.0289305996653 3934.6086581652585
39633463510304350 -79.5812594987118 -2279.3366223044072 5391.405139763185
39633448842823650 -137.0879049185863 -2566.699712983483 5629.110951389868
39633441209190939 -15.185055367250664 -1625.4476672894223 3440.7510876604942
39633463527082309 21.416347172822928 -1796.2618664025408 4218.8785087560145
39633458712022210 -160.8905589802408 -2598.448377631585 5993.394711630686
39633438612914886 -21.801791920984726 -2568.8504288073955 5383.74760009668
39633463510302920 -69.88969646852027 -1818.8605684965996 4284.828809720247
39633448855405888 -51.23812700507341 -2273.9911758691937 4974.846170606594
39633463510302794 -84.98532254009622 -2191.5240428921743 5162.5676347911985
39633458758158692 92.13040276782483 -1649.4626615342013 3791.1796138255672
39633461127941181 -70.31239124441187 -1943.0715422085034 4503.238342101853
39633448867987844 13.143632695061186 -2157.3691085601713 4735.133490168643
39633448867987605 12.131686288900454 -2174.1140307649075 4792.140737838128
39633446343018143 36.27953639915738 -1847.9931747295211 4009.0742919149056
39633443780299723 -30.546396879429903 -2180.0059877740628 4673.200246301008
39633453834045187 -63.01679252785896 -1435.6279061271043 3246.343974597903
39633456300296488 -27.436721496262845 -1684.6672700232814 3821.89810795727
39633438617111218 12.459016921457941 -2075.6653162340676 4374.1269053877195
39633458753965535 105.31787099297456 -2188.3180813226 5044.1072098397335
39633461140523408 -4.033790792894463 -1284.2110484821324 3005.3539914549465
39633458720410922 -97.41949707173242 -2398.7855353410796 5535.060484369642
39633463501917009 -112.50741733395455 -2089.440978850532 4919.414130681028
39633453850823544 4.675822758355982 -2459.2962051623035 5493.553682653658
39633463522886305 -7.913924323845677 -2171.6262687362537 5085.199818278226
39633443792880807 27.336312286262288 -2129.30582495032 4572.128757050059
39633446330437022 -14.350787211686738 -1953.5533027182223 4244.6938343248
39633451371987770 4.876847912313479 -2286.5142261676165 5101.882042960589
39633451371987664 2.2983397903717617 -1224.170917433242 2730.188025463821
39633453850823375 3.246839313777599 -2227.0088228248446 4976.781990171026
39633458753962322 99.62917472146675 -2559.6162087109938 5889.62659822714
39633456300296173 -25.905789530008757 -1526.5625963778784 3463.681419309223
39633446322046251 -82.36844699143083 -2455.2496190549064 5323.013390602091
39633456291907138 -70.41684944217107 -1810.040990780251 4113.319419502861
39633453838240714 -55.56242812109495 -1870.157117523991 4201.867503543532
39633456291906876 -71.48079055795367 -1800.3662974025974 4081.095987119111
39633443788688058 13.381468356371684 -2227.1186168133972 4779.067958426418
39633458753962444 68.44788394444952 -1742.6154799372337 4008.624477326505
39633438612914918 -17.293027815670975 -2057.7234854514754 4317.779613923475
39633448880574327 98.4207939275256 -2106.416280212315 4648.389746846732
39633448880574347 95.01574079608972 -2031.7829394097112 4487.37216660245
39633438604526121 -62.65060573227756 -2160.491698417697 4555.572722034463
39633448842822056 -114.80783698017257 -2025.2180502762353 4469.826587565053
39633448842822079 -118.75878099399378 -2095.9233063416505 4630.157164489806
39633456283517954 -84.39379044418442 -1358.3453300306253 3109.8548457536094
39633453829849758 -82.37139046831928 -1442.0297483763075 3238.2215924345273
39633463539663256 91.61062717662013 -2298.645323509697 5404.853272573835
39633461153106515 73.29658939285851 -2535.4030691709604 5926.379216439386
39633448863793839 -7.207470980073376 -1911.2127895764306 4209.098114519979
39633453834043648 -114.6735120064197 -2418.096168574766 5444.813313984737
39633453829850542 -101.31392223521713 -1834.7837561965418 4119.690829708336
39633463514498074 -44.83402956946399 -1797.535014987438 4213.4292240997065
39633461148912925 40.35718505304449 -2004.2066086003456 4686.546101998229
39633461132132635 -57.89401731816475 -1786.4508496444264 4141.360879341925
39633458753965662 101.93538213696722 -2103.4417016526613 4819.495544471692
39633461123747285 -110.65287390744729 -2453.1377835885723 5731.265610250501
39633461123747395 -98.58224900705484 -2200.727319552509 5128.472532378306
39633448867992134 25.70930254489554 -1652.0771033267372 3635.135344612681
39633458753965595 109.93805730066114 -2277.9726382187996 5267.070664358561
39633456296100675 -42.20321898065737 -1401.4804983382403 3197.305300220747
39633453867600413 52.760421916454625 -1210.871563912221 2707.5239354074715
39633453829851462 -77.05413272441237 -1443.2906610986033 3239.0115653694843
39633446347212045 32.34501510486006 -1100.1333904271696 2400.5312563180364
39633441213384237 -2.6604464296021737 -1911.0987107272974 4073.7114309307262
39633441221772957 19.015165729777795 -993.4582562640543 2104.3931443512392
39633441196609216 -42.134299992893425 -1128.9200201350932 2390.315035083469
39633456321267353 93.77573333433267 -2539.8762539043873 5788.641173334869
39633458758158507 135.8338326583965 -2463.0828759153014 5650.612243670589
39633441221773334 45.23239543894989 -2253.632381696119 4764.592586923904
39633448872185519 66.71119405831067 -2706.1236393349845 5955.153125717881
39633453842433209 -47.43263321044425 -2047.864060787818 4627.323237480968
39633448867988455 15.787927347010765 -2103.266317941394 4596.448950043388
39633461148913373 20.94782845067622 -979.2075228017288 2271.1731457615238
39633463539665842 118.10661784953612 -2537.67676007843 5963.123291935124
39633453829849901 -102.41770341583224 -1803.1849395436495 4055.7952573223206
39633463506111861 -101.00097012467164 -2454.309848449298 5780.038782239256
39633456312879932 43.25260044453303 -2232.82660827347 5085.236653893996
39633453838240446 -44.149238389777835 -1455.5316101313902 3267.3639450751853
39633465867501747 -78.24540056893454 -2353.3241772515303 5635.595317611234
39633446322048268 -61.28292349469321 -2098.4173449282025 4545.718107816813
39633465884281670 38.496591529774435 -2057.6593874444516 4885.7673641947185
39633446326239781 -54.492485286851995 -2205.680850767486 4768.289576780384
39633465892667924 46.07515397607087 -1316.109539853612 3125.7423233926534
39633465892667941 66.80438487763227 -1905.3833040893585 4523.585340439475
39633458741382269 27.48808768218282 -1991.8223536221276 4588.984657331092
39633463510305624 -48.40529253556979 -1535.9073777237072 3640.504417962308
39633446330436511 -23.734936305209217 -2758.465287219358 5992.845640600875
39633461153104323 37.8107938362729 -1643.3485979881357 3837.8042846523877
39633463535469530 62.16408545937983 -2044.1559428056596 4815.2681168363615
39633443784494273 -6.669079831298323 -2452.1230262092877 5275.5899648611885
39633441217577340 16.665787135368955 -2762.7744696169175 5845.042134444748
39633463535471193 64.84613255461134 -1864.0219982169467 4395.851983419447
39633441217580356 27.072957433989927 -2062.860401588884 4391.804833907724
39633461153104318 39.19786078316752 -1705.2887877824044 3985.9175155383223
39633451371987848 2.769813212115102 -1200.2605734975061 2661.9460612534945
39633463518695009 -12.387451626632638 -1981.1268107599735 4659.10008273968
39633468203730684 -24.903615395660083 -2170.1923972319887 5212.780987696379
39633451351018326 -74.87054944006496 -1617.9992105479157 3575.6114840061377
39633451351017565 -62.74041793074804 -1310.398250971167 2920.155953582649
39633465871699349 -21.86838791229667 -1802.0407380306603 4271.860361040526
39633458732992550 -30.354621274113065 -2686.5144945098386 6152.831585453965
39633448880570508 62.74070265417226 -1701.203874620032 3750.797258044437
39633443767716188 -120.96553235634137 -2656.570165281868 5677.81906392878
39633453871795135 143.73784198860855 -2579.554470648352 5774.258111596911
39633458716216780 -117.91070481417535 -2304.1342655624817 5308.75507086778
39633453871795778 99.13870119953928 -1726.1750121965308 3865.7879403291804
39633451376185321 27.834683944004784 -1382.7379439285767 3078.03960850763
39633458732991039 -32.48483147460731 -2175.025834054195 4992.021681269847
39633461136327510 -45.00263590824989 -2299.950163031073 5365.3700345205025
39633461144718738 20.45944346542727 -2244.800383620994 5246.529259584013
39633451355212303 -88.2937686973255 -2453.383072206386 5445.388134848834
39633453855017670 29.190322179784637 -2443.6496468717273 5507.732536660111
39633446309465722 -113.63930840787378 -1919.0937561610817 4176.021956698763
39633446322048671 -59.83604910071972 -2105.9736664736465 4548.942417399115
39633461140522502 -15.260108543842279 -2331.848575415394 5442.890671593803
39633461161494980 65.43311791482269 -1293.786130719554 2998.863179427325
39633451342630551 -111.73069396056246 -1732.1679578950448 3847.9686956778573
39633468199538193 -26.45155348574486 -1428.8704649868585 3450.7319527121504
39633465871696146 -36.85690668051082 -1698.4885108237663 4035.4516553561075
39633458732991742 -36.79241412862967 -2764.306350531426 6338.2918853781775
39633443780297612 -47.85483278369417 -2541.126725511096 5425.049144716689
39633451355213593 -79.4122793164608 -2392.6524663555488 5312.93123637456
39633465871696221 -46.26064240705931 -2149.5964210702455 5111.992738883644
39633461132133952 -63.684618911440865 -2209.2984992951056 5120.26235873215
39633458732992779 -22.006314845157295 -2074.0571623048254 4755.193782832261
39633456291909696 -58.568773893120955 -1813.5733869029168 4133.492796816143
39633451371989857 15.473974923218565 -2035.2164576133912 4502.611920048032
39633465884281738 42.38971812187729 -2245.4000262365175 5334.871231729579
39633451355213530 -63.13405702397906 -1894.3317838638752 4218.284622173739
39633465875892365 -6.9528129076565985 -1557.7634627938926 3734.6162776363517
39633465892668563 70.28225550352614 -1909.9628206087507 4541.689300003662
39633451371990470 13.143931128992238 -1432.2351147903753 3165.529248030255
39633461136328710 -36.38462278406122 -2231.4703380580936 5189.335598815917
39633461140523800 -3.555809396287877 -1941.818859423687 4497.85536095335
39633458724605633 -53.53303920773188 -1894.3755819873859 4382.8827249309925
39633446347214290 83.47497774884424 -2347.9212450075006 5092.771713006538
39633446313656974 -79.04282447991339 -1420.5758212472322 3090.6580384678646
39633465892668342 88.1658721227141 -2437.417339356825 5790.879397995959
39633446334628003 -10.635041978957739 -2171.1446432009934 4711.792074877394
39633451351016252 -102.0725301894346 -1997.7040125923809 4418.592500721008
39633451363598814 -35.43519223102041 -1783.7138817106372 3954.7994027207646
39633443771911860 -46.00788940987864 -1449.8462183235679 3094.8132075300337
39633453838238201 -57.65163817871829 -1597.9828160364152 3575.1612651768187
39633465892668423 69.76153974133771 -1916.5807320515362 4553.617510735699
39633453825658512 -137.63710229246811 -2278.0632603242348 5127.993130128967
39633461132133450 -60.489358564072745 -2003.365532287467 4670.565744029499
39633463535471830 51.97532285692168 -1423.1098342587436 3360.041345025602
39633453825658621 -122.47475195546296 -2033.7294951325607 4575.495559513838
39633456308683359 1.94239180694928 -1361.2113377276003 3080.621836340417
39633453825657528 -146.36849728072505 -2350.2510433852312 5289.717017478907
39633451384574008 67.02879081242669 -1595.146722603609 3564.7349991193464
39633446334628258 -11.366042982123354 -2650.267048034685 5758.236306074815
39633463527081631 19.06303053577312 -1930.4852224948224 4539.204538027337
39633458716217338 -91.0286817964133 -1824.4543073632753 4220.679884706414
39633448851214850 -52.52569193331299 -1995.1600926926849 4378.265562093763
39633465888474811 58.316511865941685 -2190.203374174168 5212.965816463418
39633458720408212 -88.52080219186591 -1866.3257515480097 4322.634133663743
39633461119553009 -139.00049965267124 -2413.0337099274902 5604.512281919471
39633458753963885 95.2278417932819 -2199.3155036298167 5036.6527049245815
39633456283520208 -107.34108537417487 -1893.4883481984243 4287.461654586184
39633463506108676 -101.02268056483503 -2045.4207425751758 4823.95752188445
39633458732992251 -30.04508208311377 -2480.7130506371914 5717.967992065908
39633443767716012 -67.17251117730336 -1461.7021930387511 3124.793062406947
39633458728797350 -41.81207239663473 -1749.8608982169137 4016.0278127779916
39633453834043560 -105.14722194541865 -2207.6631606732 4957.176236025104
39633446330435217 -25.74611204172444 -2206.864979397953 4778.289800765132
39633453855015039 7.850345249265668 -1410.8436768997876 3156.3744598030407
39633443805462798 87.2403882703798 -2094.1950490407894 4506.410683052809
39633451376184694 45.96936398539081 -2468.240021263405 5488.931889955218
39633468203732169 -12.866115391111375 -1910.6057964300842 4606.733248582253
39633463531276174 33.63013602060602 -1508.537289223711 3559.349841079658
39633448838629667 -120.93007310881363 -1942.6907921984273 4279.830530439168
39633456300294918 -46.4921681931196 -2359.100899685534 5334.362105534836
39633463531276068 52.89360122293221 -2401.7026713634173 5665.013430530733
39633458745575252 28.87266816608692 -1343.3332916914485 3100.049530093557
39633451359407815 -53.270134079318794 -2520.070795894295 5575.71356990827
39633465892669213 69.12909443547856 -1791.113030009485 4258.727216752514
39633443805462668 111.10301421598909 -2686.5237239974263 5783.869236509569
39633446347213645 74.3103310055489 -2200.358118121633 4777.504268647864
39633453855016575 16.8369899216172 -1831.7805665343083 4117.075725332651
39633451363599830 -27.879250517510116 -1597.7289765560454 3538.454727646221
39633458716216135 -138.94256933626545 -2634.8182583350026 6086.889794110054
39633465871698635 -28.402633961990563 -1996.6564914966016 4761.941098184146
39633465871698778 -23.993739716369358 -1736.8200676684978 4145.083658966526
39633465867501985 -59.35551379788559 -1821.1178943079299 4353.080472051871
39633458741382320 34.37808403607039 -2460.2172467348873 5662.313833729336
