create_files/QSO_2_clustering_data.ecsv
# %ECSV 1.0
# ---
# datatype:
# - {name: TARGETID, datatype: int64}
# - {name: X, unit: Mpc, datatype: float64}
# - {name: Y, unit: Mpc, datatype: float64}
# - {name: Z, unit: Mpc, datatype: float64}
# schema: astropy-2.0
TARGETID X Y Z
39627757621086700 -4742.955018188396 -363.12942775801287 -100.82917634326205
39627757621087031 -4181.583114399218 -321.232975784912 -95.73522008072374
39627751577093926 -6808.503651716626 -487.4111658026611 -180.23855039482405
39627763660886430 -5439.236965523288 -424.2009024325237 -106.81058677197925
39627763665077180 -5748.679280809389 -456.3853693931174 -93.07798119461933
39627775748866310 -3074.613280758054 -256.0329875768396 -26.995007573871845
39627763665078687 -5714.994710133295 -460.1168495626115 -98.87229558282085
39627763665079681 -5142.311015787859 -418.2010921453703 -81.28425781181774
39627751581286601 -5719.698936629216 -425.99858909814844 -142.56930379513057
39627751577094935 -4800.964763561351 -348.1588557655807 -122.46341356047138
39627751577094383 -5305.414710430569 -382.1639920414942 -140.5595216581366
39627751572901978 -4781.67951681389 -330.1431024995971 -134.37552783849367
39627751572901391 -5538.72912782275 -379.73443857984535 -148.2441513172686
39627751547734192 -6603.7607024002855 -272.19889872047514 -177.81728248800033
39627757621086440 -6074.222345928834 -463.74420172383515 -134.36148592088293
39627757616894624 -4239.860697735025 -314.8789555106915 -100.62888399494122
39627757621085977 -4705.520255128187 -357.37398795728797 -105.04639761583601
39627793868259688 -6829.978183965959 -569.4070599298128 32.294802192206575
39627769704878251 -3031.3871072718102 -248.92283263248632 -37.16313455211419
39627781788665467 -4383.049309215375 -370.21915826340256 -24.150450425297624
39627769704876319 -4838.113747774644 -389.6663716276469 -72.35146020204742
39627799903867366 -3223.108810903322 -264.8220207894292 22.904662037339477
39627745528909412 -6697.049708998084 -428.31465344619784 -195.02086407000073
39627745528908832 -4573.842082487981 -290.27992208178824 -130.09117985729839
39627745528907202 -5682.161900057614 -353.7403942555307 -168.0091936457509
39627745528906027 -5416.880324955374 -332.31653723066415 -163.7107760316469
39627745520521170 -4507.440263061434 -250.9245284849263 -137.00405808115704
39627757621085828 -4256.902559975747 -322.644043539149 -99.12104413838587
39627745524711780 -2305.0388670361813 -131.46279087616227 -70.43924228348786
39627757616894416 -4003.643481116579 -296.6818085588789 -93.31058420557339
39627757616893468 -5069.105739922398 -371.08460439627294 -119.59174903179604
39627757616892574 -3899.7177229648028 -282.39654124100616 -93.65769229112388
39627745512132809 -4394.134355533842 -206.65286531997825 -131.9317596655992
39627745520519532 -5970.474239486417 -324.910282763844 -183.6683224939316
39627818010675838 -5881.1403023888415 -401.12358438903584 141.34809948417282
39627824050474170 -3086.738128147805 -211.43302786534866 79.46846093761388
39627824025309036 -5039.262050719899 -214.18905081471254 133.3313374485941
39627830073498121 -5456.786366845959 -285.86753987136797 163.31870930571188
39627787803297663 -6115.321530716408 -357.1129695636188 1.7429427005287483
39627775702731820 -3778.5330822523338 -141.38964345863792 -34.94774507522446
39627787811686778 -2993.856925502917 -201.9648493362072 2.420568485588066
39627793847291486 -5246.293161943554 -337.2778998846827 26.99085396687183
39627811966683164 -5052.910097500962 -318.4698113475118 82.8369598382854
39627817985511164 -3573.6734486108385 -152.0523615682807 70.47313451383404
39627824033695998 -5098.513761179099 -254.31710588058928 127.88486510365621
39627775723702393 -5733.23358944469 -334.72548309321564 -54.56667479539184
39627769688102128 -5063.434011325078 -326.68909532589856 -68.3964320158603
39627769679711973 -3222.443432758002 -177.96695537811595 -44.41365952351567
39627799861924660 -3589.9269376504676 -137.45604104324875 32.688055555198524
39627781759308632 -4419.7231977301935 -250.66013690336996 -11.326974043406533
39627775723702585 -6280.764537700204 -367.4707887243378 -59.79153587067509
39627805914306168 -6181.240542015375 -321.7356534282829 93.70467413556207
39627763623136147 -5236.024750510925 -194.90281837159645 -82.26880143856172
39627811966685172 -3642.11270603649 -237.16023784494956 57.62665130887053
39627811958293218 -4841.557809658952 -256.9016513082999 84.35089847049298
39627811970876127 -4067.6189098594673 -269.27876860521053 63.75736213999661
39627805926883439 -5921.783440298962 -362.57424550771196 88.11623484064627
39627793830511896 -6004.539410702027 -268.11637353883776 33.80547096570249
39627793830511831 -3290.9473773470563 -146.7595750593024 18.582342288956728
39627763644108201 -5774.314761650051 -344.860763523816 -91.51483693821629
39627769675515164 -3321.424472745029 -162.40197706538177 -42.34949041311413
39627769671323119 -2352.2769078076476 -108.08679340829492 -32.79805319190541
39627763635722257 -4816.868900406886 -250.1223746816922 -92.9498832185709
39627769679713368 -5742.79794902851 -322.4572565052552 -63.22553556899698
39627775727898194 -5809.277901389079 -368.9637524728366 -39.125687050237644
39627763648299352 -4330.252061584685 -266.149887419429 -77.55014221160202
39627805931079291 -4169.448902510274 -278.28595280878324 60.39652607256537
39627781776081854 -6593.426206675367 -465.1974747431571 -41.23459972900202
39627811941518813 -5828.987095425945 -219.56371914514685 102.27830937513366
39627805926884070 -4046.993575158473 -249.75482866911062 54.49302282214227
39627811941518817 -5708.52648460536 -215.05287633899704 98.74853756820438
39627799861921436 -4987.840355206423 -180.0228584198351 38.61979148911075
39627817985510001 -5799.4037466840155 -240.85489731033798 128.41564926331563
39627799861923657 -5400.154304769769 -202.94987289203436 43.72417108379251
39627818002285821 -4354.060738782859 -252.29096988320464 90.8927321108906
39627811954100755 -5952.346733686461 -299.3508072762449 113.4702795936361
39627793851487357 -5715.207331624886 -398.15611598908544 22.186805423740307
39627769683906247 -3651.3498545779385 -216.0759298444133 -47.47840411964138
39627781780280074 -5417.745891442437 -425.3078600686528 -32.69532024420116
39627793817930601 -6635.143642638515 -219.19578117922288 29.305811967845532
39627781780279723 -4811.841666406343 -376.34884262837136 -27.500013762338483
39627781763500302 -5318.34800594656 -311.83154270400865 -26.523359906041296
39627781742527635 -3832.336734460265 -137.84525947925692 -15.279042361535756
39627781776082916 -4405.184819115397 -314.31417242432553 -26.73920669683628
39627781734142772 -5108.532279110007 -155.89137869448464 -29.221285555705133
39627763639911064 -4584.062298607171 -242.2692621550965 -70.14283718516954
39627763639912271 -6342.766510880211 -340.59278637472585 -111.03842481445629
39627805905915806 -5201.776049507684 -219.25248984413074 68.00140115520605
39627763639912649 -5058.641267347847 -273.1122799278506 -88.47470811238496
39627763639913221 -4299.63179033811 -234.25210654897964 -66.61678763310317
39627787778134561 -4061.1632814787095 -137.53714678323783 -0.0773166732330023
39627763639915458 -5922.070752156026 -332.4702590857711 -92.62540227829264
39627818006479386 -4988.916737032706 -307.01705071466773 99.87100796634878
39627781780278057 -4313.515253062119 -331.12491309289675 -10.703867978037499
39627781780277502 -4036.377334159556 -307.7352120634473 -13.606818108374144
39627751564509577 -4573.60964297445 -261.1343329395628 -110.17724660929653
39627799895474637 -5041.8447578522555 -354.947455162778 54.545205913878874
39627775702729403 -4095.451915461477 -145.34893611077055 -36.9575041788781
39627757587534168 -4738.815298861475 -201.9569299452031 -104.51200041780653
39627757595919329 -3478.522264779785 -169.4020429089776 -72.77488635354194
39627757600112891 -6044.337899058827 -317.7742791684556 -127.37556584861467
39627799882895342 -5567.673166451144 -334.7657884540454 41.755759861930045
39627757600115320 -6325.653749158977 -346.12592093910285 -141.33223996093625
39627757600115855 -5007.9043485804405 -276.5865747786061 -105.1918059066068
39627757600116242 -5135.696223020377 -285.36462132423935 -109.17489578416253
39627757600116878 -4067.4010897518333 -228.212573304417 -97.16381029816266
39627775694344093 -4043.2418617609187 -118.59298790448555 -31.154369287610237
39627775694344073 -5718.761505294277 -167.6077740955486 -46.750951673314134
39627757604309119 -5335.883556715037 -313.181691924662 -120.65688544609237
39627757616890504 -4336.9476207212465 -305.7976984968379 -86.42802124187973
39627781771890241 -5606.552265665806 -385.87134225768256 -33.72629815144616
39627817998092966 -5116.7762278104665 -279.20122824905343 102.68989660948839
39627781771889250 -5396.581189941312 -366.7918978188903 -25.84977551187979
39627769671322494 -4206.7041126768745 -191.63719879993548 -63.877623788087355
39627769671320640 -5150.353384097786 -228.27664149157349 -73.9773906664907
39627769671320402 -3712.018915355278 -163.9701282856666 -44.70318578928601
39627769671320180 -5153.165641656064 -226.90012460533077 -61.75081183878966
39627781746722558 -4014.891252273912 -164.33494645406978 -25.690750885051347
39627781742531305 -4220.508189033652 -165.08470235674923 -27.16143025528986
39627805935272308 -2570.8749223930035 -180.50420822179163 38.71682679676726
39627805935272492 -2743.1450416877833 -193.05181843642274 30.22181327855674
39627769658739715 -3810.704593638336 -125.42444099712392 -46.4456963474276
39627811970879199 -5076.531256567611 -351.15995005864517 88.58398921215986
39627811970879170 -2809.0426927322765 -194.21268428179772 47.79830884095731
39627805926888671 -4778.477721818784 -311.12819755675173 67.00727330125567
39627805926887516 -4759.701377383911 -305.9825713695813 59.32873502309068
39627781767694173 -2741.143430266735 -172.24503065314528 -15.200878938807609
39627775702730391 -5864.620006680353 -212.94962316213582 -55.97354216788036
39627817998091800 -5535.413221262072 -297.0470985748975 129.14837780757225
39627763648299038 -4422.72546436492 -270.5612657412982 -84.85451076858753
39627781763501660 -4307.978730502458 -257.56856787978245 -20.937868281699412
39627817998090453 -5769.996654811304 -303.22369236454557 123.1025077112483
39627817998090430 -4689.656420614405 -246.38574862352536 102.72072902282571
39627817998090349 -4935.178091308712 -258.9417499949147 114.99958284647515
39627781771889980 -6152.306169707949 -421.97836441904707 -28.44892730232624
39627817993901717 -6869.111613339378 -359.95465350638176 151.31555165889182
39627769688100634 -5440.238512411432 -345.92342193485604 -79.33480994547257
39627769688097438 -4093.119663557038 -251.7597547344928 -60.44397350409964
39627769679708901 -3362.878038747313 -177.97002804377072 -41.00115155212475
39627805926886658 -4525.621734007594 -288.3195280466494 60.20079752843932
39627817993900990 -4931.086805912669 -255.69283345253746 111.3497004929888
39627775702731070 -4217.349655805609 -155.28742329387055 -41.3781495719008
39627763639910594 -3352.019926738557 -176.0727040792967 -51.685941373268655
39627751556125779 -5143.268053429451 -266.4752517964787 -124.14156181521791
39627775719506535 -4899.469275116547 -259.0168564508323 -35.250148316911314
39627751560320460 -5557.9032530883605 -313.28158989645345 -133.90226635571932
39627775727900258 -4363.058023888856 -283.63139507452604 -29.471079601766302
39627775727899514 -4081.757199615431 -263.0618968154951 -28.73876077425384
39627793817932226 -4540.8121600771865 -156.64491811703158 27.255938024411968
39627775723705089 -3375.3767513288944 -203.32521816084886 -31.47430534878659
39627775727899038 -5822.673891652563 -373.3097818967656 -57.30685604476321
39627775702734038 -3786.429727045223 -148.10488816734386 -24.829018053711494
39627793822124788 -5269.018810107364 -197.90487863383498 19.79721972417488
39627799857728279 -3037.0031339969332 -99.36722047552665 25.819268893104372
39627799866118974 -4437.596524941191 -189.20496430567513 36.61994133917846
39627799857728126 -6034.210967770492 -196.731456218512 56.03524111361806
39627751564513204 -4081.449320665617 -243.84282581257122 -100.80766373971095
39627793834706952 -5752.900765126326 -286.2077017877046 24.889379065348873
39627811958293150 -5777.065532390442 -306.1130843757019 97.18590181578162
39627775715316595 -5550.234196876774 -289.35557511637506 -59.55306178760738
39627793855679202 -4435.739971010685 -321.42312867503 22.575872214843226
39627799887088984 -4787.441154653486 -304.664780266146 39.87000734045807
39627775723705118 -5726.597536730472 -345.0577715096654 -57.66265634250901
39627775723706149 -5827.508924296704 -355.0557458836267 -55.23325386869838
39627811966684625 -4229.221192694331 -272.3432678929442 69.84263332304165
39627811966684142 -4511.211155241047 -288.361756322746 76.47234193765931
39627775736289043 -5364.928160608144 -398.54115713378053 -47.95661133642717
39627769679708992 -4486.59989910171 -237.7252094706277 -66.99448048133661
39627775727900593 -5711.127414821471 -372.72641797023397 -62.085654640727746
39627799899668651 -5121.923432366787 -381.3927481555503 51.367524298865604
39627775706924844 -4455.98218146195 -181.44004916567886 -38.94376347583054
39627793817931550 -4094.8342766878304 -138.98295291632942 16.563598618438796
39627805931079236 -2919.3096525056567 -194.75583554167812 32.69391069122661
39627793817931349 -6317.4379172084855 -213.2753528406444 21.914899208212326
39627775740478788 -3768.2409856932795 -283.59625172072026 -37.61355764375555
39627811966681866 -5962.205727493894 -368.72114943026935 92.69980914158609
39627787807494696 -5846.450391857198 -379.95984938004136 5.276659823829123
39627811962490224 -5057.514900980019 -301.90388609146 92.03815002631423
39627805926887180 -2856.790834542028 -182.94314802076053 31.5396672994046
39627769675516773 -4150.270520681903 -207.36747597503984 -51.99004451076421
39627763656689897 -4814.639568333122 -346.33809550493544 -78.42522239955034
39627781734142327 -6940.513560302807 -209.09644289124037 -37.763204622078405
39627824033695769 -5056.450050469027 -251.35967517901173 122.50409593426328
39627763639912014 -5038.064672636115 -269.5527011444559 -85.60368318489434
39627787807494659 -3239.2216033329078 -210.4207885504117 -4.861016899426792
39627763639911119 -2523.2137124470714 -133.45207722126105 -45.88178336107339
39627799895477805 -4343.884477169414 -317.5930258606633 47.05151128592523
39627763639911946 -5483.531724029126 -293.0640456439807 -91.30143710093695
39627799861919987 -6232.723251875579 -218.70417527800566 45.076487338034994
39627787790715198 -4876.391311731577 -222.52113242621624 -0.7674032739037182
39627805905913470 -4886.307590436272 -197.63587032469343 67.95292566787029
39627793817929076 -6590.036264421284 -208.6745385747641 42.339836947848866
39627751556124052 -4175.854474545899 -211.1145020664101 -104.16330045263818
39627811945715015 -5494.907815963256 -237.67478415034986 98.96964844968015
39627769692292550 -3962.996165976478 -263.6377615553616 -53.269123683098265
39627757600114252 -2724.8767594002893 -146.15271564382755 -64.49689957936815
39627751556124352 -5599.087242633613 -284.33357014928896 -138.9222450357035
39627805910111261 -3744.394012511322 -175.95678316625686 50.33701515107249
39627799870312562 -4837.680312024963 -226.2228805312657 33.598474077569
39627757600112932 -4755.153806777386 -250.19940525578022 -113.49981670950824
39627818002285573 -5355.735658964151 -309.0055022705201 126.3237159448924
39627751564513295 -4161.7292711629225 -248.91085870878882 -105.00389933990695
39627775723701092 -2880.4893696514323 -165.56580889446036 -24.80374794459241
39627781767693324 -6892.669489377566 -427.85408160743657 -44.68959530113138
39627763652498408 -2644.0133071903424 -184.2796707227203 -51.74098715882779
39627787803299152 -2898.6446399465026 -173.11913496655882 0.4937629688083527
39627757600113997 -5649.981738139611 -301.81726896087685 -112.7075097825452
39627787773940637 -4852.351636272056 -147.08656975730665 -1.6401405055689062
39627799870309154 -4847.958281541022 -214.44020584687607 47.47479363118764
39627811966683348 -5693.577828036737 -359.7459215717801 94.95798331629418
39627775719506029 -4494.775940433433 -235.852569101715 -30.22433492727742
