create_files/QSO_5_clustering_data.ecsv
# %ECSV 1.0
# ---
# datatype:
# - {name: TARGETID, datatype: int64}
# - {name: X, unit: Mpc, datatype: float64}
# - {name: Y, unit: Mpc, datatype: float64}
# - {name: Z, unit: Mpc, datatype: float64}
# schema: astropy-2.0
TARGETID X Y Z
[from data line 1492]
39627896888756562 -4605.762543840735 -2493.6524401389356 415.41371769255676
39627896888756781 -4947.109778047264 -2679.4506162906173 446.33672576988624
39627896888755894 -5127.530556366074 -2772.721120162901 466.8383230382417
39627890865733816 -4381.3659392515865 -2383.728795512691 380.0411089810051
39627926991277477 -4582.194124309564 -2493.2019110977703 518.2025745074648
39627920976647372 -4571.136100000855 -2492.7469769679083 508.2741167394046
39627933010101620 -3950.6644947426544 -2162.7317716095245 472.40464165703554
39627914957818270 -3775.9038811794453 -2046.6788225998826 393.58994642963796
39627920976645708 -3406.2076927284684 -1852.1519023148114 379.7185085031947
39627939020542932 -2968.801596542102 -1636.8233362914527 370.04535345347546
39627945039366317 -5078.56312126151 -2875.7556155464486 664.4564473728013
39627945039367048 -4373.865870495798 -2480.8282255292465 576.1682864128554
39627872792479224 -4054.4653986601556 -2328.8104821036254 289.12408014785524
39627902962109730 -3127.0081559376285 -1914.4369891337903 310.0033986466379
39627884863687033 -4984.630547221631 -2927.396753559112 404.6108869760972
39627890911871918 -3852.004978865524 -2345.5271402574967 341.1315727102839
39627914991372992 -5312.829822345699 -3123.874835553749 567.4702993727539
39627872805060902 -5185.994831023254 -3062.0973521290507 379.80785243801455
39627896888758123 -2584.9606347064882 -1403.48347116119 235.10541734795459
39627896888758245 -4357.868617864306 -2366.5839248046123 396.69986329782853
39627872788286833 -3943.3790066799756 -2251.2062747767413 268.80420207533405
39627921006004521 -4574.233681497721 -2663.4393918150886 502.0660664666271
39627890865734712 -5021.946845253769 -2738.00584237419 417.8426700064414
39627926995471098 -3991.309299800546 -2190.994336180008 468.2016765549293
39627884834327367 -2611.7689083373516 -1426.7951346510106 214.22628698295395
39627872788287715 -5555.633929525534 -3177.6396758110213 381.25588391352596
39627890865735327 -4783.48121792637 -2611.524692487765 393.0553871941778
39627872779898757 -4135.599315196623 -2316.5169277288514 295.1371134959299
39627908934797726 -4369.373653442747 -2368.4074205712477 437.8685192279956
39627908934797387 -2578.020285460249 -1396.3728531704558 258.51856474937097
39627872788285736 -3929.252218486118 -2237.8799095458635 278.84336926519177
39627945039365106 -4803.842618933055 -2713.363959332927 622.5814107402658
39627945039364209 -4321.521681786504 -2436.7096008708227 561.511346914272
39627872805060846 -5838.235981291104 -3446.726425550709 423.4026879718595
39627915008148100 -4096.323444139668 -2496.896095680451 439.69756744640824
39627945039367723 -4557.598739393742 -2588.6262287138775 599.1981935959717
39627884838520746 -3926.291616273101 -2165.465937368783 312.9372148267064
39627908964155451 -4406.455902286717 -2552.6848401555917 447.2854456362006
39627908934797335 -2580.5189053529994 -1397.5736437278533 251.97840479400986
39627945039365571 -5005.800991188117 -2830.0929525687916 650.8024758750521
39627920976644666 -2028.3094943595847 -1100.7825279466824 217.5037835421722
39627896888755413 -4254.19040496738 -2298.290694936359 373.643960293533
39627884834324870 -4339.539203013056 -2361.4236719632067 353.367137664995
39627890861543672 -5661.723187231225 -3072.429074180669 473.14879399039376
39627902911775406 -5543.624934891757 -2992.5194522659162 520.2997471323584
39627884838520643 -4549.659949499196 -2508.7630870855132 361.54966647308004
39627878807111236 -5449.374717442881 -3004.0642649793745 419.2330419602562
39627914987178650 -3513.8706444215204 -2046.6364397909274 380.21699672833034
39627933010103262 -4806.155046504881 -2639.741783052785 567.5377071112586
39627908934797447 -5779.468239748438 -3130.894448234004 585.4347753818919
39627872779898992 -3557.0220754525 -1993.4486877199486 253.54742946321537
39627914987178685 -5729.451534255777 -3337.3929723483466 617.6227706312422
39627933010101301 -4885.524992179435 -2672.7007218380018 574.2702420963819
39627933010101338 -4748.97930652595 -2598.179638038819 558.7504656100427
39627902911775319 -5001.231959257706 -2699.2538875103037 476.0110237387032
39627908934796499 -3883.1764352728646 -2099.267998877549 391.8235460275287
39627926991277367 -5060.681336943684 -2752.8976284110017 577.3933190508744
39627872788286842 -3950.663610419738 -2255.3939949649466 278.4654871917303
39627914957816945 -3034.9445326209875 -1640.1131332133834 318.51333023225914
39627926995469117 -4144.532553187692 -2265.254002396914 476.04135270512154
39627872784090141 -4113.078010287817 -2311.6948078306746 287.07952051463616
39627920976645368 -2572.7774981333696 -1398.1390895133086 276.36857121742725
39627890916065368 -4164.44316690937 -2556.586146689713 363.30533749382676
39627872805060798 -2058.943737354923 -1215.3816905591016 142.68040998184864
39627878844861971 -3965.9706251527646 -2401.126379061087 304.8828134173412
39627927037416424 -3773.614067430243 -2300.8884371612985 448.44584690816873
39627902932751349 -4458.379703507802 -2555.5075532551614 417.5342835569864
39627902953721721 -5071.382639784969 -3049.9504133536575 486.1853103860742
39627933026881994 -2810.661944427061 -1611.5322100390786 336.1750001625554
39627939045708985 -5188.009877358536 -3041.8941467056698 646.6628264365811
39627902928553305 -3417.0885058349754 -1925.2934489609454 317.578590043456
39627908943184805 -4343.0980362082455 -2394.8218487232207 429.20345273656767
39627896922311347 -5269.452893937583 -3099.053521801518 492.26709730924193
39627896926506923 -4503.128004686485 -2685.042015739263 420.531530953947
39627896922311600 -4164.911997089454 -2450.562861773201 388.60318050466
39627920989226703 -2776.606445364659 -1551.78081407194 300.8949681800903
39627872800868068 -4556.692440490585 -2670.457841606445 333.72960754409576
39627908955770594 -3530.4271663943337 -2019.3346553672757 362.9904912507761
39627908955770625 -5724.415082902356 -3274.4725525572535 588.5101270672926
39627939037319659 -4559.256375576115 -2620.765121598985 571.1866453843365
39627884867880165 -2650.9927325155977 -1567.651838838466 214.7090631872851
39627890869930562 -2252.940333995195 -1245.0169614592135 192.4837616991138
39627914991373766 -5891.411804446471 -3468.258215390986 626.3821590062875
39627896922313087 -5595.937215632317 -3303.785545470459 502.8954369315315
39627914982983204 -4276.4343154433545 -2460.805474787711 450.9835818704543
39627908980933763 -5105.636026304921 -3083.708477440611 513.1152948626359
39627914978790737 -4368.484813420115 -2496.2710763210926 468.5984917259111
39627926999665380 -2755.1386083965526 -1527.598865288575 320.5150919634655
39627914995565002 -3166.6205408349306 -1872.9771807640982 343.07977610672293
39627926999667249 -3542.024254964398 -1970.843297631659 415.0117436317004
39627933035268812 -5018.307164147005 -2928.460373247883 603.6169753170119
39627902962108265 -2709.7364725875154 -1654.8119161547554 259.6919756973497
39627902915971189 -4024.9972880196997 -2204.098898422587 387.25704045541494
39627878811307902 -3733.4167688766697 -2088.947936667866 279.54117702885935
39627908943187959 -2835.0247906620402 -1572.8860728449863 286.8510383488233
39627884872075991 -2734.390968340772 -1635.597968070855 216.26323362441616
39627921014391265 -3179.122306846583 -1883.9141612015974 358.44737604532247
39627896892948753 -5291.820684392532 -2884.120513672069 467.28592641078234
39627908964159026 -3415.7056416586606 -1992.65168640118 342.7357392605834
39627878811305528 -4057.950993147914 -2259.7706545888054 305.9482004630114
39627921026975736 -5044.4453774729 -3088.5283321728625 561.0109566692072
39627921006004374 -5284.590979757514 -3076.263347144766 602.1003485733393
39627890903484687 -5094.348064416439 -3050.0699394574435 439.64556968536215
39627927033218242 -4315.425343799207 -2586.430686916978 505.7119712492878
39627884872074433 -4075.043071053514 -2432.4355042114234 332.2477556886274
39627933043657113 -2713.291073861738 -1613.0572634757107 329.00380831396166
39627921014393949 -3768.597285106132 -2243.6775800117043 421.49086727829604
39627908985131250 -4926.587522846414 -3022.566677415692 496.46554918613776
39627914987176966 -4259.540193607742 -2472.9024665287793 447.9497543222985
39627902932746593 -5153.498645919458 -2927.6804183741374 495.1076017372208
39627939049898485 -3189.850173770383 -1874.448253853671 407.513111710673
39627933052043916 -5262.885752750502 -3182.2484045965766 637.3797917132101
39627933052044715 -4927.444738059531 -2984.4016301643474 602.6454095372831
39627921026974764 -3846.5856086618523 -2350.647240644122 443.2024550897093
39627926999667136 -4590.752965023671 -2553.7959572877126 534.356084287924
39627908985130840 -4413.529653910937 -2706.0420560421376 443.40386909554974
39627933052045241 -5083.807371652488 -3082.748791432167 625.880946349395
39627878840665793 -5243.896198032322 -3134.890055275026 413.58236369810373
39627908938989782 -4803.011056989067 -2617.3036511735754 484.298059954469
39627908964158428 -4811.954217534295 -2803.5557261018703 484.85546499060285
39627866765266985 -4816.729515382358 -2809.3980959579626 328.56806739303636
39627872784092043 -5910.35084631037 -3336.2273515558754 416.0964578267812
39627884863686379 -4569.509907564692 -2679.9366318511507 380.1719171393883
39627902962109840 -4787.940964532377 -2932.034686832163 474.8499425924696
39627902928554300 -3509.908490608847 -1981.7181022003413 328.19097913127086
39627908985127798 -3345.9365004990354 -2040.702422507607 350.2095222875006
39627896905531972 -3422.547500477837 -1925.3184709436257 315.59812513643357
39627908947380978 -4087.648120672373 -2287.558129615151 406.0198502741953
39627884863686734 -3500.280242861382 -2054.357303796684 290.8699021284475
39627921014395869 -4178.479959499604 -2495.2868848090106 472.4546837095897
39627884876271664 -4286.253365142689 -2596.606056443752 346.8937060248342
39627878840668371 -4275.543443839101 -2566.9719818122435 327.556340265715
39627896901339872 -3723.861931965248 -2084.6564652409043 341.2211144596915
39627878840667627 -3164.8418191407395 -1897.735156777271 238.97421365755707
39627914982983092 -4459.172428691596 -2565.2200706361486 463.4669507473258
39627908972545429 -3926.459003563073 -2327.0880429251383 400.23383984751314
39627890911875171 -5465.750185859433 -3348.2635737344463 487.51550823222783
39627914982985127 -4285.690410051456 -2476.0081793946483 450.38362936604386
39627884876272015 -5320.425514620366 -3224.829084003649 427.3169981799667
39627915008151189 -4750.595710112464 -2912.582234953495 503.02535503630753
39627896909729512 -3378.3066631750935 -1931.0385115897197 306.532260456148
39627914987177906 -2961.9722017727768 -1722.7906084955775 314.2093175235085
39627921022784708 -3408.757156634885 -2077.432842780605 375.9520859356635
39627914991371011 -3233.8624245983283 -1894.8894246902837 347.4860855273046
39627915003954319 -5081.751343778729 -3069.4374149834593 539.5527273808058
39627890911871881 -4723.174992474072 -2875.7704892455554 411.9014172990307
39627890911872433 -4156.768306134506 -2533.426643806931 360.86398895319013
39627914987177577 -4737.403703879347 -2753.4920005934223 506.4005556316443
39627939037319130 -4275.217279996527 -2455.0360476628844 536.3612146406373
39627878836473578 -5016.5034469073335 -2980.054099659446 376.4285047134301
39627914987180952 -3091.033849208339 -1807.9424178619943 333.76802852610535
39627866765265149 -5993.188814476341 -3482.736634503813 405.2821239633622
39627884834328973 -5184.953193727501 -2841.048878166517 425.6946634080405
39627872796675308 -3629.48188770026 -2114.18761248057 248.15146976953548
39627866765265554 -4315.716730579892 -2509.8288000398043 292.6536694086332
39627890911873334 -4057.7898624491986 -2477.258906858384 356.24793660685225
39627890911872715 -3438.8381741507906 -2096.9137281693675 298.6971239724183
39627878844860560 -4991.330391105678 -3014.75533651006 387.3724371104779
39627884876272654 -2573.5520192576687 -1561.513628559833 206.31828769622845
39627878811308003 -3210.9293564334066 -1796.9498437300285 233.3651112247827
39627872809255349 -4057.7649347543825 -2420.3300669404866 292.936940979126
39627872784092747 -3868.0192094689332 -2186.49477598581 272.9144587915404
39627872809256303 -5497.759016629394 -3286.1303931783104 397.73763177947944
39627866769460282 -4427.319757528262 -2601.73323780494 300.70785391452665
39627908989321805 -5707.695091090562 -3513.994077677526 571.7058716884177
39627915008151725 -3056.5556668426 -1875.950443120397 330.78194731120817
39627902932751168 -5063.5545195153545 -2901.3506839756337 476.4552196894188
39627890869929972 -5617.398852836718 -3100.4600490205416 477.62751278502066
39627872792481230 -2986.325510434284 -1722.9995583256998 208.5589381233532
39627872800870926 -3883.411342736837 -2288.502463143088 275.79676472117575
39627915008152325 -4609.237162575806 -2832.021519210506 497.68166285787174
39627896943280931 -2801.021880417597 -1724.5981889020475 260.4437916246037
39627884876273040 -3122.6185549292773 -1895.9241935502114 252.82709006000005
39627896939090290 -4275.378832687993 -2625.177919066122 384.0238868702383
39627884876273397 -4685.835342174854 -2846.6342363310264 379.2519083164303
39627915008151571 -4351.81565999284 -2670.189708128218 470.06180654790194
39627872800869589 -3787.4891149321043 -2225.575438725741 269.6274228751829
39627890911875194 -4491.408372326945 -2751.565096512168 398.70102600677706
39627872805064748 -3234.939331475307 -1924.8535360382025 235.30568995073548
39627872792478996 -5331.162445219392 -3060.81488209867 372.54074339299245
39627914995566784 -4669.498564692326 -2771.608718542913 501.982605372895
39627896943280625 -5816.957651700494 -3579.6360703554965 536.1917951646045
39627890911876162 -4657.148722707634 -2858.2694431991545 414.1377705505286
39627872800871494 -4145.579975514887 -2446.0090735249364 289.166478391151
39627878844860698 -4877.988822386853 -2946.994318522561 375.90309302227
39627872800869907 -4072.7388001820095 -2394.7687212941596 281.8062795993539
39627884876272335 -4390.192271258337 -2662.3866679261137 349.14310856343957
39627915008152032 -4711.286471054757 -2893.0606731609614 505.5215595714009
39627872784093818 -2568.307611553536 -1455.071134670373 181.91252499046868
39627872809258241 -4764.8341681953025 -2859.621155488887 351.378390551662
39627878844860686 -5031.8667500296115 -3039.8892739790917 383.2894616048804
39627872809257261 -4752.691714975925 -2846.7695921254317 346.56337269324104
39627945051947921 -2694.7506924594804 -1568.8586616907824 354.3295157044274
39627908930606141 -4372.5524662075595 -2355.540254429057 444.2409391044499
39627896901337483 -3494.277361652375 -1944.9295031938707 307.57557078431284
39627896918117487 -5249.2697606002685 -3058.811427210151 485.3884753923335
39627896918117629 -5806.412407333944 -3384.476932522954 537.3807830012937
39627908943184729 -3958.4223518524573 -2182.4042823834584 389.61123667048315
39627920993421327 -3686.4805119364305 -2083.327184478014 409.68113620169146
39627890882514592 -3454.494353917088 -1973.2369916560883 298.6643924961632
39627908938990895 -5715.80457260431 -3123.3994055460703 565.2570711141432
39627902928556044 -3485.102744989885 -1974.7479610739688 328.78666178506097
39627896901337362 -4248.39570036331 -2364.0436907453422 374.67699272488784
39627878815501571 -4422.288917355071 -2494.3928095485685 321.8545078114511
39627902928555925 -3672.563443501689 -2080.4213160870995 347.11557183980693
39627939028929313 -4556.900722470944 -2555.979133392686 577.8452004028306
39627896922313263 -4601.158850728736 -2717.629066172317 421.3961817440656
39627902949524696 -4338.883724298644 -2571.110298964317 412.2460194685268
39627902941138191 -3499.1945768952346 -2039.697724069107 342.08711627772794
39627908947381366 -4672.93314485944 -2617.285523915939 473.0514597114639
39627890865734477 -4014.0955409296976 -2187.3083213382693 343.19249996587484
39627896888757117 -4064.419418837539 -2202.7327895495987 361.46637842142786
