create_files/QSO_7_clustering_data.ecsv
# %ECSV 1.0
# ---
# datatype:
# - {name: TARGETID, datatype: int64}
# - {name: X, unit: Mpc, datatype: float64}
# - {name: Y, unit: Mpc, datatype: float64}
# - {name: Z, unit: Mpc, datatype: float64}
# schema: astropy-2.0
TARGETID X Y Z
[from data line 1694]
39633001075706900 -3098.2351371925092 -2407.2589981023593 2847.9902121251966
39633001067317355 -2092.2214035238403 -1586.8085938784202 1909.4197503775965
39632981341505994 -4019.51068010743 -2930.041892036755 3498.882508438529
39632981341505951 -2499.3862134630485 -1821.7272472059208 2172.8356999671964
39632996155785325 -2392.952504757772 -1774.5273504183745 2136.184023139031
39633001075705994 -3408.660910719699 -2641.2452305466063 3144.1060736145832
39632996151594683 -3340.9365468026067 -2475.3080485155187 2996.7315898777056
39632996155785573 -2023.188045011616 -1501.382819007429 1810.7175300781582
39632996155787085 -2635.942992705322 -1965.4039329181564 2376.007958164814
39632986290783160 -1935.0550897248622 -1411.9428737624391 1688.4899609501274
39632996180953168 -3116.645511901266 -2486.2221173629687 2869.9157467782593
39632946272931253 -3849.690042616953 -2839.5355025470053 3126.6585061052256
39632946272928734 -2042.3542894383754 -1494.4631802084643 1666.1393349988687
39632941210406181 -2855.9140782428467 -2118.1595454051267 2314.334709180492
39632936143684105 -3348.5074731099867 -2560.3698881285527 2709.119293455666
39632936143684708 -3700.5826733912586 -2835.1322739872226 3002.208159105838
39632951335455437 -4440.6328511994725 -3347.256035854813 3666.3215221206365
39632971438753801 -1761.1842090391112 -1435.3512444862504 1555.5828529645617
39632981387641060 -3323.834215751494 -2721.4635392657674 2997.962376455909
39632941239764669 -3564.6650320168815 -2835.6361909523716 2951.6247316223426
39632976421588858 -3657.832001326986 -3009.780746159361 3297.2875681440696
39632971442949631 -2304.3731529811416 -1904.979711595746 2055.5658027464165
39632971392617767 -4020.827366125015 -2911.7592163778318 3415.372442177847
39632986290786664 -3832.009017550088 -2818.394900165585 3352.4219571716108
39632986290786334 -3289.079061539669 -2417.3331708661817 2875.060091506612
39632941239764974 -1941.1988675736966 -1545.5015708296562 1607.0224650796151
39632941218791665 -1969.6246502111849 -1479.3649497053939 1592.9151544463043
39632941214600270 -3158.615894288111 -2365.9324614747034 2567.8205317313304
39632956364424502 -3414.0798732510966 -2489.103301463615 2812.2685535870364
39632936143685027 -3808.9256387217224 -2921.1202840081123 3088.004606138109
39632951322873362 -2110.2932665137137 -1542.9498501750857 1728.1859294968776
39632936147880606 -3185.1424445042676 -2477.856720718108 2596.5540185799837
39632941214600821 -4469.65727889792 -3353.4401713641096 3619.1593413106575
39632971392617922 -3783.0014664862574 -2740.574666272673 3199.811104280031
39632941243960946 -2320.2020043851235 -1874.4921082882447 1939.9132511616565
39632941243960352 -3787.166187645057 -3055.237066207161 3165.7185210350267
39632941243960318 -3519.674078195778 -2839.1280365272883 2940.555441300242
39632936147878606 -2432.809488763396 -1881.9660492843173 1974.3123007328325
39632936147878741 -3657.925909284227 -2830.6559129355237 2969.436501258309
39632936143685762 -3761.2903026344757 -2892.1927356832834 3047.5470368172478
39632941239765055 -3785.8219022217395 -3014.761202616001 3145.4098564115484
39632941214597863 -3514.795079364927 -2615.19744202466 2848.987247872701
39632936152072660 -3458.4672459863 -2700.6724714627308 2817.910340908108
39632941214598025 -4030.7733938689535 -3000.674648150402 3263.352669428109
39632936139489880 -2392.045396990146 -1809.7380295548655 1933.256222061609
39632941214598898 -3382.1553868090746 -2524.1848753912427 2736.393839758835
39632966451725159 -3236.8822313890864 -2702.05585352858 2880.536155542134
39632981391837382 -3049.8278684886036 -2536.6539478678997 2773.201683453294
39632986332728914 -2199.58106824992 -1806.1561911742153 2011.957666664882
39632976429974027 -3332.510274636173 -2776.1237169923165 3011.6625991328074
39632986332729002 -2808.2749137449705 -2306.774895160653 2566.676311223312
39632991235869212 -3066.7449437358136 -2304.586390160256 2740.714658570217
39632966422365841 -3622.2262868844177 -2812.825182068597 3123.159978190218
39632981391835946 -3425.5578953053714 -2838.6217998000016 3120.1644809685836
39632996189339726 -3655.6877929662123 -2961.7116985217135 3387.052811516912
39632971447142908 -4361.12593120956 -3635.0378325984707 3919.794082959494
39632951369010213 -3036.417621934092 -2495.0441189289622 2593.506120545861
39632961439532323 -2262.1464519887263 -1886.9403573363034 1990.6409253459615
39632966447534053 -2924.832688032448 -2434.120434877847 2599.4496927610394
39632946314872588 -2492.212496347215 -2035.2559687721082 2119.425577194887
39632981391835905 -3072.4115228667997 -2545.7392900570376 2806.733922091136
39632986336919826 -3448.674340251364 -2837.1731244056605 3163.901610984547
39632991269421881 -1697.416721128951 -1386.6190240216758 1561.843468796311
39632986336920081 -1989.8140343843193 -1638.2138222410088 1825.413224283296
39632996189340548 -2038.224662193347 -1654.8395105409215 1890.6934677285867
39633001079901949 -2917.868681357273 -2295.7630404186048 2704.7469766025933
39632996155786692 -3932.5867544652892 -2928.642584688094 3522.2901473449206
39633001071510829 -3047.7894982843964 -2331.1542587091794 2797.3633675718143
39632996185147279 -3318.5120089140746 -2672.9136299354645 3070.9244506189316
39633005966263206 -3022.079450923533 -2345.0293015978814 2792.4863157649324
39632951322872683 -3878.2538059603194 -2829.831420585782 3164.7012346648758
39632936139492889 -2553.9237721949653 -1949.0958450152198 2068.9672967483307
39632971392616206 -3966.537208493294 -2861.696775995167 3348.328841458896
39632936143683916 -3356.2553698902757 -2564.8597101990013 2722.241611991949
39632956360230488 -1666.6378682114796 -1204.0082209044406 1375.9918459502235
39632971392617781 -2562.592384189675 -1855.832225390233 2164.7009419011383
39632936156269525 -3608.534053860802 -2865.9847984285816 2975.5585524993558
39632971447141823 -2728.50285862056 -2268.271695624936 2448.072594800041
39632976429973800 -3046.143480185252 -2536.1973270313497 2761.5413153413583
39632976429974616 -1626.1773965050145 -1356.765890538102 1467.302867319352
39632956414756963 -3753.538871103573 -3122.4920560083438 3275.2153746339586
39632961439531774 -3617.9939115280195 -3013.086212262461 3185.8904196469057
39632941235572853 -2526.722086447913 -2000.3926000144943 2083.2020209507587
39632971417784125 -3502.239566509616 -2716.54546535449 3050.5694078031624
39632991227478480 -3538.744769643463 -2585.7888976062177 3115.5485307170293
39632966393007358 -3814.6750904426904 -2750.700169265275 3199.915993578378
39632991223287320 -2958.9768141821046 -2158.7037204273106 2602.524373313947
39632971392615296 -3381.280804517079 -2433.961696562698 2861.759453191362
39632991227481118 -2558.608364520006 -1882.000989935439 2270.024586486181
39632996185145469 -3172.5136740687426 -2542.4388428601524 2935.053272108548
39632986290783730 -2525.4978905763082 -1844.9195187970374 2204.822696807238
39632936139490780 -4125.496976871117 -3129.136629684787 3338.385611650096
39632936152073654 -3665.6013151399657 -2869.4817846634264 2988.798636886651
39632951369010824 -3288.5272877706793 -2706.88112243096 2821.276317082303
39632951327064585 -4074.2433552799293 -2983.8350847987467 3328.848387466104
39632941243957520 -2163.3991426415973 -1732.9155633635023 1793.103658864032
39632971442950153 -3807.1831123662487 -3151.8487875429605 3411.265111534627
39632991273615595 -1806.8525012308712 -1489.6985918878977 1665.8206467638465
39632991227480070 -2378.2315955613153 -1744.8049958740598 2108.819981380204
39632991227479674 -3231.6553058223394 -2368.533342008606 2867.275245709063
39632996151594780 -2485.598164898576 -1842.1923966549714 2234.9889636206913
39632986290782628 -2841.960835594348 -2071.270289697768 2486.390099500978
39632996180953962 -2982.749316224457 -2385.4068710093093 2760.504544460208
39632996189341965 -3241.1209000849726 -2640.67346280912 3007.3601134384585
39633001063121855 -3406.5775662239507 -2545.134587068083 3087.3576423164313
39633001063124253 -2520.627081731384 -1897.8164718561948 2295.8947361482033
39633001071510149 -3029.562384304708 -2312.1378206540435 2780.4315905484286
39633001071510240 -3026.1920872309615 -2310.257768196206 2774.820283381892
39633001071510790 -2873.4342998186567 -2197.509863590772 2640.2121825938107
39633001063121851 -3843.4496790961525 -2871.487372684354 3477.6415756139986
39633001079898482 -3138.79481088572 -2447.1606179046667 2899.6827789760555
39633001088287126 -2812.7966951895082 -2241.717671794763 2602.405377996305
39633001088290191 -2469.9082257497166 -1983.9470833660355 2293.284157516039
39633001088290710 -2556.6271638369863 -2056.549072449893 2382.241179884079
39632996180951911 -1874.6207100671074 -1489.6019676918295 1728.4521317236602
39632996180951938 -2309.28020114691 -1835.1275864806396 2128.3755660661286
39632996180954359 -4130.554515388529 -3307.4629042862202 3822.1724338121003
39632996180953223 -3617.2745530187235 -2886.207465853666 3337.390725148389
39632996180952545 -2590.1173291590903 -2062.424560637093 2391.709871410837
39632996189341758 -3406.2567198839274 -2773.6515857453073 3162.8257467549797
39632996180952235 -3034.3949404463506 -2413.802756039587 2802.7646805376194
39632996185146761 -3523.7498679248665 -2833.932831353759 3262.21756307494
39632996189340699 -1820.9017584906528 -1478.9605549765838 1692.590538512901
39632996189341425 -2760.480271853706 -2245.946654025025 2565.5444840529312
39633005962068958 -2729.4184359087812 -2095.512329292201 2518.835274106436
39632996151592565 -3106.647842743774 -2287.722402050865 2768.8661823104603
39633005957875195 -2867.7071269756434 -2181.1730583746935 2631.5579000075654
39633005957876390 -3096.76283651887 -2364.250406966775 2849.8718729962857
39633005966264137 -2735.133418838284 -2129.0672142855606 2535.176739196116
39633005966262486 -3398.8932205747574 -2631.3957050755157 3138.9937586530973
39633005962070766 -2051.566441153782 -1584.8155221912778 1899.206847483587
