create_files/QSO_12_clustering_data.ecsv
# %ECSV 1.0
# ---
# datatype:
# - {name: TARGETID, datatype: int64}
# - {name: X, unit: Mpc, datatype: float64}
# - {name: Y, unit: Mpc, datatype: float64}
# - {name: Z, unit: Mpc, datatype: float64}
# schema: astropy-2.0
TARGETID X Y Z
[from data line 635]
39633162631908414 -1919.9959967964976 -3459.593129058918 3920.1704938035355
39633154008418772 -893.5086062126086 -1672.021626504777 1852.7791967256662
39633140913800130 -1240.401473236678 -2325.2452388012866 2503.932156608039
39633149663119799 -967.2484068327807 -1807.975543424229 1972.7178112104386
39633153991639563 -1954.6161399135967 -3424.081594727298 3853.8086626341014
39633123197062012 -1460.8413930399836 -2650.562109146531 2764.740959113145
39633132105760839 -1402.073255920673 -2720.063725960088 2841.7191545688947
39633132088983744 -954.6341836020484 -1749.3711314696225 1852.5388200668822
39633158324357696 -1457.31989113872 -2633.6514775662354 2952.0846132145525
39633162636103163 -1425.273846054494 -2608.3507308423195 2943.958265200865
39633127643025237 -1187.0414037789535 -2119.786884910288 2237.2986670248706
39633158307580912 -1083.1806036989967 -1852.2961073599645 2102.726277018405
39633149642146546 -1947.5044985713303 -3367.263608133465 3758.71004264555
39633154000030944 -1599.7940275109975 -2914.4267838597325 3248.097914790493
39633162636100874 -1659.0760251527743 -3013.493421419318 3401.4666058416938
39633136513976028 -1948.908990244084 -3678.5083778952044 3930.271227076145
39633149663120156 -1594.1433112740046 -2983.8704842042275 3272.39362797842
39633123213839414 -1371.8728777520987 -2642.8099417161443 2719.5188999223756
39633140901216825 -2137.3848207619835 -3831.9820721785636 4175.996514600466
39633158328552089 -2134.947236226095 -3915.4921184283107 4385.660273019342
39633132080596588 -1800.4724416984325 -3224.0512721407085 3432.5994084014173
39633132097374853 -2025.2487990176708 -3853.505532515118 4043.88624754389
39633136501392422 -2182.8339970336688 -3938.0482531850744 4222.749282517307
39633145280071864 -2009.630182661286 -3556.2562961169615 3910.5456010346734
39633158336941588 -1527.6418123762326 -2895.34529820332 3205.1245147288187
39633153983252687 -2484.03260916378 -4254.502778887877 4819.968131474534
39633132080596896 -1929.4865193284033 -3458.3325987229564 3681.7397385084114
39633123192866106 -1798.3328766377879 -3201.0965657612473 3361.506392092601
39633149642146355 -1436.9277741812077 -2482.468764851277 2773.4231088691304
39633132093177916 -2214.775637464991 -4114.494486031383 4372.114069212486
39633123184476479 -1399.6684133799936 -2415.9736708704363 2549.8024635990164
39633149646341302 -2384.314747681967 -4186.59584541144 4652.159487506549
39633127663994576 -1621.374693715231 -3089.6271421376555 3228.393343855541
39633145275879165 -2097.6542374820383 -3681.803586930584 4058.672905604469
39633140909608981 -1202.5948678982847 -2245.786015904839 2408.5928820196477
39633140909607606 -1533.1880233316174 -2849.1871869190636 3081.3319330812146
39633127659801477 -1566.7470520385423 -2955.4954349158393 3091.230787747985
39633158315969327 -1313.5087912734434 -2308.491236375905 2619.72301135232
39633145280071862 -2214.011263909937 -3917.9135829797265 4297.173429322493
39633140901216473 -1722.8651401420914 -3084.9467585630714 3354.2782584148467
39633118730126014 -2059.479299253588 -3760.9887063213746 3898.04134694831
39633127668189040 -1466.0033964933098 -2833.3421437928787 2939.2547834626425
39633158345326739 -1471.7979308683823 -2836.094082093476 3132.4185005004333
39633127659802322 -1581.9939316154391 -2992.9882662612226 3131.890241660729
39633123184477973 -1698.8459425318683 -2945.7533991989762 3103.882928806187
39633123184478696 -1989.5282042551223 -3457.0791743547634 3642.1647784132388
39633132088985857 -1677.4985464713222 -3096.3887995879427 3272.408227689123
39633127668188895 -1974.1923657030738 -3813.6325951930557 3954.622258223702
39633114229638093 -1176.3187182384931 -2101.542472265219 2177.0237737263533
39633114229638032 -1443.4008392871335 -2577.9820324169755 2668.6877146684938
39633145271681449 -1783.7365143728725 -3051.6965528730275 3389.3863764057137
39633140913800043 -1590.8935330776399 -2981.1565444100497 3212.9077575902193
39633118717544931 -2010.7920430108247 -3542.6991868355076 3701.5673382248083
39633136513978014 -1860.467567522984 -3540.0154717992423 3749.679212355693
39633162627713815 -1682.1562877103956 -2979.278003466163 3383.2890162117938
39633140909607942 -1657.7597558806744 -3084.0095403128043 3332.5878663111025
39633118734323173 -1792.257529189302 -3351.394072052564 3452.646792535059
39633158341134921 -2146.1029239444892 -4110.671655934467 4548.225835000699
39633136518171043 -1684.5752143394013 -3233.368641791945 3425.9415533530523
39633114221252411 -2465.0525210333294 -4326.081168410569 4494.336486814791
39633145309432684 -830.5574590233814 -1630.8942384492773 1759.3906802842423
39633140901217385 -1811.1848358983502 -3253.167007444115 3542.315413189535
39633132076400816 -1964.0298687194006 -3450.9714978300617 3699.5160392308376
39633132097372844 -1614.9203490462037 -3050.0311847800845 3216.335756743974
39633127672381644 -1206.7101957265538 -2352.843393625927 2454.7826223206953
39633145271682458 -1901.3135825351544 -3264.2700116791707 3602.5188810168306
39633123197061451 -948.9121384102319 -1718.3339449204223 1805.7119621225604
39633136497199754 -808.0284428154115 -1444.7831026105173 1557.6354844381995
39633132088983674 -1776.278913646807 -3254.152100645847 3465.1699931256912
39633127634636870 -1987.5982866334496 -3457.4236289898126 3700.8020872776824
39633140909607294 -1292.3906397334008 -2399.328721706863 2596.4077906278394
39633153979059664 -1755.0279873905686 -2980.6563377810985 3370.5007722272676
39633127659800867 -1282.5284901050652 -2414.1105194403226 2516.6385418241716
39633149654730408 -1887.1643555435005 -3416.62432708932 3779.048800067001
39633145275878031 -2256.633089189665 -3945.7269610337758 4362.6856640597925
39633136505587112 -2287.280122363921 -4195.340665892844 4495.979258995411
39633136505587427 -1856.0501217074693 -3408.465452651239 3651.112900969025
39633158315969162 -1650.4511801733581 -2899.1078339579412 3289.3261837731993
39633158320163676 -2146.3984256025674 -3823.0916404263626 4318.246443344099
39633118734321309 -1774.3185540287514 -3296.7300936004112 3409.2815242185575
39633123184480564 -1328.1996387478246 -2321.2029190544044 2459.5857714733384
39633158341135861 -2003.5377067816282 -3851.1792671028957 4250.927329797691
39633154012613176 -1264.6824459918882 -2398.024381299778 2646.7498421138457
39633114238028922 -2130.7121111965525 -3944.3904812641804 4048.4483524904576
39633123209644062 -1763.8887927966928 -3329.895798694165 3466.019302989848
39633153979059636 -1617.052769782125 -2746.110653117799 3108.681991260161
39633149642145872 -2226.015416143372 -3838.262850212958 4301.694397477605
39633149671507544 -1217.5299255332086 -2334.2488017372457 2542.158281759271
39633140884443261 -1721.504380461083 -2953.058938033552 3257.8543571715327
39633158320163047 -2148.374708734157 -3819.1993376883875 4315.1070914104785
39633123218032163 -1420.8223179101456 -2757.1485404670375 2849.198721291756
39633158315967393 -1976.3584728377778 -3450.4427338835026 3914.5882725409497
39633158320164877 -1710.7564234116871 -3058.9303608048517 3455.71482488073
39633153987448007 -1622.7039333794346 -2830.5206937514063 3175.0135561644697
39633149654730760 -1411.621764741941 -2559.176588332036 2832.2734810941256
39633140917996363 -1367.9152405372392 -2617.1540682389527 2813.050080175711
39633158320165103 -1615.2939755144357 -2890.314895273871 3246.70842514595
39633149667314800 -1081.4619927377262 -2053.8683833362506 2232.417501526346
39633140922191505 -832.3194379760024 -1621.9547199370672 1728.6864455184095
39633127655606049 -2322.7670302096612 -4300.770380215584 4528.910702582568
39633145280072317 -1687.6670793544429 -2991.2798587989287 3273.9736546574577
39633149675700499 -1713.4476692650278 -3316.157036887372 3608.047926825504
39633154008418639 -2024.7116050119453 -3786.8709789739287 4199.584327842831
39633136509782273 -1946.146078195721 -3629.842982393572 3890.459766713973
39633127655606041 -1694.9375011585103 -3138.1961450879453 3305.406913595909
39633140926384273 -1788.1375261072005 -3519.129462877769 3734.6657881169513
39633136526559627 -1255.3702971424484 -2480.847663905938 2615.780629467667
39633158341135686 -2014.4859299758673 -3869.701777220218 4300.565979222573
39633158345327905 -1332.9759335328395 -2580.1223962918407 2843.823901518616
39633114238027743 -1552.622127089523 -2860.8880255335334 2937.505736228893
39633145309432673 -1198.9430473948548 -2354.173708488093 2532.394263097838
39633123209643084 -1755.9000316100723 -3303.0624605862026 3426.8043324430996
39633123209644956 -1760.1720824668917 -3334.06306367649 3464.6878219464593
39633140922191572 -913.9667609413319 -1781.5216822648997 1899.4753551825045
39633127663993130 -1688.511196375182 -3198.7990534190167 3344.774261052671
39633162640294782 -1922.6018731599554 -3537.661136577873 4002.937861314322
39633145309430479 -1560.8058044202248 -3039.397232569253 3270.993538335749
39633140926382760 -1399.828037904982 -2737.8633152337425 2915.759397734811
39633123218031432 -1168.2777250440397 -2260.658501611436 2341.657659939719
39633123218031219 -1501.3311853581176 -2902.458128839136 3002.932071255018
39633153991642021 -2054.912105084662 -3633.658600858399 4065.3899364709464
39633123188671378 -1657.4371357278624 -2904.0470873652107 3063.3008360324584
39633123188671241 -1922.21900044201 -3366.701122083017 3552.2051161795644
39633132084790852 -2036.6209746898917 -3698.2448276943733 3926.2378531821964
39633123188670945 -1625.672395181352 -2844.9581152450282 3000.9150884154865
39633123213838001 -1827.9822147943626 -3500.230690654566 3625.7701936464555
39633127643022419 -1947.2693218337492 -3446.045272441337 3658.59844763334
39633145284264877 -1957.0438426955936 -3497.4696161608135 3835.1315975746184
39633154000031077 -2270.783543478357 -4139.017487855898 4616.294479383999
39633149675700583 -1212.1586610572897 -2346.75145774968 2554.26494210668
39633145288460123 -1933.616363271656 -3516.5791601341007 3826.1718717027347
39633158341136157 -1689.389199224037 -3251.095074785899 3599.9769798370266
39633114238027881 -2244.0677277746267 -4137.130733603807 4244.983850438939
39633123188673204 -2447.186065617697 -4310.358275169717 4523.827411489233
39633149633759594 -2288.4368787702842 -3869.796696909997 4347.213510207459
39633127647216604 -1894.6167524700063 -3397.9898669212707 3602.351413129728
39633136501393888 -1887.8919205475268 -3424.1671553773294 3672.1528735951724
39633132109955229 -1783.9133311037924 -3512.889948912002 3683.5792916180767
39633140922191742 -1651.6315678376423 -3221.5368026579295 3436.440280480485
39633114238029075 -1956.4269325856321 -3624.1621456450657 3718.636976445901
39633127638827189 -1932.0670254277957 -3363.59411207297 3595.948209398547
39633127638827262 -2059.976466997514 -3587.216237564813 3834.903054458992
39633127655607577 -2098.8679746453327 -3907.496354410712 4089.619707998736
39633140888635055 -2366.9930837928046 -4085.346556301341 4489.029608072796
39633127655607759 -2084.8091430986397 -3883.890563212492 4065.4380404425056
39633132076404235 -1763.0034280866357 -3132.963114701611 3339.5640152333235
39633145305236035 -2104.2399596297546 -4037.826361907049 4354.898096840165
39633123205448490 -1697.8583575806883 -3146.0934272976497 3286.910470330992
39633132076404656 -1367.6385393703358 -2433.5523923002434 2598.785002061959
39633145284265468 -1321.232776517767 -2365.6076499568176 2585.391308313961
39633118738514830 -1374.8631323772843 -2583.364678476936 2662.8090501061574
39633145288459988 -1685.473462043742 -3063.620568273227 3351.5521490155197
39633145288459703 -2049.2861375431903 -3721.1524848610734 4071.782771886638
39633149642146962 -1985.3961616351248 -3438.1512253560186 3827.9110483355635
39633145288459875 -1795.9166988548677 -3262.96571678084 3568.9595095387426
39633149675700447 -1547.3261350139749 -2993.93324285416 3248.5727210508157
39633132093178355 -1919.0657243401356 -3571.209088090082 3786.8020620939315
39633149650535712 -1181.6522178708676 -2104.837675339151 2339.476176255561
39633145288460429 -1497.3040903956787 -2726.059584215657 2981.8645509557214
39633140892828481 -2166.278068404065 -3780.329771964236 4151.1054355326205
39633140901217403 -1918.1904783126606 -3445.501322255007 3748.1902412544828
39633140876054039 -1979.7929705926872 -3300.972841181795 3656.0767685982364
39633123180285898 -1055.8374013630753 -1818.081133803005 1931.485523987702
39633140876054252 -2206.275333653718 -3681.2842462611275 4078.3349812657693
39633132093178285 -1904.1132535910774 -3542.4002059033023 3755.673159160538
39633140892828216 -1831.958829604046 -3193.73185922719 3501.4937152744765
39633118742709663 -1866.7144620013046 -3564.9606508440493 3645.5405428097383
39633140901217992 -1649.2928537904618 -2967.8556207890647 3233.3717571958964
39633114246417072 -1494.508324308356 -2837.2104528619134 2899.7482073494198
39633145309432440 -1410.477107058285 -2767.1274382688844 2986.169498473013
39633118742711402 -1833.7063310859169 -3525.9846602197713 3614.200290951895
39633149671508219 -1700.532761672818 -3269.5565544471724 3555.6149375567825
39633149675700796 -1615.5122109373326 -3130.3208629345245 3400.481304107845
39633118742710847 -2330.1061925702165 -4469.519007513767 4588.348049296915
39633140901218558 -2228.39096966533 -4016.8903071931454 4363.037184378704
39633127668190778 -1657.7429474914168 -3223.693425677061 3336.924685159324
39633140876054084 -1774.0701009486306 -2958.524426254812 3278.3263936229205
39633140876053832 -1467.2618990875774 -2444.4924751595377 2707.5509349456743
39633140876054072 -2202.9260244923967 -3673.5769660310866 4069.716790659291
39633140917995708 -1922.6897567473582 -3670.1834839586713 3946.37644766414
39633118738515814 -1898.3744123836818 -3579.141944777298 3676.1281036527193
39633127663993073 -1881.2786569857512 -3563.1908914341598 3712.2827538391175
39633140880245784 -1923.3504554357762 -3222.5692890066466 3574.177104037704
39633153991642599 -1842.8843686784628 -3265.630431817372 3645.6534335969654
39633149642146528 -1697.2674516561 -2934.379236735207 3274.0794378185474
39633162636100506 -1830.5426184833818 -3320.2936840856896 3771.315761315779
39633132109956005 -1654.7183020881605 -3268.0840802203397 3408.2470773442183
39633145288459336 -1776.0009672129875 -3220.8281286461383 3511.6007222471517
39633132109956371 -1874.1565596444352 -3706.767460506996 3880.341976950348
39633114242220395 -2212.734602832164 -4110.527329221132 4209.651667058223
39633145288459820 -1308.0665596687516 -2376.184097645086 2591.614328234425
39633153995834132 -1663.8519346238834 -2959.761412108587 3300.639263832454
39633132080595952 -1147.9339832406806 -2050.9507510297767 2185.892653448892
39633118717545163 -2241.782929444278 -3952.604452688482 4109.860305791476
39633145309430202 -1901.1854631372537 -3699.0443781708886 3997.6508345627203
39633145288460159 -1727.829358345799 -3142.66499087951 3420.951987577648
39633118742711514 -1926.004259521541 -3705.3140643565953 3794.436479091229
39633132109956317 -1840.4702746133873 -3639.4384414230462 3788.1967111495455
39633132109957022 -1366.0441212523456 -2709.178152431937 2828.3611716896066
39633140901220142 -1312.5712292247094 -2378.650452652859 2586.180496026869
39633158345327628 -1476.7856776944095 -2855.275204359199 3147.554452529737
39633118746903993 -1533.756649553908 -2971.333603224866 3047.869337576783
39633118746904272 -1848.7588178936142 -3585.617685880685 3678.1580329434423
39633118746902634 -2014.9981267460137 -3885.1491927318325 3977.789900551867
39633136526560789 -1544.3275597467941 -3062.712895300762 3222.4347235971786
39633149675700691 -2042.7525334800685 -3956.4194514272735 4287.802750370506
39633140897022554 -1920.2579300636346 -3393.9943382969586 3708.4303432110855
39633127672384406 -1718.9591422709095 -3382.1060481102936 3522.0665226186934
39633114238027189 -1277.0219396953053 -2348.95078356492 2402.5493936038365
39633140926385764 -1244.2204678414919 -2461.5563443383867 2622.105321299133
39633140901218545 -1349.9725857664266 -2433.342805782298 2645.2006708431513
