create_files/QSO_16_clustering_data.ecsv
# %ECSV 1.0
# ---
# datatype:
# - {name: TARGETID, datatype: int64}
# - {name: X, unit: Mpc, datatype: float64}
# - {name: Y, unit: Mpc, datatype: float64}
# - {name: Z, unit: Mpc, datatype: float64}
# schema: astropy-2.0
TARGETID X Y Z
[from data line 1702]
39628395469868741 -4057.513747489008 -978.3649732528202 2040.178172428767
39628373621736486 -4818.428859913296 -1111.9261710545888 2319.0476101979484
39628390025660896 -3971.3358088048085 -946.314235541079 1979.7863471329777
39628395469868054 -3990.555432214757 -959.2637899628708 1993.9432853034368
39628390025659954 -4568.255695470926 -1085.1639542666353 2271.9116873908692
39628362632661388 -5204.548003677489 -1203.6951963279907 2433.4347623025155
39628346073548721 -3970.254390251396 -952.2083238782325 1792.393712836378
39628379099498984 -5405.182023168264 -1259.2752458988766 2624.0455525171883
39628379099499426 -4788.293847315187 -1118.0446217591946 2331.9612435394106
39628379099499501 -3269.49214783656 -763.707274818044 1588.4763408841907
39628334996391974 -3035.853310968977 -784.9892571915422 1344.1284148596524
39628379099497591 -4656.489114758182 -1078.0462387882121 2263.421764586275
39628362632660579 -4466.6787083013305 -1029.5170069061635 2085.6845190643858
39628357121345891 -5709.386789037577 -1316.5348914185859 2636.2215041755157
39628390025659345 -5874.251814783279 -1392.7087878815555 2896.921534563164
39628368127202102 -3871.8260029277662 -884.5416362735814 1833.0445767469057
39628373617545756 -4005.991943750921 -917.9381454352728 1914.8440454682163
39628346073547899 -4858.702115400949 -1160.730173221215 2185.0636366123395
39628340570624447 -4432.741697724712 -1271.9837070822796 1997.3958775431292
39628329438942073 -4826.911737037459 -1307.1823266344597 2122.6552668792774
39628329438939518 -2301.503266159679 -617.6601874803558 1011.3591803327768
39628346073547028 -3731.893360528119 -887.6199316093231 1681.3157897863946
39628329430550747 -3373.772249964651 -872.3214540258982 1480.8723226049945
39628379149829267 -2255.665038373436 -661.6242711785361 1109.593582780095
39628384606620208 -5234.271681945798 -1490.9872586190493 2604.968798548045
39628368152366761 -4710.212538165558 -1222.1315047387766 2236.3470319191024
39628373672068064 -2986.985794693386 -873.9135379360121 1458.874053444651
39628368160753290 -4360.497709672964 -1163.498743625361 2071.5387154002283
39628373672069022 -4359.965117176125 -1280.8640543409035 2129.5213987067696
39628357171679616 -5470.759512569791 -1606.7755356560247 2559.893976663048
39628390063410191 -4129.473200856109 -1180.9151302436974 2062.2759144662346
39628346115490600 -2728.651998197677 -789.0240879370564 1253.2766604794865
39628357125538753 -3888.9205777116927 -910.8585359540895 1802.8042411010251
39628346073548514 -4004.462046901889 -959.5041187275705 1810.7672230099806
39628346073548660 -5155.434291025661 -1236.106689789099 2330.2189824133616
39628335008976373 -4930.110579851679 -1360.4316807425053 2203.949848512686
39628335013170822 -5922.874907496859 -1661.3289123219347 2644.68606529592
39628335013168222 -5246.945739366867 -1458.3159556951111 2336.1310343541727
39628329434745051 -4854.158066437142 -1277.5337574646871 2130.825142121772
39628329434745210 -4211.66563764644 -1109.0670526144638 1848.5983436222127
39628373651097962 -6003.107541349416 -1608.8954773936357 2900.2943162904894
39628335008976445 -2810.46072050647 -775.714722375432 1255.252187655374
39628335013167998 -2690.7820846039226 -747.2685228583787 1204.7727920942802
39628329438937549 -6049.608148185323 -1613.1942161669615 2662.7914544494565
39628334992195927 -2833.142451478496 -713.5159213193888 1250.9171307452061
39628340570623963 -2256.429602255499 -646.5860052427333 1020.7670023528568
39628368181727419 -3002.6673466265365 -886.7525715189431 1447.5117863394198
39628335013167548 -3777.5776152049707 -1047.5642526322065 1689.9534692760476
39628329443131965 -5383.011600741037 -1463.382567510247 2372.8723002071088
39628368131395953 -4024.1188878185176 -939.3235381130972 1903.649606356597
39628334992197770 -4089.9227772210634 -1036.699475094457 1802.0832318924354
39628334992198464 -3782.5480343514078 -961.665988817431 1675.9181546317802
39628335013170973 -2966.9748493316583 -832.7030244818862 1322.213530369131
39628334992197928 -3702.8866899669674 -939.2742621421268 1636.3564108758367
39628390067604336 -5521.357520192317 -1606.9719501042941 2765.819230763337
39628384610813703 -5142.974364763254 -1488.9352517748011 2563.490519407582
39628384615007275 -4369.262338872411 -1283.446319207197 2173.086628108322
39628395507618951 -3711.3523986787977 -1070.3431027472514 1875.947471729644
39628395474061571 -4734.357964559979 -1158.0303922710868 2385.3198645263114
39628400922461351 -3530.440797709236 -933.6761211771897 1804.5996459675691
39628406341505360 -5804.5889966909635 -1527.2783039642095 2979.2025184812137
39628373659486607 -4057.326976052504 -1129.3579362379535 1954.9558144746359
39628384610815008 -2973.5276962623884 -865.4481401933795 1470.7924737909664
39628373659486485 -5027.778021470883 -1398.615048810212 2422.6012441681064
39628395507615354 -4946.242391884208 -1410.6774672202503 2501.3257541980893
39628368181727108 -3977.4354956162606 -1173.077179725422 1905.239400543423
39628346115492420 -5345.6920127163 -1556.5464900829727 2460.617648297857
39628346115492203 -5066.647283206857 -1474.139588684824 2330.016644989341
39628395482448361 -5321.33601467035 -1345.4990944537217 2686.719703252668
39628384610816393 -5165.189468536015 -1510.6195415916752 2580.316689515084
39628400926655115 -4677.227540945493 -1258.5638528452525 2394.173842798406
39628379149832316 -4557.766722264121 -1350.5206659437663 2244.627429338335
39628379149832963 -5480.075867904774 -1627.4338004308436 2683.6685205769913
39628384615007987 -3724.5758313895944 -1096.7038840669115 1850.8010467987042
39628390067605045 -5534.761559870586 -1615.6722480806015 2768.794703413623
39628373672069406 -3762.5514176287015 -1107.1285522135513 1838.063279781874
39628400909880822 -2363.665310644308 -593.2371703691948 1198.1413765942343
39628400926657767 -3654.735957000093 -993.6921816837391 1860.7471681667837
39628379149831735 -4627.3626681352325 -1368.661991012884 2270.5885754026363
39628395474061475 -5546.340339775238 -1356.0737365808984 2798.6070683934595
39628384564678279 -3794.6295110572437 -890.3487857017908 1854.576742292477
39628373617546046 -3536.3705586266256 -811.2504891508539 1688.250182132646
39628384564676046 -3569.8340861806532 -828.9298657019517 1743.4148184223334
39628384564676239 -3539.5767959776663 -822.6928278072658 1728.2428297079723
39628400914075154 -4113.58981094925 -1054.558273254234 2104.8974507360604
39628373621735469 -3262.9380574352244 -749.4658839117875 1556.129137657544
39628395469869603 -2909.018790100689 -703.8635666579206 1464.3373564568376
39628362632660924 -2733.23055159175 -630.8547465171268 1284.063694409708
39628362632660833 -2244.6716816822454 -517.9066477910736 1054.951922650756
39628373659486284 -3907.5445845832437 -1086.0697042150748 1883.0430164006548
39628373621735906 -3998.201929444032 -920.1397235792977 1919.876386050452
39628384564676881 -3758.3290781578676 -876.0513325172925 1831.7264520553858
39628334983810852 -2880.4235518616542 -707.6509030380575 1274.3712691302014
39628329430549941 -3202.325220381305 -824.9546175630239 1408.0129483532903
39628334983810855 -4276.206825307544 -1050.5725003714645 1890.5370370265177
39628368131392661 -5365.014652480399 -1235.3268607168952 2538.613369661745
39628334988004525 -4031.279819198676 -1006.8278260165808 1775.6932076684354
39628334988003076 -4380.036413453534 -1087.5801895500342 1931.2471856330592
39628368131392043 -5426.484272366983 -1246.6034293921134 2557.7855635574933
39628368156558496 -2562.652234763718 -668.9750600752003 1216.6406930261865
39628334992196042 -5184.686302669293 -1306.2539233394368 2290.1543889408676
39628373676262467 -5387.195543972335 -1603.7931091378593 2620.0892960760107
39628400926657925 -3681.922798649578 -1001.8016941117494 1886.3675176587467
39628368185918786 -4026.2889838103442 -1197.7895799323258 1934.5129738086782
39628373621736199 -3550.788863797133 -818.2796396931091 1704.123394115988
39628379099497348 -3226.4478697330806 -746.2780677489898 1562.98748194926
39628340532873488 -5213.432458950801 -1250.5896456543005 2344.8071305997173
39628351597448619 -2158.826423994139 -498.5316761009049 989.2924708709912
39628351651972640 -3064.563064180835 -906.0091661272268 1423.197881362146
39628368185917991 -5227.842822437874 -1550.622518741023 2522.87933723044
39628334992196637 -4631.7166662311965 -1169.0205819265336 2042.7779062962804
