create_files/QSO_5_clustering_data.ecsv
# %ECSV 1.0
# ---
# datatype:
# - {name: TARGETID, datatype: int64}
# - {name: X, unit: Mpc, datatype: float64}
# - {name: Y, unit: Mpc, datatype: float64}
# - {name: Z, unit: Mpc, datatype: float64}
# schema: astropy-2.0
TARGETID X Y Z
39627933052046710 -5548.857799855785 -3375.5480146297464 679.0855582132145
39627951054001196 -4922.17183181814 -2859.1011359060926 668.7110799392015
39627933052047504 -2978.0092420587603 -1814.6213612884217 367.3647246287768
39627927041607555 -4817.131878463701 -2948.5890941929524 571.8696349491977
39627933043659648 -5401.521611986311 -3225.51463341758 648.1477719098616
39627884863684886 -3777.715984883962 -2208.0471398532472 312.12399970007874
39627927003859657 -4139.263129981145 -2317.402673149208 479.44174126848736
39627884863684948 -4803.849999488335 -2808.14848854145 397.3348363675019
39627884867881840 -3842.6845372354064 -2278.9437271048296 305.55616657189677
39627902936942908 -3677.204129294339 -2118.458340292706 344.84489396068335
39627921010198930 -3711.234385692462 -2184.3646072429615 406.4677066961859
39627914978787909 -4024.979277045666 -2287.303835270616 424.3155250071842
39627896905533439 -4134.592185688801 -2333.378547078537 375.49205679312774
39627927003859495 -4153.922863018343 -2324.8823384137268 482.125917542602
39627902953720752 -3533.1457230932347 -2121.36147240125 334.32492145527925
39627927003858146 -4463.805288019906 -2492.1089272944623 523.1191190010064
39627902920166494 -3477.893259580814 -1927.630901598322 328.0422291908607
39627890899292046 -3223.133759529543 -1917.8578527347975 284.1659742940956
39627921006002351 -4369.247008539593 -2535.9108069376225 488.27285583355865
39627872796672126 -4221.965842891234 -2442.1417051328376 301.8606864337727
39627927033217165 -4626.207477872305 -2766.9646412082243 549.8626487281822
39627896897144897 -4308.197816811983 -2381.838962682035 384.6413818666879
39627890886706143 -3329.392563403924 -1909.6154479053946 278.18372159684895
39627896934893474 -4452.164364242191 -2693.441039546472 406.5453525295318
39627896901337870 -3058.7615157688533 -1704.2098999566344 278.53676833799125
39627890869928190 -4515.827204863732 -2482.6708158374036 387.63214940700345
39627890865736726 -4397.101857239667 -2408.369961574115 374.3192939142181
39627878819694412 -3056.7198291601117 -1737.9548163022603 235.08014205988707
39627896926504417 -4901.2119828394825 -2906.846117157752 445.11340930530935
39627920985032422 -4797.402933548001 -2653.739915721888 522.3705253096716
39627890895094507 -3019.845294201893 -1766.6428093400946 260.8129065794915
39627902936942893 -5324.270350149492 -3067.2479284891115 498.45206315996523
39627872800867320 -3351.5094336288075 -1961.3635689650605 242.12375739778392
39627884846912065 -4762.301186847465 -2695.859663426638 390.67931962928174
39627902924359411 -4371.245872001983 -2441.9688026363074 407.80068855487997
39627896897146585 -3744.2584213404075 -2077.3861131608114 341.0147648611243
39627939041513043 -4986.553073543636 -2890.892375989303 619.2280455574564
39627921010201036 -3830.7468631232528 -2263.0499834643206 437.86690846422715
39627939041513031 -5065.558268741177 -2936.6326585708175 632.8514725368107
39627933031072069 -4038.6783897646837 -2321.3316066283423 498.30295613760813
39627884855296899 -3195.3686348711726 -1832.0770707168706 258.37739487099435
39627902915972423 -4709.787517117059 -2586.6593174342815 457.0895700309868
39627939054093661 -5134.154592063641 -3051.487205076632 641.0766165940955
39627902953719103 -4282.236975951813 -2562.7626539618886 417.1487309704523
39627902915972842 -3548.4132941666476 -1950.7339279356577 336.41228950644336
39627914966207311 -5779.729207899074 -3199.4879861373797 608.3533695871255
39627920980840666 -4889.617384806383 -2690.4801535532483 529.323201030176
39627914978788971 -5859.131841732062 -3335.9335717983477 623.9495176071798
39627920980840030 -2791.4470382426875 -1533.953457598859 309.32640034861424
39627878823888208 -3015.6866252028185 -1730.8448138505166 230.36305627024035
39627902924357947 -4830.660229268992 -2688.5752968419356 460.7236791165876
39627878819698418 -3535.4720402228804 -2024.004488762067 269.6160894894705
39627902915969877 -3851.3776030385966 -2101.858720910717 358.8429994688604
39627896892951846 -3063.9319802329073 -1680.4389671330398 271.2334054714256
39627939045705011 -4181.1912068272395 -2435.287766220246 524.437411736317
39627902949523875 -5105.809006627541 -3020.171281252826 483.2311860836821
39627914970401112 -4182.45819582486 -2337.173655588471 431.83608973401186
39627896897145068 -3208.9275891383986 -1774.774001593653 286.07380656724285
39627920980840746 -3673.5700036663093 -2021.7895468566535 398.8540746599531
39627902957912708 -4732.566818858035 -2856.314042563847 468.9730341950252
39627896939087005 -3134.814896241439 -1913.4967401952279 293.9489482473342
39627896926506242 -5091.957094199468 -3031.4306624816454 464.53827222709054
39627933043655671 -4481.122201918556 -2657.6322788590064 537.1434827767142
39627896918117538 -3324.7614613566766 -1937.5457395789754 310.3715525646616
39627884859491280 -3493.2926401398063 -2024.1512971470272 274.77931906357423
39627896926505482 -4288.762873431587 -2549.284574672738 385.9412639000254
39627920997613711 -4187.166870444462 -2381.426780731487 457.9584498316012
39627920997613684 -5407.910995833738 -3075.5456780267627 593.6396369243824
39627890886709263 -5239.840919239723 -3022.9430959869796 452.7351891967299
39627884855300244 -4723.706344270933 -2724.692008412442 392.98186778922303
39627933039465189 -3923.7522026049005 -2317.4150947564885 486.47695792315045
39627890895096396 -3257.041545385066 -1912.8894528837814 273.67197893833617
39627878823891135 -3167.6522979350752 -1828.2542963093445 239.81788334047778
39627890886710369 -5852.471540756562 -3383.5569979707857 498.3900915483928
39627933043660079 -5151.334930875855 -3078.9847245494184 620.5220372736824
39627896918119472 -2440.887076677806 -1427.5776820379344 227.68792892867168
39627908951574908 -5436.507811738624 -3072.457300649428 540.4199081927271
39627896922310635 -4529.302742039621 -2660.3600026596096 407.7163897301161
39627927016443299 -4875.274648767421 -2818.12529315223 573.2703737284813
39627933047850821 -4523.93701868055 -2714.349345041829 552.0676158251052
39627890890903188 -5285.75917277448 -3079.2708256704263 459.67285143462175
39627933043660115 -5303.702017822437 -3170.3031070111783 639.2699696894966
39627896918116329 -5253.020291998591 -3054.020814583732 470.08380512767235
39627933039465070 -4110.920738056316 -2427.4700454084755 502.56500506409
39627908980933660 -5408.539087127308 -3266.1423299394305 563.2831322326417
39627920993422553 -5027.147892126001 -2847.3247634217123 555.7850125197381
39627896934895670 -3059.0753242816354 -1858.1353445253862 288.06309645778094
39627884855297816 -5104.48931138409 -2931.5868509108136 419.1259514093723
39627878828083229 -3638.3900607528635 -2112.7047539079367 271.1747182281156
39627884855297614 -3191.0364969962716 -1831.9863393188446 256.6096457134673
39627933035266074 -4513.250781229399 -2619.0165373495533 553.8762780394464
39627878828083097 -3509.5681178828613 -2037.4298850074072 272.02442419678107
39627884855297590 -4849.049142385762 -2783.7724810109667 388.99081084266913
39627921006008455 -3425.0843486408344 -2007.308758968146 389.35171863263224
39627884867880186 -2823.531117986069 -1669.7401391467301 235.67769887967142
39627896913920679 -4359.200794854663 -2502.778260679007 402.3594923952457
39627884867881600 -3850.392500045611 -2282.6488317332633 313.50904199207446
39627927024831037 -5066.082520910879 -2985.43367024714 598.1063223536701
39627890886708741 -3919.7139510575676 -2259.2382807557096 326.6293668705366
39627933039464903 -3057.638724194997 -1805.0821674578397 368.5773829383307
39627920993422706 -4077.734672401231 -2310.174002465664 453.70171971878653
39627920985032993 -3218.770124127648 -1782.588593747152 357.2621107274319
39627920997614078 -4082.2548278487034 -2323.354634542072 444.73682554896556
39627890890904263 -4154.095220919964 -2426.0647175195045 351.2613625486508
39627902932748072 -4382.756561363748 -2497.0325371648146 421.68419190371276
39627914962011363 -5620.318955920359 -3069.105357331099 577.2810958238925
39627896918116901 -5179.654484339111 -3014.854878185341 463.8061252621359
39627908938992441 -4020.075357253737 -2204.5212371573816 407.14961694297125
39627939033121203 -5371.365010022027 -3030.7710960192258 672.3574094125012
39627896892949491 -2587.6435783518887 -1412.248765450618 232.07321677717837
39627927003857296 -4065.6697722028543 -2266.4425677343897 475.3039287301518
39627902949525036 -5140.452805852713 -3048.1991891747143 495.6029845807259
39627884851104981 -4466.22226634371 -2546.204921557476 357.3099959914672
39627884863685515 -5127.940608178729 -3001.595207692863 418.37374647290034
39627896909727725 -2748.556977952433 -1565.7850915888926 249.23975898102503
39627902945330208 -3755.1346572465604 -2202.03584839458 353.6184275268552
39627890874126092 -3217.70125666346 -1801.1954151293332 269.7738357539089
39627890878316702 -2875.016088853688 -1613.3225960519733 240.1153461690091
39627884859493117 -5018.742125859123 -2918.531117938431 396.05273547926066
39627884851104477 -2171.620717826715 -1236.8926675406442 175.05697707729865
39627884859493235 -5094.009920575575 -2962.98022531254 401.64653159925365
39627933031077132 -4314.229764849831 -2503.1187824693448 529.0104834611197
39627884867881653 -4621.845128845076 -2740.206196517319 369.0991637153896
39627933039464049 -3396.723676265094 -2002.4816843949125 416.0331022024328
39627884859494406 -2038.6881632635545 -1188.4144547766077 167.29846428792146
39627939041509597 -5463.471348716514 -3144.785047390637 688.5777844312712
39627927024829731 -3636.6467454775493 -2136.8904879060765 427.0741486976425
39627933039465644 -4092.024694021741 -2418.482639867576 490.6624940778512
39627890890899517 -4189.826299057747 -2423.2116762208534 355.4388831612472
39627896926505429 -3845.285676750172 -2285.4389507716032 347.1592822460675
39627927024829289 -4757.036680385558 -2792.780891993272 557.3234945091282
39627945047755497 -3676.77505812422 -2126.367884995496 478.66958490679116
39627884842715927 -2923.2139796810693 -1631.908015003673 238.61682575342337
39627921010200824 -3782.9796601969833 -2234.092738951266 426.4410097171568
39627902957912404 -4311.490444583369 -2600.8570892050643 414.7250979378678
39627939041514393 -4167.799527240855 -2422.2678305697905 531.2746252510124
39627920989229177 -3260.0432752555503 -1830.3000282205937 356.30715523179043
39627914978789637 -5693.386078611162 -3246.002633773044 593.4697821765033
39627927024832295 -4973.745510175627 -2938.329209259955 593.7812816473959
39627939041511015 -2960.9619097740397 -1709.489465249271 368.94923323607037
39627890874124865 -5530.01908693029 -3087.1643515598325 466.61503832431345
39627927008055295 -4617.018680421136 -2618.4618957887633 532.7421583781531
39627921006004704 -2808.375227216272 -1635.7852181371118 313.1110891862279
39627914995568251 -3755.0103308966773 -2235.5247649847247 404.40449621741027
39627921018589537 -3734.8908991397248 -2251.1132432600198 415.35447213818395
39627878815498905 -2382.2851523196787 -1337.9725313187046 177.83213593316978
39627878811304893 -4296.92283581408 -2389.9750928116327 330.48407155729933
39627872792481416 -3620.4443526734167 -2089.876988111495 261.6494987488627
39627890890901721 -3749.478174384175 -2177.8608285628775 328.30538371863497
39627890899290130 -5198.780612529281 -3080.861736459263 454.91702882484236
39627872792481573 -4917.598059265559 -2839.776593032212 357.4363650213031
39627872796672496 -2574.1082921427765 -1490.0927963610645 183.0948270266616
39627872796673235 -3383.336071534653 -1961.765007275309 242.99999188680036
39627933031074096 -3516.2773281630543 -2028.4374644711124 430.4980827472962
39627933035266673 -4502.156984662155 -2615.586753068624 557.354967987242
39627890886706936 -4016.706970036322 -2306.900792935604 338.24710149960566
39627933035267047 -3272.0978941762273 -1902.3858141284825 405.57900939464184
39627902949528119 -3262.0908122721 -1945.8915229521092 314.34715014168853
39627896913921256 -3928.390743635265 -2257.6108720687375 349.8632517608627
39627884855298402 -5009.98507582887 -2880.2063899480618 398.847140642455
39627902945330818 -3926.803231392841 -2305.477149927287 380.50832008799824
39627927024830600 -4930.038149691149 -2902.6379747307396 567.5605196711106
39627878823889695 -5025.370946660857 -2892.642478360646 384.8396681815481
39627927029026724 -2785.7056272477926 -1661.0191651343216 330.029211904428
39627933031072359 -4910.917917683369 -2824.346434535251 587.2404627939935
39627926999666650 -4335.960523095934 -2409.828649813418 492.91634758063157
39627896892952502 -5180.72345791274 -2845.189341084026 471.24246461311316
39627896918116657 -4538.571246601381 -2640.4324291045486 408.3288292612054
39627933043658275 -3792.2928009172942 -2259.0454339958865 460.70844655707947
39627890878320048 -2834.8144077450183 -1602.667745700273 238.08768707754618
39627896918116793 -2336.8721761354514 -1359.8798471394364 210.0471204109285
39627908972547878 -3707.0233093808133 -2207.8919607792986 376.959713368254
39627896918116912 -3468.929708394733 -2019.1734209687684 312.7178943699926
39627927012247193 -4990.034545741804 -2847.106525133357 585.4960139048843
39627872796676233 -2616.880892979495 -1527.1071301343572 191.77941317676976
39627902936944779 -4732.607315120046 -2735.702183614327 443.9429578345471
39627902920167341 -4227.910381353157 -2347.8964296238723 401.70588767181454
39627902945332033 -2404.7029855617166 -1415.0513849008096 231.9501965121665
39627896905533635 -5164.209861581299 -2915.775936205324 470.95885856503816
39627896905533233 -5504.8449381185765 -3105.2945756023196 501.15242042815026
39627872796672655 -3046.9212441541454 -1764.3364104497755 220.21257142281374
39627872796674563 -3663.5376511619256 -2130.9433017336737 265.78677816922516
39627884867882404 -5372.199281083493 -3189.3155583541757 438.6565830133163
39627872796672572 -3872.3541566169765 -2241.94347553333 277.9639489817272
39627939045707490 -5371.092276359149 -3141.135063703888 680.0405070123469
39627896905533368 -3961.897174688851 -2235.5563051925387 364.88121910039376
39627902953722901 -5114.958267963314 -3083.311032060723 505.493210818726
39627927033217565 -4961.484855675438 -2969.8780022510587 593.7681805435896
39627939028930260 -4544.121770656398 -2553.3557152028493 576.6940804167571
39627884842716417 -4659.810061707563 -2603.568041528359 379.5504692985488
39627914999764332 -2537.4421718202843 -1529.5088466165018 269.58683229974025
39627890865736604 -5184.51788596329 -2838.835384275465 446.90599302899
39627939028928588 -4906.712230076495 -2748.3250958480435 617.2132246790246
39627920989225704 -2764.668746280665 -1542.280881064581 307.73843463679043
39627914966207279 -3217.0161344865955 -1780.7390485993233 341.12834910829923
39627908955767173 -3736.957721141452 -2122.705838089831 368.83606091786584
39627908943185875 -4768.650160371604 -2634.682653248873 470.71871009643763
39627902957915772 -4125.289292510306 -2503.107053621172 410.85322344503055
39627908943186660 -5373.061957311899 -2973.5944236807736 531.0275920064856
39627878828084651 -5880.452626753806 -3424.217892130545 450.63834969813746
39627896913920546 -4300.8791829094625 -2468.7051138726474 398.210225643759
39627884842716516 -3663.5169880926633 -2047.3090814195004 288.6898533288014
39627933039464780 -3275.5280792472067 -1933.3191676651556 391.9320404298475
39627914978789151 -3348.2376376149664 -1907.109683676708 348.0358973993652
39627908943184459 -5938.384111468666 -3272.185205185744 593.5104178387744
39627945043561135 -2497.2399614635083 -1429.6037854410692 322.25702365361263
39627902962109092 -4921.347314072073 -3009.548020612048 484.2845013280514
39627902911779677 -5173.524626817293 -2817.4882806187866 478.9156950529927
39627933039462269 -4548.69751302334 -2674.105563329294 546.9955683448852
39627878832277536 -5922.4888790860505 -3474.7305250957816 458.82782238177276
39627890886707165 -4278.325804998439 -2458.1005472411753 361.7093994115086
39627908955767178 -4020.2948963524245 -2283.6603418149225 406.3149979022537
