create_files/QSO_4_clustering_data.ecsv
# %ECSV 1.0
# ---
# datatype:
# - {name: TARGETID, datatype: int64}
# - {name: X, unit: Mpc, datatype: float64}
# - {name: Y, unit: Mpc, datatype: float64}
# - {name: Z, unit: Mpc, datatype: float64}
# schema: astropy-2.0
TARGETID X Y Z
[from data line 213]
39628422552489677 -4481.153875984492 -1282.1971876642199 2402.706777669584
39628422535713789 -3731.9932605270155 -990.4686225279377 1985.0683465351826
39628427900225244 -3986.891059022898 -1005.0927736830931 2131.702703214535
39628465175004290 -4311.4097624961105 -1196.2299615753004 2494.697315918199
39628433273130686 -5025.036001912841 -1362.3070872572187 2743.7495768131794
39628417154417087 -3043.6346944878874 -808.0098560745382 1602.6706053488372
39628438620868583 -5520.238902821594 -1496.9336918435679 3055.732243495585
39628427904423302 -4231.72883838748 -1102.965932042094 2276.1900414514494
39628459894376427 -3399.710400673502 -961.4931647680544 1962.605128890323
39628454601165947 -2113.943334679991 -611.900043036298 1210.6711295485977
39628449270202963 -3482.4084028676875 -900.7707373425919 1956.3300844224623
39628443956019745 -3190.2032244176708 -857.8238383664593 1772.2162950189265
39628470434661502 -5370.652726798685 -1406.9147293493502 3149.7249123531105
39628427908612775 -3927.989520590687 -1027.5360781041397 2103.047676217769
39628443943440504 -4529.826835300401 -1161.3984494347224 2524.281824405915
39628433289906298 -5779.24591266727 -1679.8035399897915 3156.8262002737333
39628449286980983 -3350.126454242909 -942.5179215040902 1885.1962050577524
39628411756348658 -4873.843355194524 -1296.5433390245641 2542.5468689049358
39628422552489698 -5039.027953232744 -1441.9124316315076 2695.164936928275
39628465162421496 -3113.0993459689994 -814.5099085896267 1795.184232880405
39628438620867633 -2356.8243599036714 -636.7847240557915 1303.3049994985429
39628459890185495 -4262.1403407998505 -1195.1613617405294 2463.4178007034466
39628459890185384 -4665.579034481683 -1307.7018426780883 2697.469217450449
39628422544099394 -4279.782374151029 -1170.0219486928577 2282.802811494416
39628427896034448 -3218.5495556921264 -805.9513461834914 1719.3926523686698
39628443935049132 -4130.677743328436 -1006.3151523207313 2278.548865742106
39628454584386267 -3180.3802520267236 -844.0449411739555 1803.5925640735234
39628422548293208 -4711.619024723811 -1310.0691779183533 2507.39890582897
39628422539906251 -3938.030840760597 -1061.500399558437 2105.8843539406025
39628433281519274 -3843.2632807942828 -1085.2398230731908 2099.6253786640445
39628449291174532 -4343.015670737418 -1240.4235692854975 2447.050595392321
39628438625062501 -3962.553007365648 -1096.1231550175441 2192.1672531413983
39628465145646683 -3649.082253069364 -886.4380513029561 2094.8533703163835
39628443943439797 -4638.547142467558 -1186.3266273180618 2564.260995876086
39628449266012756 -4920.740331410149 -1267.3010072189602 2752.1485159546337
39628438625061918 -4373.500892928581 -1206.8381497549613 2415.5248902603616
39628427921198003 -4540.810868608434 -1271.851515395394 2446.4839490601385
39628417150226210 -4218.2244601151515 -1111.7810129650436 2227.9452194372047
39628465175003428 -4289.00526039935 -1186.7211931836762 2483.828360116952
39628465162421071 -4996.153689970218 -1304.7004060417548 2897.7705658859427
39628449278592490 -3714.791261720423 -1004.1589091322456 2099.4168201402795
39628433285714822 -3559.306593577846 -1025.7865083011407 1953.5143792986341
39628433289908451 -3787.959483835692 -1110.39804687655 2075.8926929638915
39628438637642469 -4055.224856722363 -1174.9455200251437 2247.1267745400423
39628433289907807 -4905.896952854896 -1434.556266370586 2698.4494871392244
39628449253428820 -4369.45424823628 -1053.3752512238952 2452.6393830485877
39628465149838698 -4448.802948440305 -1092.6839574380692 2572.5596137095768
39628427908616787 -4016.6571939573805 -1067.4561963036076 2158.092137731369
39628443939242556 -3849.097550935611 -954.2531817276788 2140.173903505612
39628465145646174 -4545.17484135779 -1101.9664778510617 2620.780901118264
39628438641836385 -3645.9936628873766 -1074.0487107270135 2019.3595989423734
39628433256353935 -3786.7973707367664 -947.3411146207045 2058.6269146908053
39628470434663054 -2224.8025944272767 -586.2814205207573 1297.6748712836572
39628449270204541 -3179.187949140947 -827.0968877932377 1788.548176557177
39628465149838918 -3964.702338213391 -974.5196994032902 2280.136706141395
39628438625060318 -4521.380158753018 -1239.9395928032507 2484.8153716461925
39628438625060044 -2334.6505182339015 -639.6780088665307 1290.450978416044
39628422539906806 -4821.78203573903 -1302.8866081092572 2569.5995544456846
39628433247961420 -4431.98465072071 -1045.6011877316419 2399.306175109125
39628449270204870 -3591.4815273899553 -935.4928609961155 2020.156891724006
39628459873405881 -4663.825611657111 -1198.6985902835438 2676.197136786287
39628438629254726 -3935.685802010482 -1102.010127185062 2164.815183340371
39628438637642672 -3329.4698833553207 -965.5955872763477 1836.8139399328008
39628433285710144 -3543.434599643807 -1003.7513694386151 1928.086866719482
39628465162421922 -4489.686040819945 -1176.7047996991832 2603.4712256953057
39628422531518489 -5953.455189148024 -1543.81632001934 3166.574057095185
39628459877601210 -5552.521294458581 -1463.1086608017476 3184.1266619541225
39628449249234190 -4924.172466951949 -1159.4685418034987 2734.705793238334
39628427917005016 -4095.4058462586086 -1132.383713130159 2213.92531903542
39628465158228418 -4666.920015230384 -1202.7836267663272 2689.0629977361436
39628449249234931 -3863.7781555814718 -913.0532206523516 2161.794599311575
39628454584385957 -4762.954563567323 -1262.0575436864328 2694.069649934451
39628427929585008 -3631.938976281752 -1048.8798961805535 1975.680765564316
39628470422082394 -5069.091291731528 -1260.2007535241569 2950.781247028708
39628433260547085 -2441.8612550298467 -622.4172138598194 1323.2535809906656
39628454576001725 -4609.553469233493 -1191.8736670839326 2609.7826134880575
39628417154417296 -3156.3882863440676 -838.7664825016169 1661.3923607293736
39628454592776252 -4049.7878871364483 -1123.2647325112673 2296.3102045412043
39628433281519652 -3519.238784086749 -995.4511428772305 1925.946130809803
39628433281519690 -4633.293134075155 -1310.7500457313695 2535.0766743720956
39628433289905844 -4227.131226611526 -1226.4724212715623 2309.0926272100755
39628422552489957 -5046.496901376633 -1445.4033740570235 2700.6390080559463
39628427925394008 -3690.8431936752772 -1060.1395609064186 2007.5968478930756
39628438637642844 -5186.18388985351 -1505.438184091601 2885.353733592168
39628449266008367 -4623.292377502548 -1170.88519803777 2602.4247265114022
39628454580194338 -2434.4826978295355 -639.5826751071322 1374.363353902756
39628449249234819 -3883.4741944731604 -917.2269922583779 2171.8228760750335
39628438612476703 -3785.349646996067 -975.8283364408475 2078.1967281104767
39628449257620478 -4156.440579860399 -1011.411382463083 2323.5537375939703
39628433273127876 -2919.090855864704 -782.5054834450342 1597.160052476008
39628449278594478 -5406.424265587429 -1473.5606920783268 3053.9109865970395
39628417150225955 -4556.316885181297 -1199.6173076896876 2389.5773120576364
39628443939246282 -3228.50128899979 -814.3561311858407 1791.1801955804724
39628433264742688 -3553.952686714767 -928.6748546057032 1927.3792655384066
39628465170809491 -4366.946760506803 -1185.7159927442865 2529.2276491882053
39628417162811362 -3520.2587009218273 -987.479081633487 1868.3072337085537
39628465175005613 -2770.302466659584 -772.0949232794565 1609.9297764085713
39628449253425727 -3227.8703455791283 -767.211291137476 1798.2593907939402
39628459885988915 -4273.507684606466 -1167.4547312184216 2454.0012284541526
39628449257623682 -4046.163937738431 -998.5969367270258 2252.690860125925
39628459890183562 -4115.204130017372 -1145.703651155379 2359.1331177185257
39628443935051711 -4208.214953190345 -1037.4220140562124 2339.421243065632
39628433247965041 -4386.420877591449 -1049.9726467777616 2384.6061182109106
39628422539907086 -2076.3085682482215 -561.6715282015241 1110.568780049225
39628422531518305 -4024.4011673302525 -1043.0076923785293 2148.6967059485223
39628433285711980 -3989.1815253313466 -1137.9443841076186 2175.4421495049573
39628433285712041 -3556.91455619467 -1014.8576638381084 1940.3528433616345
39628449278595562 -2053.415767247373 -562.7456221801177 1159.9461001961674
39628433256352961 -4436.484894820022 -1106.4708864350048 2403.026520103805
39628470430467923 -3787.4990622221767 -974.9003322147007 2221.0583992815564
39628433247964403 -5464.459378753346 -1304.650813619434 2956.7832761033374
39628433273131495 -2897.750023379674 -788.1401813722184 1588.1598399006032
39628470434661105 -4805.017701396498 -1256.6909325677948 2811.58585523511
39628438595700753 -4240.151583107355 -1009.6265345597834 2314.3871835579967
39628438608284452 -4649.483163857107 -1186.0773818377886 2547.2552128133934
39628417162811453 -3820.3575639658234 -1071.9536711205951 2020.4447101840985
39628422544101121 -4414.734536879967 -1215.8019463748283 2364.154588773876
39628433285712942 -4463.0977620483545 -1277.406695061042 2429.7731498936964
39628449278595200 -5016.669630154306 -1371.9918588749752 2828.9531257459525
39628427912810729 -3182.286036740223 -860.8122608823023 1718.028600136596
39628454580193817 -4139.071224411478 -1084.8197721955248 2352.898592802354
39628475690126354 -2900.264269429395 -751.8110078367198 1704.3072696675035
39628449286980294 -4257.138293181564 -1193.8087902095428 2412.340049162957
39628449278594915 -4833.25697381668 -1320.1243696347321 2727.153102664932
39628422531515898 -4672.91526356796 -1199.6023301190942 2487.7854272003397
39628438604090494 -3269.59313390325 -818.1495028140955 1798.2218009988558
39628433285713935 -3218.452225793375 -924.2860034339216 1756.5436119247743
39628422531515605 -4191.9102674422265 -1075.1535069763013 2231.8340443741245
39628459894378298 -2570.072356936356 -732.239527614433 1477.213554105085
39628454575997546 -4285.630927107329 -1090.462819482559 2431.6180163428357
39628427917000841 -2269.49846870059 -616.2893509923958 1219.7306360905854
39628454571805706 -3806.354086007358 -958.9558856715178 2144.3128964316
39628459894378518 -4867.019773653391 -1387.7715260530347 2795.199499100456
39628454559224872 -4365.61593697388 -1033.1992260543836 2449.5225066221205
39628417141835392 -4967.996604934328 -1248.7984849580187 2612.1156783099395
39628443939246233 -3886.7371389463965 -980.210473968742 2144.9819643571705
39628422539906750 -3041.1757279176295 -821.5511025146012 1627.3985346148766
39628433281519535 -4188.398002193519 -1184.1013675113297 2299.6828694406477
39628438641836734 -4629.444090513784 -1366.0059028218288 2564.72382572879
39628438629255500 -4367.169016081149 -1226.6923447164831 2408.5878553316525
39628422548294534 -3696.9467810760534 -1033.227045463431 1971.5062869509447
39628422548295850 -4628.098333186033 -1300.1044179931835 2469.8882763968268
39628427917003476 -5063.145917323722 -1390.164042279098 2719.9710486001804
39628411756350919 -3784.386719249557 -1015.7995718280207 1982.2368379961645
39628438604089956 -5580.710357771004 -1393.2494718490866 3051.4804147011346
39628422544100633 -2347.351868347545 -645.2277711517726 1248.6425148370822
39628422523128934 -4059.701614303662 -1006.9119926360236 2162.5311512012277
39628417150222452 -5948.3276913585405 -1545.047529441663 3129.081442983097
39628470417889069 -4142.511112481366 -1013.847931503218 2402.058728326324
39628465175007572 -4770.225146194921 -1338.304056325281 2771.8687527591655
39628417141835821 -3034.5068826062998 -764.0963674874461 1600.6683773190332
39628417146029947 -4245.598401156855 -1089.3390219000194 2237.2470959924826
39628433252160269 -3997.7744696978557 -983.5861247867157 2169.695166678761
39628433247962273 -2929.749896051434 -693.7328363997824 1579.1383047932597
39628438604089605 -4036.0002413705993 -1006.0111403466504 2208.585040284161
39628438604089735 -5200.034622140461 -1296.870997408579 2839.732719760353
39628438604089814 -4020.0710063009606 -1002.9370355437622 2195.3961847896594
39628438604090675 -4594.14467093139 -1150.466955861592 2523.8181773372758
39628438620868549 -3527.6389006877725 -956.4570653035692 1950.630144940745
39628438633449744 -4104.239617127327 -1174.3919907865984 2264.3940309767636
39628427912807670 -4532.968786466735 -1212.7970795196807 2438.7703338286087
39628459890181258 -4003.982017142892 -1106.5935626728465 2304.8275195030155
39628433273129783 -4328.933361032464 -1169.1283011748021 2351.8000193166727
39628433268937401 -5642.329122000507 -1506.0244702363846 3056.3770369443964
39628459890181914 -5376.912471899299 -1488.809790054811 3100.037608669678
39628433264743179 -2062.4570039989776 -539.936611687638 1124.1771322614393
39628454563419337 -5725.817241505396 -1387.9872565109442 3218.5080457492427
39628427904421869 -3381.1096241708383 -876.1284137863814 1815.0848590444589
39628433268937283 -3508.420452331473 -936.0006580651983 1915.0116517894653
39628459869213305 -2912.5862748617274 -737.7403536497452 1662.950574784475
39628470422078321 -3324.746231287546 -816.2773036377401 1932.7082558314312
39628475694318427 -2639.1170488991565 -693.1236555641074 1556.222190748025
39628470434664134 -5287.253020024944 -1399.2268216201653 3099.891957766335
39628454575999012 -5215.250538345748 -1335.3596943044747 2957.605924675046
39628465179199187 -2378.517492532169 -674.5618980540883 1389.4578550076224
39628449270204415 -4694.910147675912 -1220.8219518630412 2643.6701194964658
39628422527323688 -4196.731691621241 -1064.1494676190732 2230.728831959096
39628433260545335 -4482.765038979915 -1133.3017747044228 2426.226931706389
39628427891837434 -4212.680667557895 -1021.4779313629739 2258.3003748300375
39628427925390469 -3751.9401652744405 -1062.5309792929042 2027.1318947352265
39628443956019590 -3847.8104203358184 -1033.9695429140556 2140.0559532606458
39628438591507210 -3415.2205770050828 -796.3369428819238 1856.9908700752355
39628411752156522 -4281.426207059931 -1125.970061715212 2241.9915768094634
39628459865018222 -5287.7150670936435 -1308.228775968291 3024.666820970246
39628449291174952 -4960.298146531321 -1419.4405365192233 2814.8977527643315
39628417158611573 -2948.328206402718 -798.2753480164181 1561.9123168271603
39628433277322987 -4133.360223120323 -1133.6911585607177 2247.0863067204573
39628465179198689 -5191.431078649284 -1469.7822885432927 3016.1309712863635
39628427921195554 -5437.367290537344 -1508.3183166893773 2941.9268953938163
39628427925390475 -4583.289790473727 -1297.9850409626674 2478.454865547589
39628443956022398 -5415.556190794949 -1470.513362314689 3017.344243350882
39628438620869531 -2974.488137169961 -809.0752403857115 1645.5413380249213
39628438608285960 -4975.115456434395 -1278.2418036899348 2720.742717143223
39628454596970201 -3894.0989725594786 -1100.9259866626312 2211.70599552758
39628443943439431 -3682.38511443111 -940.5956297737094 2047.9099755216032
39628465179197887 -3273.103600063451 -923.7530229252576 1912.727032899348
39628465170815088 -4507.793281390101 -1243.9881332696123 2629.6263739676274
39628459869211403 -3815.9093099929655 -959.8308078596039 2178.697817390136
39628459881796629 -4260.117985531176 -1147.8443309444385 2446.7093234264694
39628427891840036 -4773.54236942042 -1170.0209607306078 2546.176092340552
39628438616671537 -4528.670751355283 -1192.8341965041056 2501.4933891418723
39628470434661527 -5369.049927230306 -1406.6458031029863 3146.4522565505717
39628449266012105 -4323.686602336823 -1111.1458179279698 2435.291387826305
39628465170813293 -3771.026816474168 -1034.9824341410922 2199.9570278067613
39628475685934672 -4531.092685999545 -1161.108177619897 2665.64872944243
39628427925390435 -4136.409927661573 -1171.2233676640265 2238.2680054267134
39628454596969943 -3785.9444432892924 -1069.2100435746852 2150.6790693894122
39628433277323214 -5224.918496321812 -1434.3538893936868 2841.9436529791196
39628454601162841 -3542.0016934968808 -1012.6315867539819 2026.4806251017876
39628427900224090 -4520.861897693085 -1134.7286086220508 2432.9849521332594
39628427900224126 -4505.251912968263 -1131.007103898863 2424.620257327032
39628470426272734 -3282.271895961912 -823.7417032050257 1910.2415389401451
