create_files/QSO_4_clustering_data.ecsv
# %ECSV 1.0
# ---
# datatype:
# - {name: TARGETID, datatype: int64}
# - {name: X, unit: Mpc, datatype: float64}
# - {name: Y, unit: Mpc, datatype: float64}
# - {name: Z, unit: Mpc, datatype: float64}
# schema: astropy-2.0
TARGETID X Y Z
[from data line 1489]
39628411747960203 -3962.1135460157125 -1013.0774269151409 2070.38093358406
39628443964411552 -4332.833984669192 -1228.4638390087428 2426.9127273635677
39628443964411480 -4587.905636454607 -1300.3445506731443 2569.926897969536
39628443964411543 -3982.1914540534976 -1128.9983022734127 2231.726402392901
39628427883449216 -2934.0642951297955 -681.6141551421885 1568.1510621731186
39628443926659761 -3113.730493365806 -723.0991094430168 1720.682054404012
39628427883448618 -3503.1503964556605 -811.9543117319935 1878.9179662114955
39628411747960692 -3651.909405447171 -935.7525670293919 1899.0903639165488
39628427883448793 -4634.702272837764 -1074.9335791994697 2487.539052512915
39628443922469413 -2802.070690850231 -645.9741668321458 1546.851228561082
39628443951829206 -3932.456784059764 -1048.445522874944 2176.2448029412535
39628449274400830 -3832.2659047357815 -1028.3226004165274 2161.5027528390547
39628417133448588 -4089.0854597659486 -991.0801523624867 2143.9141609284807
39628417133447591 -3562.5522671748677 -860.0478791296363 1866.5892943127362
39628443964408863 -5585.570089137367 -1565.973847020559 3131.1994878653686
39628417133447250 -5125.875795094269 -1235.8511998375297 2690.1852600674765
39628417133447555 -4505.929498804592 -1087.608481601272 2362.242650309267
39628427883449385 -3493.893371626372 -812.2914933186887 1871.3921633039802
39628438599894572 -3578.5775603316456 -870.5838088792632 1964.1812459927653
39628443939244449 -3493.5016747132636 -873.9693908787957 1933.7006508511422
39628443939246419 -5523.117598771781 -1393.9040684847548 3056.2629498632546
39628443943436398 -2465.388678117619 -622.822060660293 1363.8096770599375
39628443956019588 -4955.845792941576 -1331.6986527338042 2764.5348035567818
39628454592777809 -4449.471265075359 -1242.7021759104625 2522.7911399219684
39628422548295528 -3759.0581658471974 -1054.6790762742219 2001.6379145265846
39628422531514835 -4705.728026810387 -1203.5145069437747 2508.960365837599
39628422518935146 -3486.9474817194073 -846.9117858943235 1855.3825289750193
39628422548295518 -5020.647011701131 -1408.5944013939677 2673.6825129923923
39628465149842771 -4874.823486156195 -1214.6925117049846 2826.194130177409
39628443951829760 -4154.533521190881 -1109.718644312073 2304.9455624327384
39628438587315725 -2909.044048692551 -670.5355047542135 1590.4317745622807
39628449249233255 -2528.1447758706927 -592.8388651118332 1414.1316887375704
39628411752154839 -2305.81241348097 -602.1758586947664 1199.611043577819
39628417141834863 -4619.274799991757 -1158.2382455505797 2433.0527692678365
39628417141834939 -3990.9908930544166 -1001.0737307011617 2100.9769718994708
39628422518933901 -2889.777205559034 -697.8614951716 1523.064175932484
39628433239577471 -4562.107736303048 -1050.6835951373823 2474.6266486674213
39628433243768588 -4443.135089774658 -1031.9071412454612 2399.719206722081
39628422518931656 -3497.3655664783882 -838.8617402835309 1843.694632984965
39628411747959848 -3008.987670952362 -768.2240941084192 1572.4307308493956
39628433239577364 -4935.327145138077 -1136.0574934357535 2665.2972767862198
39628433243768904 -3510.706943619784 -816.299346383064 1893.858493528138
39628443922468897 -4415.74112468332 -1015.722772232358 2440.108203465258
39628417133446101 -3797.941081287905 -911.3678969878446 1995.521642767415
39628465141452110 -2312.3323874339408 -549.6883531091319 1325.3633226078855
39628443922469834 -2789.3522213193523 -644.1764490116617 1534.830052359828
39628465141450631 -4147.689567850936 -978.7903445854854 2377.53139034279
39628433239576872 -5268.112837744633 -1210.4917949134594 2847.33455000331
39628443951828280 -4654.792774505279 -1237.4196516779975 2583.2777702489807
39628433243767276 -4659.64862060474 -1075.7556147337596 2517.4949990922332
39628443951828071 -3188.5366722029075 -847.0989305274189 1769.533364193735
39628411747962154 -5137.693898435419 -1325.5773163515446 2667.9853322932167
39628449245039848 -3917.1439194841073 -900.5290848823381 2176.6532233610114
39628443951827151 -4701.4705926864035 -1245.2668987458683 2610.7447007317874
39628475685930945 -3768.4463567958005 -952.408663583783 2214.9220442111823
39628454555029087 -4175.330752096697 -963.6730530712482 2342.54990830674
39628417133445828 -4764.567508607935 -1141.9226688094893 2492.351034975439
39628411743767678 -3197.6637166691125 -806.3212053388928 1669.707876984312
39628449249232743 -5884.288637415046 -1376.7695051474539 3277.8572654066916
39628454559223930 -3881.9866529896317 -915.9163776321443 2178.2848736236783
39628443930854522 -4221.079868804353 -1005.3657386015699 2333.7364630612883
39628454575997680 -3520.987234435835 -896.4363753606694 2003.333301955575
39628427891839689 -4600.803162907189 -1125.9739769918708 2455.584015775292
39628449286982919 -4563.007419772939 -1295.8533297224992 2579.028957857005
39628422527323911 -2891.798036332502 -733.9924997348267 1530.3584123102205
39628422527324369 -4068.6722014473507 -1034.3992744177026 2154.971849003746
39628470434665154 -5143.384386640935 -1366.6550562093432 3025.893614175602
39628411760546370 -4171.150128395935 -1145.6538271150887 2187.629244124214
39628465149840388 -2826.3535696647214 -698.3311261936803 1634.4032660656026
39628443951828266 -2657.982226605845 -706.5637563738105 1470.949879664279
39628443968604997 -4556.6638245118165 -1313.202144738082 2544.783913892965
39628417146031805 -4472.512008696535 -1156.1803021656178 2345.2004316209936
39628433289907940 -4860.124576628663 -1421.792322260724 2652.6936387444484
39628459860824157 -4008.7880761845076 -972.2864020531239 2280.733214798733
39628411764738220 -3893.27643179629 -1077.9844947596287 2037.562094770078
39628411735380428 -3331.039943770897 -809.7226522048561 1733.466994352402
39628422514737888 -3741.0008758140384 -879.3711771249401 1982.2966307951208
39628422510547483 -3053.9226680966617 -714.72823308632 1618.6497578687365
39628411735380059 -5281.071014957991 -1282.0950535462646 2746.0965054612907
39628411735379566 -4055.5715455624913 -982.7359807359493 2112.625626469725
39628411739573862 -5223.004298292005 -1292.2080877220956 2711.0603374168536
39628406337310811 -4049.6395796247293 -1043.1071307388422 2091.8394881246536
39628411760542263 -5154.772770144538 -1393.3461465889336 2679.0222891190747
39628422514737573 -3339.4909496518903 -784.2158699495699 1774.6274039164837
39628411739575211 -3016.711113995611 -750.1647536784124 1570.0266905444332
39628422510546880 -3757.178302095257 -876.7763983966536 1997.2979802971486
39628411747960794 -4026.184949164765 -1032.1125592023525 2089.7548731225793
39628417146030241 -3746.586352929676 -962.4918727424107 1961.1401327687654
39628427887641801 -4032.7526995319217 -951.5514314169723 2146.560413031959
39628449274400474 -3751.915603554075 -1005.387842459684 2110.346640822023
39628422514738684 -3263.6033466268264 -769.4429959673702 1728.4993676497909
39628422514738311 -3853.7777841657994 -907.3031315806388 2044.5100731222026
39628406345696239 -4516.7369199979785 -1195.731096452202 2338.2623640067927
39628406341504394 -3210.213559515488 -840.9801513460383 1661.1963411118372
39628411764739365 -5048.363328507677 -1402.345156886847 2643.0680950895226
39628406341503582 -5134.084952807981 -1340.2809844021874 2652.563166906751
39628449295369052 -3777.490392161917 -1099.7254987546364 2144.57431493767
39628411756352193 -2464.5128289578774 -664.6550229719187 1281.5194934415863
39628411739571597 -4512.308637368915 -1106.392492512694 2352.864353560452
39628411743765814 -3259.497372472048 -815.0034651430777 1690.854953787553
39628411739571363 -2932.6997095959696 -718.3182609988431 1528.8117233879334
39628406341503706 -4602.302372892386 -1202.1566392113334 2374.0217506278773
39628449270206227 -3505.571089775509 -917.5739859739017 1973.531826188312
39628449270206152 -4334.310953043512 -1134.157657801946 2441.9436567653456
39628449270206266 -3572.9529771676825 -935.3512201322711 2012.4039807606648
39628417162811093 -4206.97802561013 -1178.9269395106244 2214.395292738792
39628417162810532 -4666.750876687339 -1305.3476508160152 2459.256150081178
39628411764736400 -4940.3519718430825 -1360.388243088322 2582.5208295689595
39628449245041088 -3900.460342251987 -902.0821815431502 2180.381730074219
39628417129255219 -4412.61448295607 -1053.4165401940127 2310.6456458971397
39628406337309486 -4497.173777378491 -1151.8294534219078 2324.651030497627
39628411739572980 -4375.215487735849 -1079.1065982797659 2267.4908626993874
39628438587314469 -5508.901945010461 -1263.9073497605764 2989.4428631176474
39628417133446177 -2715.9457812414407 -651.9745004563365 1418.4129568841058
39628417137644085 -3490.238308345833 -867.4938416445535 1832.6115019866072
39628422514742123 -4432.692919622717 -1059.7050419115353 2339.0870928121935
39628443922469806 -2797.724122950162 -646.0403770675638 1544.6388548403577
39628443922470018 -4021.4421019594442 -929.4806919405343 2218.647802821324
39628417133447908 -3473.6769520079565 -839.5792049789559 1814.2323809026955
39628427883448624 -4636.4938681154135 -1074.6593814833745 2474.1857673002355
39628411743766170 -4297.684422222979 -1076.0462503150318 2226.191782120468
39628449274400690 -5036.638067557791 -1350.8267026061471 2835.2575350593524
39628459856628900 -3795.320729985074 -895.9509714014335 2168.8589610253953
39628454555029500 -2518.316768256952 -581.9771000408342 1416.9599219026225
39628454555029530 -4209.1481895003935 -972.812716826532 2368.2951908857185
39628411764736337 -5068.745142289437 -1395.4217557490538 2647.1569384381255
39628427883448195 -4146.7746383759895 -959.5671570443326 2211.4551997486747
39628438587315370 -5119.794662609343 -1178.6891737545043 2786.0997612939454
39628411747960299 -3798.983485144721 -971.7104787744822 1968.3780701432263
39628459856629149 -2275.68314057773 -537.7283334786262 1301.9893873480423
39628417129254526 -4184.65599646702 -995.8903148829866 2199.1822577129888
39628438587315550 -3895.0511566853897 -897.2723382238458 2117.8165960335823
39628454555029954 -4664.839424974557 -1079.7037528311673 2627.013075992408
39628443976993930 -3071.7603896945607 -915.8377721731442 1728.060464762422
39628454609552377 -5731.030854238382 -1706.0745752009025 3270.8783076130712
39628465179200080 -4181.6588561220315 -1189.3922869540102 2425.5138290969367
39628449282787842 -4153.815281227166 -1151.2570232855155 2349.5826400608203
39628465166615763 -4695.419012020383 -1252.9346904192503 2727.4906496804265
39628422523126835 -3460.81017709897 -851.0916571720112 1841.460391362309
39628438616670301 -3994.15894879835 -1047.5574347762686 2193.4045629658376
39628465149839180 -4164.6607538653625 -1024.680463310374 2391.141475321311
39628454563416654 -4496.697429281621 -1079.9295069637499 2539.952230553884
39628465149843021 -5320.18899928101 -1326.982404036647 3076.020495409111
39628470430470282 -4643.998097798117 -1206.5620671583713 2705.1549445700252
39628454601165835 -4605.098233776659 -1332.4667821423354 2627.6044064836897
39628454588581354 -4463.401425763608 -1210.4483090953845 2547.9104937183347
39628433247961578 -2532.0955067432988 -597.7390928261948 1375.1692392243915
39628427896032779 -3536.5939007806433 -879.6456261298163 1894.6240011753403
39628417141837854 -4397.419598011757 -1117.4021838787148 2323.19684125129
39628433277324225 -5235.285296203166 -1442.7283307867133 2844.0083753902722
39628454563414393 -4014.946759634881 -956.6640485922696 2267.7821555215273
39628449274398090 -3195.5417534833905 -847.8317101567523 1787.025630156219
39628438608284109 -2878.0638176652283 -732.8641711588319 1577.889900234235
39628433260544074 -3189.5358075690606 -801.6159428315742 1725.3617275892245
39628411760541985 -4124.955107478027 -1113.627008718252 2161.1053885561064
39628449282788163 -4917.516454511019 -1364.7399762001157 2782.2867991323733
39628438633450317 -3804.3834054754734 -1090.8105599780824 2108.430092458529
39628443972797274 -5210.109451209684 -1515.9721864070177 2925.283479787536
39628465149838577 -2167.0693999661116 -532.0201873160402 1243.9489978949043
39628454605358968 -5369.87155394799 -1572.844120526599 3055.577138765304
39628454605358758 -4672.751714386702 -1367.7170733939665 2659.192597121888
39628449282785877 -4477.643897785983 -1230.9280269498688 2516.4106825219937
39628449257623250 -4811.454719614847 -1184.943034260868 2699.3250307549156
39628438591510080 -3231.036370403771 -762.5675236868411 1762.737808803567
39628454580192551 -3476.123140454644 -905.6691052719439 1974.4186108878812
39628459898568741 -4549.741011807071 -1302.6238058462523 2622.685676974084
39628465154036265 -2976.65426855482 -755.4710274649065 1712.447303244371
39628465154036026 -4879.503114870649 -1237.272002145181 2807.620011884771
39628422514741362 -4194.362264906392 -999.7481642665127 2229.302481830109
39628470422081226 -3808.1675282635247 -943.5699865305277 2220.266230279684
39628465154036118 -4649.445207926856 -1179.3764292689402 2680.0180754120533
39628443960215436 -4795.258514258524 -1323.7038316626515 2685.429423654159
39628443960215503 -4524.56157876037 -1249.3199150261157 2533.5653965644256
39628470422084025 -4502.745544724043 -1124.59058127525 2619.4961317733446
39628475698513853 -3975.495282066706 -1069.522750379798 2344.2120085409924
39628470451438771 -4513.561274264256 -1278.9980895924357 2649.233037359343
39628470438859221 -5446.122326664555 -1474.1755404073876 3200.6263898986176
39628422539905213 -4638.726698419282 -1244.8638045612772 2461.7841151909893
39628427896030704 -5165.410625595329 -1275.1019806755744 2766.2029113310105
39628417141834890 -4609.203905876189 -1155.850267042807 2420.649724971812
39628433260545097 -4475.2336400964305 -1129.9815264149147 2417.0310915773266
39628470451437983 -5370.469486241024 -1518.317736175958 3146.893469095285
39628433277322564 -3343.4866535380893 -915.6189700090735 1820.7799859826646
39628470438860008 -3835.0938524706976 -1041.020557698553 2249.032563094638
39628443951828337 -4710.053690598776 -1252.3468735361319 2623.608711467567
39628411752154625 -3418.3557569113636 -891.8894467059886 1775.2443642840383
39628422548295989 -4763.334004913939 -1338.6834751198119 2535.477785170155
39628454588584776 -3293.4645365915776 -904.2812020872751 1865.4827723266224
39628470438858280 -4294.3953363551345 -1158.2833935188442 2514.418453573919
39628443947632797 -3929.362976719299 -1021.0406319275701 2185.0648645709507
39628470438858044 -4133.0988945293375 -1113.7418513558548 2419.491264105998
39628449291176030 -5739.021157140399 -1650.3822043630541 3239.6378451466335
39628443930854887 -4840.341487330158 -1154.9998238981593 2664.4800822742764
39628465158227723 -2999.8142684440336 -770.9883512591575 1731.2473465120497
39628417141837784 -3975.9744358231414 -1010.0146003168511 2099.3146296527716
39628427896030919 -4703.3995575276995 -1162.0903228020054 2517.872542431216
39628417171194677 -2446.8852566176656 -701.5274883406396 1302.4438815236888
39628427929587683 -2600.830916674339 -758.4041415356935 1413.5037448267162
39628417171195294 -3089.2084469509614 -887.6777032428039 1641.33682759339
39628411756348118 -4588.9041144351695 -1217.4385260919953 2383.373706077338
39628438641838022 -4426.132427389175 -1312.7532922241085 2452.3857688418916
39628433294101887 -4838.795466088543 -1438.1164343133385 2661.030889029092
39628433294100565 -3918.2317466468685 -1159.498546224365 2150.3915396092684
39628433294101451 -4840.374767046347 -1436.4369013490934 2658.8572489490443
39628459860824519 -3045.619778954003 -739.718459930369 1739.4866899074989
39628411752155971 -5441.817920055255 -1428.2374654279954 2822.6332799799984
39628411760542906 -5967.71459701452 -1617.390804279667 3110.1030333298695
39628411760542773 -2459.831346705117 -666.2691861887494 1280.9056437634517
39628417171195407 -4108.955410273653 -1181.1486602367831 2185.042651189556
39628422514741706 -2962.4521551143935 -706.9913526314347 1576.0606088308923
39628427929588240 -4497.003546445769 -1313.875035634818 2434.101934069148
