create_files/QSO_2_clustering_data.ecsv
# %ECSV 1.0
# ---
# datatype:
# - {name: TARGETID, datatype: int64}
# - {name: X, unit: Mpc, datatype: float64}
# - {name: Y, unit: Mpc, datatype: float64}
# - {name: Z, unit: Mpc, datatype: float64}
# schema: astropy-2.0
TARGETID X Y Z
[from data line 212]
39627763627329376 -5015.972548503324 -204.336003203971 -94.68434730138178
39627763656687865 -4424.593055848338 -310.39871970216876 -75.06925159313315
39627769683902561 -5845.12945555754 -332.1594607057915 -65.34654925061054
39627775727895496 -4896.68947160812 -302.3118024385631 -43.72689497111519
39627763652496396 -6315.727962117219 -429.39944247866526 -108.0220717615652
39627781763501751 -5911.266753571351 -353.8948223973878 -38.43211610596531
39627781759308272 -2647.0791878555256 -149.1905517983558 -12.730936380551992
39627811945713412 -3561.5957670030925 -149.86107419274165 62.78113697609596
39627805922691383 -4608.964641152714 -269.2864738811052 63.587113593312274
39627781738336513 -6246.138153057662 -214.15058374891362 -22.87777485595387
39627811941516331 -5892.288829073918 -210.87941555678003 103.2697880696863
39627824033698816 -4840.735513087709 -251.66517749011862 121.1550169899099
39627757604308570 -6451.250419631711 -375.56942260051534 -146.3414876562689
39627805914302327 -4429.119350807064 -218.71333544261802 63.76496558769312
39627811941518692 -4870.485861904457 -182.92683353627396 77.70929795458093
39627781738336435 -3972.850942930576 -135.9521435820108 -13.748738136676348
39627757612697118 -4608.11204031288 -308.10867267118283 -103.76571564364856
39627805910108745 -4207.628032758757 -190.60228759678546 61.308267536890035
39627757612697206 -5456.4284647358245 -365.2004989151639 -122.09755087606798
39627775715316844 -3556.985258444977 -186.15345046049836 -26.165338277703228
39627763652497107 -3658.423605896502 -251.04089387398764 -58.22420232795914
39627799887086025 -5863.747490505931 -360.33197375884885 48.84835054530201
39627775702733943 -3697.6744364730007 -144.44418779044233 -25.23456805988364
39627793826318994 -5067.669809420914 -210.6879420043203 21.66052190456117
39627775694345086 -6026.930848916013 -181.5583579343994 -58.7284245941908
39627775711117637 -4283.053692427841 -187.95899079530383 -46.696992682653544
39627793851487295 -4396.229147969323 -305.9421238517093 20.934437705251778
39627757587529883 -5677.167657526178 -223.64455729498638 -121.1085982190465
39627799878698803 -5479.537287746341 -293.84610078164764 50.097916977238334
39627824037888144 -5517.333267862043 -289.63130544125505 139.56232565712554
39627781759308322 -4522.790791607111 -255.18976157890427 -21.005983788754293
39627799861925821 -4881.453220174233 -190.78372121241816 32.688484318751655
39627799861925480 -6617.0890438703345 -257.1272659109844 43.72780210384012
39627787782327555 -4629.6901902773325 -175.4463829688085 -1.211364355216109
39627787807491903 -5018.403113782194 -314.92814632778857 8.32605075330037
39627799895477328 -5441.788445835326 -395.7532673569165 56.67709878946145
39627775698534780 -5252.146574100207 -162.29630512920212 -39.87876759402824
39627787820076655 -4063.653880565631 -314.45316065593926 -0.04384063511204135
39627799866114428 -4055.499550578406 -160.3199454635549 27.910002221709046
39627763648303693 -3064.9476097620654 -197.95375560824417 -56.24862634620645
39627787803300698 -5032.3550696164975 -307.2061422738492 -7.0681821616702765
39627781767695051 -3484.7484265919074 -221.5020241781054 -12.420469108074753
39627775727898946 -5770.990029764129 -369.52944432011657 -52.49093024841461
39627824033695421 -4383.629225840305 -216.6800688240609 106.32007839268374
39627805918497665 -4494.281886406797 -244.89642145876726 51.25263413809446
39627818002285035 -6125.275645139324 -350.3431532852362 122.6375419507431
39627811949905671 -2388.8679465741925 -107.08788012656397 44.19112484377433
39627775715314764 -4983.535728346519 -252.07712056870344 -40.19654887604764
39627811962488963 -6297.749737366972 -368.6157651825935 117.9098672722522
39627769679712710 -5215.0167390531105 -290.48610375362864 -73.37038209479803
39627793834709051 -6567.605961979559 -337.8941398315609 38.759158616197055
39627775727895889 -6175.980420616089 -382.88534520565105 -64.94921480182164
39627811970879571 -5674.735240774376 -394.7487677586541 96.05675241952514
39627775740478935 -3237.0567665046015 -244.05850815262616 -27.274074058068432
39627781738334604 -5929.4801111836705 -193.6060341834728 -20.42158578280131
39627769683904088 -6507.5255474176265 -376.19057185073507 -79.65176647977184
39627811966684465 -5161.702703341874 -331.6859038648475 95.60571440641196
39627769683903980 -6501.242852238697 -375.3904345263897 -78.22976976747543
39627793834706186 -4739.131825478154 -232.74334134440073 19.835690118727786
39627805914301021 -6503.365456879554 -315.2758342365979 81.55026064096384
39627757616890608 -4354.360326390043 -307.4596811188445 -87.91367818601088
39627757600117036 -3545.748334364162 -199.41573572278975 -75.97420687528562
39627799891282721 -2363.676445103387 -159.7278355408204 25.753814796879286
39627799861923282 -4962.402819311448 -185.13590954787114 34.41563749820107
39627757587530664 -4291.160456852598 -171.87582867173685 -89.70918462556854
39627757612697275 -6462.590577778141 -432.9141576164262 -135.0689262880872
39627799861922005 -5956.005391083153 -217.2747594697759 49.94597513845044
39627781759307320 -5219.007817212744 -289.7833996037137 -28.284339063685415
39627775702733160 -3797.1809319124854 -146.3061780028393 -28.083179123754313
39627793822124924 -3398.5912816230525 -128.10040326801126 12.393612215828808
39627805935274699 -5880.568449073579 -424.9133499134382 85.4659689953471
39627811975070415 -3617.8131539846486 -256.1081154564878 69.74659005302892
39627811975071572 -5047.713958810003 -362.8744042889115 85.20504688044207
39627787778135345 -5402.78339480071 -186.58015836307138 9.706777005212578
39627757591727044 -3533.002952916186 -161.8964736754143 -74.74284752122132
39627799878700058 -3134.521259870792 -171.3167207975782 25.130555802384073
39627805922689347 -5485.689061837106 -312.65248771536784 79.13288340312056
39627805914303222 -5781.351348000756 -288.95540688159736 75.04125105982223
39627805905916337 -5943.283248310826 -252.7459693348844 72.94159002056523
39627775727895174 -2793.6658811910665 -171.87118259473954 -24.720129388578695
39627775715315911 -4305.845083497813 -222.10517645106847 -40.24484807292586
39627799861924861 -4866.5447144043055 -187.0311226334632 37.682937260973134
39627763631527599 -4542.8149730204605 -216.20134846310364 -74.66859798274747
39627769683903768 -3530.041918334322 -203.37847398345082 -52.20593139767352
39627805935272474 -5478.067952797577 -385.41476964934265 79.19998757910159
39627787786520779 -5458.558726409071 -225.3503637915262 -4.412524029423151
39627799861925754 -3470.7546995997163 -135.48859088000685 27.983873471524397
39627811966684681 -4813.789226184216 -310.27367001788497 86.57939794516348
39627793855678539 -4829.823540783194 -347.18114818469496 20.335268049894133
39627817985509918 -5318.238564251837 -220.60008773729982 113.86533083343755
39627799895474217 -4396.28388477812 -307.457973314256 30.449636291187097
39627805914304751 -3939.715416452885 -201.3331972811164 46.82430958427288
39627769675517405 -3109.079081747727 -156.76485842359597 -41.495416827301014
39627799866118651 -6319.94486753606 -268.2491820292287 52.399135261199405
39627811970878200 -5037.911591457138 -343.25790670706965 84.65038317853573
39627811941517175 -4462.492703059253 -162.5595983347093 69.16267503496528
39627805935272940 -4745.449022473685 -335.9113891351343 62.87629997713838
39627781755110581 -5440.665418166988 -266.82455255295537 -18.247335316505627
39627763656687876 -4481.511645421381 -314.444340777031 -84.46458547861434
39627817993901149 -4874.245403304597 -253.37575255267788 113.75180387436296
39627799882892582 -3828.574132574348 -221.55859349551582 41.544620957794095
39627805922690919 -5651.771361518812 -328.3154610820001 66.35844474925939
39627811966682177 -5404.333616577756 -335.9944330182609 95.54391481522681
39627769688102552 -2529.8449086086607 -163.96522501029875 -35.837092255251605
39627799866119526 -6007.344984069492 -258.4073901246694 49.86063346739826
39627824042082751 -5357.930200419756 -306.6817333253966 130.51936451672702
39627757608502857 -4493.502588489409 -281.62669048904456 -91.98220359618612
39627763644108485 -4117.807110252892 -247.14738051416344 -64.74786506122119
39627763635722584 -4116.544186453344 -214.65532502231213 -77.37453305492006
39627763635721958 -4510.059417724904 -233.33395523806433 -73.62897046576471
39627793847288888 -3505.7885268436835 -217.34543065315245 22.65321383494511
39627775736284684 -4132.835190748669 -293.6237725319334 -42.08523261226248
39627763623138339 -4462.086617578743 -174.72756225670656 -86.40269139465794
39627763631523077 -5985.845723941903 -266.86190382607737 -98.65613218220939
39627769688101923 -6004.7383553402915 -386.6109543518808 -85.30278161468112
39627811975070762 -3522.6486481964585 -250.46701050928334 67.23655855790996
39627787794908096 -4314.031382264413 -210.59816563753884 1.2535402603058803
39627775706925329 -4050.642547388052 -166.35993871574343 -32.905735353613224
39627775694345316 -5351.056125166114 -162.32644959353385 -39.914154562228404
39627775706924940 -6712.770299641541 -273.7843931456515 -56.524612973585135
39627787803297419 -3961.816184117457 -230.53968359258263 1.1437910656220183
39627781767694475 -5701.050220798642 -359.4600031680487 -21.268510379429873
39627769658738044 -6066.740186151029 -191.66195258043928 -82.88637812082962
39627793847289292 -6612.587344601467 -412.1352159040118 42.59972466750012
39627799870312914 -4370.471013737438 -205.43802588003052 32.75184773937429
39627769662933454 -4388.694789865634 -161.23091007727297 -59.55311331876927
39627763644107750 -6500.935213377311 -385.62449206393046 -115.57372133230915
39627805901718796 -3445.9425317969894 -123.4009344337498 52.103195836266224
39627805935274373 -5627.931054204936 -405.4554011384432 68.7459034485315
39627799866120232 -5499.480989063539 -239.42824869112223 55.00358023343103
39627769692292370 -5156.486017814641 -342.3595729226846 -66.52752754949205
39627793855679041 -3807.299627915852 -275.36382617390774 9.39632758472793
39627769662933160 -5966.572338981539 -217.89010995410052 -78.87080637169957
39627763631523653 -4396.769806051459 -197.70324616799172 -71.9854801808743
39627787778130246 -4306.8198112430455 -132.54555887646796 5.306111991412586
39627775698537459 -4643.6882344928035 -154.05010334205616 -33.69805588013481
39627787790714007 -3832.3401221513577 -170.9517519556463 8.101790471777477
39627775715313968 -3184.793140732635 -159.2375628917478 -25.733125120359077
39627775702733431 -4325.640056925248 -167.54073923353076 -33.67118376038145
39627811941518541 -5955.973715048223 -223.0280202996548 107.39299736446674
39627805918495511 -5687.212568476469 -300.93636909286636 73.96441887438779
39627793830514094 -5123.549825826867 -237.66440621926037 21.493445920264264
39627763648302831 -4653.327051343962 -297.6989932924971 -71.58254628881622
39627769683904647 -4948.280421232127 -287.84105877323816 -68.64462884486126
39627763652494647 -4625.042870090899 -307.5340732549566 -82.24537566805944
39627811949907098 -2794.083554864383 -128.09063394667925 44.50929221515656
39627781750916225 -4139.221660467634 -184.13857967037845 -25.50522318234435
39627769662933475 -4536.185820577559 -166.69504211437908 -54.03691924658755
39627763623135427 -4150.38049698772 -152.16661621796408 -64.96480139942896
39627787794908972 -4783.122265735405 -236.81007193648392 -5.039148531314234
39627775736285611 -6108.958608126949 -437.8401069738507 -65.3025360468562
39627805939466431 -6684.758733858005 -497.9090440148846 93.41289653098019
39627799887089376 -6821.923094994653 -436.0074775312563 58.193096144806304
39627799887089221 -2326.2347585197185 -148.42448697231646 19.565339594008787
39627775732089198 -5343.00486094026 -351.53594857238505 -44.0549751469806
39627781763498695 -6058.975928073616 -347.56552381773247 -34.851138819637455
39627763644109682 -3218.055597472298 -196.61629242478782 -57.116703245355794
39627818002284766 -4468.2612695165035 -254.39210965428458 106.78516933951695
39627799895478643 -4520.984676408611 -334.0684013112741 46.600889302035625
39627805922691397 -5974.699407675878 -349.13548140362894 84.78502720089219
39627769688100097 -5162.128890348691 -326.639301979422 -60.62910284963032
39627769662935774 -5106.873901422476 -197.17796095168907 -73.29057860709582
39627811958293384 -6161.367521233559 -327.92972284775476 104.50955373765989
39627769667128878 -3896.196504948879 -163.34629538835705 -45.488886466492886
39627787820075626 -2922.9027526842187 -223.9247627501814 4.673706385719612
39627799866118883 -3818.6568133310684 -162.61231578509006 27.741493651196933
39627805931079390 -3824.5820489742837 -255.577390692049 50.264339961109144
39627781746724514 -4326.65315829091 -183.84327340004103 -16.547795766309505
39627763639910951 -5127.183005256784 -270.53500976660405 -85.81683030575496
39627781746724889 -5788.581303129921 -247.81719710628528 -23.69978715047192
39627775740477525 -6740.291433036086 -501.1235065226899 -47.65662422394316
39627751564510079 -5490.106157497736 -315.46791710380654 -140.05483759329215
39627805905912731 -3909.6893230923956 -156.07043183883246 54.813493674493174
39627787778130054 -5858.6848241324 -179.3821730401414 12.237936361721298
39627763639914795 -3227.729167489678 -179.63505976604978 -54.25229613547573
39627763652493930 -3116.4887381132407 -205.56447587452269 -53.74631423990072
39627793817927928 -4301.622225164815 -132.24222668583104 9.50787927833373
39627805918496656 -5100.641719281902 -274.12492032042223 75.01747420939608
39627769675515882 -3224.964563960736 -159.21555925076458 -44.350238005909816
39627763627330977 -4702.600855218185 -197.3064364475635 -89.16671119079953
39627769683905499 -3759.0625955398527 -220.67317815990586 -52.846554856387606
39627763652496905 -4487.758316297957 -307.14739213796383 -86.59222918046373
39627757587535274 -4226.276677199805 -183.78069671282802 -86.14980053125782
39627757604307702 -5675.1758975285575 -326.1131734589772 -117.15336271978904
39627757587534317 -4546.949823475673 -194.2956259735926 -98.72837409556995
39627769683904449 -2734.4169803473596 -158.71574151311765 -33.002951731784854
39627775732091587 -3713.8597916292188 -250.79938964200852 -39.68808169832785
39627775740477601 -4360.538189777425 -324.41208895867095 -44.83652525084694
39627769688099292 -4652.766533263097 -291.91419074645427 -53.84891251766921
39627799899672561 -6231.450975345288 -483.167873646224 56.94422122091004
39627793851483957 -4154.91846922685 -277.6142932729307 21.614600759665592
39627781746723935 -4061.9809978058283 -170.58862862875048 -18.899845863214164
39627775736288723 -4864.055657897299 -360.08656538347003 -47.86551932551306
39627793822124866 -5690.147342091513 -214.13822246610596 26.78535197685318
39627763631524747 -5101.9310250637445 -233.3369000903277 -86.27579406347289
39627775727897043 -2643.6604841930753 -165.76426652491662 -23.97276540778445
39627805914301024 -3927.944076642269 -190.42846424313265 57.48256792217898
39627769671325727 -5486.23423158578 -260.9990889956163 -73.98732036329291
39627824033694922 -4052.248178509948 -198.55628087094075 105.95427729360689
39627824033694160 -5590.751168850107 -270.51317318059677 145.78943915756184
39627824033697712 -6054.802894004616 -310.0472627409334 159.08809158826924
39627817998090581 -5508.692823163301 -290.2054042095322 109.35874453602753
39627787811687394 -4746.330175307942 -322.781843308063 6.443214931465809
39627799895475452 -4318.031804127032 -307.17860184928895 43.26380177347526
39627817989705893 -3971.2579859038233 -187.36041061884927 80.91423042259991
39627824033695712 -3637.0996380253814 -180.6200286533647 95.29240371045415
39627818006482530 -3686.1287148180863 -237.4733197495982 73.78917093859616
39627787815879347 -6506.501929338749 -458.8764972105021 -10.554583334520654
39627799861924059 -6946.012420625656 -263.00120230476267 70.8532314007722
39627781755114451 -4867.856508928398 -254.5870467268743 -29.17596829551829
39627757604308985 -6636.939062580976 -388.7671703597194 -145.90015365896213
