create_files/QSO_7_clustering_data.ecsv
# %ECSV 1.0
# ---
# datatype:
# - {name: TARGETID, datatype: int64}
# - {name: X, unit: Mpc, datatype: float64}
# - {name: Y, unit: Mpc, datatype: float64}
# - {name: Z, unit: Mpc, datatype: float64}
# schema: astropy-2.0
TARGETID X Y Z
[from data line 1271]
39632976404810648 -3043.0906475348 -2389.5003456472323 2683.5663736529305
39632996164175658 -3809.251466919202 -2904.2026489096615 3459.1068265956
39632946277124309 -3748.176334109492 -2785.2783207078414 3057.5314136447328
39632956406367741 -2786.9430861800224 -2265.8539198930303 2402.779340131619
39632971405199685 -4396.484249513724 -3287.698755385766 3770.2109889798176
39632956372815294 -3141.061408625251 -2356.3693020555897 2622.8499857876777
39632951339647999 -3925.441561575656 -2973.5552614025587 3247.015991907825
39632966434949544 -3410.37998944709 -2741.869193635502 2969.0043047237673
39632981379254913 -2964.515786687726 -2391.1603924115525 2678.4056058996866
39632971430365851 -2847.570070848384 -2275.6885333425957 2516.6406939213625
39632991240061001 -2933.458556006592 -2214.13040853317 2616.8894091715365
39632981358280765 -2977.659468460329 -2256.917441611641 2626.7559868644066
39632966401396561 -4178.607579604973 -3086.942694316116 3529.800133861951
39632951356425078 -3605.550934576432 -2850.798360461938 3053.120908268673
39632991240063452 -2225.0353459339967 -1692.4109735146574 1988.3005041821339
39632961389199804 -2686.142042022207 -1962.5672950437913 2239.8595175737278
39632961422755804 -2934.174767326554 -2347.9345264772824 2530.6435805633837
39632946302289942 -3668.5059901147083 -2903.382031379516 3076.152966291431
39632981362478789 -3386.8397052855444 -2619.1372212185097 2988.9084854744046
39632981379252374 -3151.3654364766358 -2524.158911990266 2825.2656041753967
39632966426559951 -1536.9170023563609 -1204.2908245560575 1331.5037049122595
39632981354090244 -3620.310078307607 -2742.6454765496605 3194.2175001943147
39632951343844478 -4055.7975360633754 -3125.855333340053 3382.2307484837133
39632951360622636 -3709.4218417353227 -2989.5132570238566 3165.048767301933
39632951343842492 -3341.7133629410428 -2561.282589874536 2796.286782004256
39632951327067439 -3665.9704573073727 -2707.979526819671 3023.392217057013
39632981362477246 -2716.3229661463747 -2092.5791965183644 2408.1153572545545
39632961393396125 -2359.4878944694688 -1752.156932940436 1975.5521702362464
39632961401786352 -3258.0654171686747 -2483.7995156124994 2767.690992551391
39632971438753501 -2360.2349733155197 -1921.823208648752 2097.771410389437
39632951364813628 -1681.863004625581 -1358.4398672912262 1434.6445723601153
39632946302290250 -3643.109642968063 -2885.5408723198643 3055.87642097128
39632971438755343 -3544.029465096403 -2899.026927458217 3146.1896008939166
39632976392226276 -2833.3600403844416 -2145.4735787908735 2456.5248616111203
39632971405198686 -4092.5964642306867 -3052.4091804399422 3515.213296426959
39632941227181348 -4418.127531042463 -3401.2388437811005 3608.192316376305
39632996164175913 -2052.377044074035 -1566.0343980377475 1863.2908966828295
39632971421975001 -2638.1669674158297 -2049.790405424579 2294.5989274854883
39632981387641769 -3667.8430848322473 -3009.1492643430934 3312.627672016638
39632976388030498 -3833.48460979094 -2860.4769407293697 3332.89987865071
39632966401394868 -4369.053978583096 -3213.0471331374115 3686.4551375505953
39632986328531264 -3342.7740377030773 -2690.861399095398 3027.1209643157054
39632956389592820 -3993.17966912776 -3125.070495575807 3381.2217355380185
39632961393393812 -2478.5194444254753 -1829.3555706801308 2072.2703007526347
39632961422756386 -3699.5224320152856 -2964.739054138505 3191.5984694503854
39632966409784181 -4004.0013447161723 -3016.6373940520625 3412.415737499453
39632946310677293 -2414.6095063164857 -1945.9895023718873 2029.3728236835598
39632951339650539 -3574.935571244396 -2728.096104702411 2974.7634658443926
39632976379643603 -3594.5379647005675 -2636.542700739157 3102.1837914145226
39632991252644914 -2063.563958891882 -1614.8249875709973 1868.540978477989
39632956402175712 -2104.119439298803 -1703.6787566290395 1810.906032276224
39632966447531571 -2176.9605203315305 -1800.7815531328458 1920.4449930264987
39632946310677254 -3124.484857250924 -2517.8825741728206 2626.986891903012
39632971434559092 -3820.100430750038 -3077.0922596722576 3372.1705033346457
39632986328531655 -3590.784118070159 -2893.944390176592 3248.1872149119686
39632956410560710 -2911.7244005587436 -2384.3015143837415 2511.080410592589
39632961426949595 -3524.6637055748524 -2848.965609859422 3043.833307459413
39632946306485018 -3365.9964341861814 -2698.731419140417 2830.06830919532
39632971396811528 -2445.950596530352 -1790.380271070294 2081.933449444722
39632976404811333 -3689.6703279553467 -2902.523904478436 3262.9768373546563
39632936152074826 -2883.053685954456 -2264.5075673777756 2368.677789681702
39632936152073268 -2172.445407867621 -1698.8460016649021 1780.5510526707828
39632941239763495 -3133.433997576173 -2484.944004942435 2607.403790038759
39632936147879781 -3379.723570924901 -2623.128513241595 2764.844975442306
39632961389201558 -3941.007487159945 -2893.902480965979 3286.5170145168263
39632961401783568 -2704.3074116841644 -2046.658709188674 2293.477969725282
39632956410560819 -4017.21462959849 -3290.475740934812 3456.8498650876845
39632981362476304 -4357.625094376502 -3349.792348828828 3864.9497663459733
39632991244255489 -2982.943061484188 -2278.166215556445 2666.766910382486
39632981362477830 -3100.7506242933528 -2392.0135732572744 2742.836574583087
39632981379254679 -2385.875557351894 -1922.9669445415163 2151.718171751854
39632986294979100 -3242.4886818301784 -2401.4412953295227 2856.031409184878
39632986294979454 -3229.2857548749525 -2393.60677826554 2832.251153618562
39632986290786517 -3472.173690229035 -2552.919518320741 3047.6448177479524
39632966418171330 -4207.783747435553 -3229.6473868632106 3625.6280077498477
39632986294978661 -2405.371375115626 -1779.5930926605954 2107.76259272233
39632956372815045 -2885.772783885149 -2163.2537136010424 2413.0404516785457
39632961393397548 -2199.044028981166 -1640.2190838964116 1841.9975099293854
39632976409002308 -2483.2802195950862 -1958.8573046665313 2187.708620517001
39632976421588548 -3637.8692921401143 -2991.085446032067 3267.5763626887797
39632936143686494 -2936.0550123196153 -2263.323379629885 2395.448988466449
39632936143686455 -3717.3036681336034 -2865.0320679108477 3032.0659609447957
39632986294977695 -3628.042759752163 -2678.496545723348 3194.5287635142254
39632971401003396 -2950.196187389032 -2169.6746597130855 2515.2924206241764
39632951327065652 -3182.37601363186 -2338.8000139706164 2613.6578891014283
39632956406369274 -3537.0090419227095 -2887.4014509509807 3042.8934278612223
39632946277123713 -2997.5981568656457 -2223.4083158371245 2441.3530272675966
39632936147880695 -3144.3843902777035 -2446.694658818004 2569.8434955300536
39632951327064858 -2829.220747234757 -2073.815723690062 2326.686854656975
39632966397200488 -3938.2095586302466 -2863.754979818688 3325.962244680891
39632941214598442 -3956.3152026679777 -2949.0061948580606 3217.1191471238712
39632956372814004 -2506.2989709941926 -1873.06752492129 2095.4660916416497
39632956372813969 -3663.2030665979705 -2737.394550434722 3062.535989875621
39632951327066942 -3088.0847334259342 -2277.643350541091 2539.5059757822796
39632941239764751 -3308.1596592020032 -2632.1952250505447 2752.779139994988
39632976421587633 -3930.778771777766 -3224.0476785870637 3536.9512805604654
39632966397200969 -2709.628648559513 -1972.8748905963434 2291.212809104728
39632941218791493 -2968.9437785437603 -2228.8854592803186 2412.148344634795
39632936147880928 -3152.7365771349255 -2454.7268172853537 2575.489723301163
39632976404809560 -2947.684887899965 -2308.568804816022 2593.958895840908
39632981345698073 -3277.483034609003 -2403.960921688023 2833.3713231612505
39632946285514232 -3619.9771506524107 -2757.3745656492324 2991.085919891185
39632981345700036 -3267.302739955937 -2407.956082994382 2838.6267185321394
39632971438755578 -2716.8588088612173 -2223.7345160250184 2416.529434193462
39632941222987315 -4421.727854350016 -3368.9585533738436 3621.449643845147
39632941222987401 -2657.954333699313 -2025.6648967300443 2175.9780996736113
39632951331258851 -4282.370930896575 -3171.331561986921 3531.621554301138
39632976413197579 -1872.648323254893 -1496.9135615832292 1660.654367582877
39632941231378237 -2830.8176297107057 -2217.1596016967387 2327.0290608939067
39632936152072908 -2441.5074976091287 -1907.622428376521 1997.8397443767687
39632936147879144 -3129.497575367059 -2424.42873527064 2552.793593065529
39632941227180617 -3121.4277279423945 -2397.7784612192568 2546.90157377307
39632971421975848 -3411.1519248127693 -2655.4348158582625 2971.6602015331655
39632971421975479 -3492.690242540912 -2716.632876125211 3034.0563821044866
39632956372814524 -3662.9106868693516 -2741.150884417708 3065.711073181494
39632946302291436 -2828.97588235053 -2248.207888396263 2371.959946707104
39632956397979323 -2854.6108055962345 -2271.3726177785225 2440.9829760785688
39632996164177198 -2867.1265060566197 -2196.063126547476 2607.3801835645286
39632991265228399 -3149.759479889522 -2552.6399050210107 2885.831241426938
39632976417393382 -2950.022033524852 -2393.3805322625813 2630.4186347598184
39632976379642659 -3698.0420596958174 -2704.6174280087507 3183.1850343445344
39632956381201788 -3109.5325367638225 -2368.8124699599084 2620.858338924453
39632976417393557 -3018.3244122132437 -2449.9630039728754 2691.903147347308
39632991265228681 -3605.084759041934 -2924.165525844653 3301.886934318702
39632971434560146 -3110.727660691651 -2514.056915252037 2736.31449654699
39632961405978572 -3398.996123807304 -2605.9483256059416 2898.632571684525
39632956377008068 -2374.9090598660737 -1794.0161473987064 1981.4595673657484
39632966430754071 -1919.0864369425553 -1520.2248560521314 1673.0467089725846
39632961393394371 -3398.7962364865557 -2512.3730311281874 2857.065946573327
39632966409784240 -2723.6106383994415 -2052.351321419087 2327.0094890301702
39632956372813083 -2417.7566450603604 -1802.1739889985402 2015.893422713501
39632951339650229 -3984.404216149897 -3037.423561453924 3313.7057895687703
39632966413975654 -3618.968740555447 -2736.243053438999 3101.94155128951
39632991261033484 -2703.334122451996 -2162.3231295467194 2464.2011005993536
39632976413199470 -3057.2422302411005 -2456.135057470718 2715.8076602957376
39632961418562582 -2079.1927726984336 -1650.6629110447775 1789.9025439044278
39632966426558522 -1709.7042846067927 -1335.3567146772966 1478.7839787673709
39632961393394135 -4104.186282719976 -3031.8990576349197 3450.2871490012226
39632951335452789 -3732.24439378746 -2790.3166225706836 3085.712959931591
39632976413198088 -1706.3700273195368 -1365.6955360587033 1519.5049671922836
39632946310676508 -2732.0233556230373 -2197.09201275655 2295.03499414721
39632946310677111 -3382.295347588519 -2724.6970715458224 2854.3547794032625
39632946310676832 -2743.3833084700486 -2208.209425410246 2302.9004392440506
39632991256838954 -4112.806225775708 -3250.9510497199567 3729.6065979860327
39632991256838972 -4026.9211041809967 -3183.29228708316 3651.283908000926
39632951331258536 -3517.9991975795224 -2602.4066905579566 2888.283229596915
39632946306485692 -3164.5751190576993 -2542.460888799991 2651.9714175799863
39632961385007169 -2609.0765019852333 -1893.6440471880137 2177.6805871260494
39632966401393427 -2282.8162426445183 -1672.906606569513 1930.8603894425094
39632966426560340 -3284.638321517618 -2576.114520989438 2836.013407577301
39632966426560388 -2652.896805028378 -2080.841728392433 2301.911902462398
39632966397200212 -3798.7604402605225 -2760.1827848053317 3188.497001681013
39632956377006320 -2589.713611661213 -1945.7893575225194 2168.333181900816
39632986311755053 -2539.4269726581565 -1959.5578101019291 2257.02657974983
39632966397200650 -3157.3630803553956 -2296.9028227741 2652.125481624212
39632966426561707 -2808.0645207450134 -2209.810716373677 2439.454747580973
39632946277122544 -3989.392614969957 -2947.3151351169063 3260.8992418680064
39632961385006529 -2778.9478531396594 -2013.5670187647981 2310.2937851210772
39632961385005973 -2364.368006458804 -1710.5595813955151 1974.2659824479847
39632956364423744 -3879.240765300145 -2822.2562303594477 3212.7400587972293
39632976375451873 -1626.4166843585338 -1186.6285639651487 1399.3611065680604
39632946277124460 -2994.2658109697777 -2225.9657660846797 2440.6279477724847
39632961418560998 -4296.703424421284 -3398.33196524013 3681.9521514682187
39632966443336550 -3143.5048342801833 -2569.144564165037 2760.104192864666
39632956377007500 -3485.927456617796 -2628.8264453317524 2907.388656435677
39632966426559025 -3006.655005760005 -2350.7164584272114 2591.0492097866
39632951331260156 -4160.7240187368 -3092.659973786768 3430.0093151438905
39632981379253112 -2048.5887528672215 -1644.33134320833 1830.9012199309363
39632996180954122 -3781.6264795373413 -3025.8689922986996 3472.7810542806437
39632981354089159 -3628.808984417575 -2741.1261479020363 3183.954367714236
39632961418562573 -2835.1788559293577 -2250.7617891556133 2432.1814921312643
39633001071511975 -3453.0728538447756 -2649.907419385665 3154.3745993814246
39632971421978836 -2062.5649057841447 -1617.3924595425585 1801.4040435360523
39632986294980618 -3990.066189913702 -2965.795027233758 3497.7207666167496
39632976379641970 -2692.9286263352046 -1965.6558550227762 2312.0171737869205
39632966443337830 -3701.4116342282978 -3033.881041151551 3272.7967414408863
39632971438755064 -1493.1222416012654 -1220.5584634329925 1328.8909988527396
39632971392618252 -2709.5486124917597 -1964.3257047380246 2305.5185047491245
39632996164176974 -3912.076040182348 -2994.393551463892 3531.9080988319197
39632991231673950 -3454.3320704771263 -2558.341470084225 3075.8330024834463
39632971426170072 -2241.6298487145855 -1763.694561810189 1968.503695396134
39632971426169812 -2781.740919909335 -2187.3436805086526 2441.5654620046753
39632996155785267 -2386.5359353997355 -1769.4552125846656 2131.7710963660597
39632981341505278 -3444.7826463205247 -2507.006213373402 2994.4123738729218
39632996155786005 -4023.198316238234 -2989.5523660546373 3603.556468082689
39632981341506920 -2032.9729660630069 -1485.005187999156 1770.7241877035797
39632956381201646 -2837.447812506621 -2160.8179516413134 2374.465480869552
39632971396809585 -3951.5400536413163 -2876.9316273036043 3347.5646270016036
39633001067317782 -4022.6498235509525 -3054.846124166607 3653.60639239105
39632986290785845 -3540.73995686034 -2599.3801480051566 3117.2186411027365
39632971434558508 -4390.884892895396 -3531.694377079202 3876.059337216903
39632966397198809 -3775.1009437822067 -2733.7125262217032 3164.168242964906
39632966397198614 -3904.9244282507493 -2826.568292755566 3277.6359827413676
39632976375447855 -1698.1382310257607 -1226.4409068089928 1447.6521699374448
39632991227480779 -3266.593113596706 -2400.7916763549897 2879.64977519333
39632986290783849 -2969.604443939248 -2169.9805129156116 2589.5727039582366
39632991227480554 -2657.6748969065934 -1952.2624899137875 2354.2305552879275
39632946277122441 -1882.1091139928274 -1390.0849009383278 1528.8385491696679
39632991252646462 -2288.2464193962996 -1797.79632329943 2070.510970212808
39632961401783993 -2947.1375460081335 -2232.853807959216 2500.921311789342
39632971396811715 -3650.407015284971 -2673.4571639232727 3116.95689027017
39632976417393203 -3700.6641816753013 -3001.1696948376407 3305.9404222501294
39632996164174886 -3619.2276389148305 -2753.1019597260256 3275.5099352757643
39632976404808795 -2668.6367912014252 -2086.063810579611 2355.7495502256243
39632936147880697 -3144.7511722715135 -2446.9890546222373 2572.433350906945
39632951327065612 -3909.8288353234025 -2872.946603740039 3221.8878297100414
39632961397588235 -2779.7093877372613 -2075.0023308212144 2332.5448558496782
39632986290786395 -3030.3720618086613 -2227.5286254188954 2662.0446802803713
39632986290786503 -3449.261562844172 -2535.975950141271 3018.3361957128027
39632986290786287 -3524.7343893082307 -2590.2740756860085 3087.5618787785656
39632946310676596 -3138.6610532800914 -2524.6777257737813 2632.908602029553
