create_files/QSO_19_clustering_data.ecsv
# %ECSV 1.0
# ---
# datatype:
# - {name: TARGETID, datatype: int64}
# - {name: X, unit: Mpc, datatype: float64}
# - {name: Y, unit: Mpc, datatype: float64}
# - {name: Z, unit: Mpc, datatype: float64}
# schema: astropy-2.0
TARGETID X Y Z
[from data line 424]
39633132026071857 -1643.8900212764156 -2487.1070040224645 2790.803060876427
39633153953890536 -2033.591147409199 -3145.72296524478 3639.796211940675
39633118667213884 -1555.76599210799 -2345.4192300501045 2552.2220783684575
39633140821525355 -1919.3635433112038 -2676.213947312618 3120.852317273949
39633118650435505 -1902.8654349601804 -2718.8742571575553 3027.4270088215426
39633136438479389 -2245.2228459698786 -3330.07582599529 3769.421052117216
39633136425897149 -2742.387532736259 -3920.8194721865993 4508.804321346007
39633153937117192 -2084.4191347795713 -3096.180994812228 3635.586840513508
39633149570845693 -2624.594915139759 -3654.9509445181598 4340.962918201177
39633153941307530 -2296.596656275582 -3413.2217789981255 4010.9114792494215
39633132030265518 -2038.5184806663165 -3113.421504511158 3461.350016473537
39633158261440743 -1633.854387515356 -2385.552114534335 2851.9278739505176
39633145217155173 -1915.0510858264918 -2753.1180884636055 3218.34886897968
39633149579233329 -2523.314739762197 -3590.198165412541 4230.805035660967
39633140834108353 -1628.1451322415132 -2357.967790877801 2717.346033050869
39633136421700842 -1787.5949375734108 -2508.4101332857135 2889.8783301873154
39633153945503649 -2379.676953673629 -3605.847685901681 4217.884987415186
39633153945503808 -2396.747366997992 -3633.540892784413 4245.673528226487
39633153945503865 -1718.9431929413847 -2606.3725357847634 3050.104942885608
39633153945503933 -1242.2580766905662 -1883.9483014599132 2204.4932672493856
39633158265637930 -2458.6498690518515 -3673.324114011231 4332.19951289344
39633136442673861 -2272.67011317324 -3418.7826706713786 3859.412234107274
39633123121565293 -2303.1266242784895 -3301.0375612324137 3704.3926891374194
39633127575914209 -1592.960728517607 -2288.4463037672876 2582.052819523255
39633127605273009 -1515.4920638972953 -2372.3438152406015 2596.910109858352
39633140834109384 -1715.899410664593 -2492.2697797426104 2865.8386304107526
39633140859273426 -1828.2951884833744 -2856.7398391252736 3219.8102101430113
39633132005098102 -2323.246720210343 -3269.0523219625466 3726.4707945104055
39633158274024660 -2167.119961824531 -3307.2005457624764 3871.35648909568
39633162568993284 -2224.7528545202977 -3260.8586173122603 3916.036606222457
39633162568991529 -2654.621699785341 -3865.8996619506383 4632.726559636866
39633158257249551 -2124.152035755562 -3093.9340590209817 3680.6830777717705
39633118650434011 -1921.891216067719 -2732.548550012037 3047.2069759260207
39633145204572998 -1981.5752208182319 -2748.9466017151194 3247.0246873429196
39633153949698177 -1861.6474128756508 -2864.3373409042324 3334.531526514713
39633158248859110 -1936.734141028712 -2730.8973032711806 3291.786890455985
39633136430091833 -1504.9881870898523 -2180.477424597492 2498.195438020491
39633149575038681 -2345.256344675294 -3288.378965655204 3898.1605145751023
39633149575040288 -1834.200210319658 -2587.4828640671385 3060.754709390626
39633127584301977 -2098.0971113137407 -3083.2717355900486 3433.818987559026
39633136421702723 -1608.1862853967352 -2270.7794017796346 2625.9718383039512
39633149575037881 -1335.1404412895552 -1866.9276387785367 2222.3926466028993
39633118658825872 -2271.427836679361 -3344.570273808324 3680.656454670834
39633132000906637 -1855.5584660034008 -2603.1267505911483 2969.7203430254276
39633127575912664 -2602.76173681931 -3721.7246927079254 4203.194899504045
39633136434282816 -1488.4651055511063 -2162.8407847922044 2476.7553748920523
39633140834110498 -1269.3524547675852 -1849.9278703541372 2120.7021326436598
39633127567527068 -2226.5894999562765 -3129.8869873076756 3554.5642072077926
39633140834111573 -2507.533597187297 -3666.5997802632673 4197.842297773609
39633145225544937 -1621.9877835336208 -2402.3640092709056 2770.8013887402603
39633149591815637 -949.3523006499305 -1400.0929794822218 1628.2788048674
39633127567525871 -2152.545958615597 -3016.66311811753 3424.2373513266302
39633145225544274 -2269.012269316561 -3352.625259535523 3889.9393481441375
39633145221353011 -2312.1157304283547 -3398.129578405768 3919.1086398350985
39633153953890355 -1869.4915846698723 -2889.9711306873005 3343.971264829392
39633127575912485 -1598.927560507366 -2285.2181746338715 2583.38012208263
39633140834110853 -2142.4994812413274 -3125.789400979983 3584.8843536800155
39633145225544833 -2183.3716337837977 -3232.4342941440004 3732.4476783169443
39633140859276744 -2069.963832162287 -3268.923938153351 3664.9066406730617
39633132038652506 -1615.4977032157533 -2518.0145682832344 2796.67785979626
39633140834110974 -2616.254539745581 -3818.2502827566127 4375.581099250593
39633162564799522 -983.9816594847894 -1423.8174559609145 1715.0954077935226
39633136459451712 -2451.0641393789756 -3886.953425408319 4335.56459406636
39633136434283578 -2496.892172630331 -3638.290617837934 4161.572580242303
39633145221351134 -2039.7226602868257 -2981.6963289104383 3450.055549870543
39633136425897274 -1560.2453483172671 -2231.781264678029 2561.8096713439895
39633153945505435 -2025.3490175214047 -3085.146471979077 3593.22363308684
39633136430091562 -2019.4234837821248 -2923.3720264199083 3348.434011559377
39633140825719711 -1915.8920482871936 -2706.333115148311 3139.7265989064063
39633145204573970 -2389.726641844248 -3324.9909750054517 3928.956582859386
39633153928724993 -2655.1484872310875 -3800.0583578482947 4535.385112213634
39633145233935964 -1787.0072147204394 -2739.2551481676196 3129.1008079615185
39633145208768254 -1485.0088295986664 -2093.8105711184216 2466.704305513739
39633136459450497 -1930.7264279138187 -3049.92639031263 3406.127347163698
39633118658823725 -2293.7409737406456 -3355.7686074415196 3680.904685671311
39633140834108536 -2447.1818024354643 -3545.9282593503685 4090.5755165996634
39633123129950777 -2413.003975782837 -3514.5075152368167 3905.816721497992
39633140859273927 -1467.9974017921445 -2297.072560635828 2580.1986271213486
39633140859274079 -1003.3323352271925 -1570.7187542219788 1763.950336034587
39633136463642855 -1863.6169886549828 -2965.5152579247233 3308.6544517873826
39633140859275492 -1209.4741906468198 -1902.4729841888245 2131.3254497235225
39633132034460729 -1943.8260909800915 -3017.060853531521 3332.3026157509944
39633140846691672 -2530.8516794253173 -3817.4467213024254 4342.014019200673
39633132034461404 -2168.15713154726 -3372.7582186889076 3747.015013239641
39633149583427343 -1659.693539432362 -2386.288792775829 2797.268421260347
39633132034459243 -2276.764216512215 -3516.2001068873037 3894.3738810396144
39633145233935194 -2573.0327904864002 -3931.926937192708 4500.469486721433
39633123138340377 -2243.531646562971 -3362.6663759430285 3713.809869464586
39633149579233759 -2511.9597888871444 -3580.8539589598986 4227.32774569401
39633136425895804 -1649.642301934064 -2348.4045890763164 2699.691883453707
39633127580106940 -2088.572619729601 -3024.2216673328858 3399.523282083339
39633136463645427 -2094.9389585792005 -3363.415110452192 3713.488393958033
39633123142536727 -2633.6181509424628 -4025.8982407116005 4391.381229967353
39633158274025762 -1819.6207294081278 -2789.2388906334904 3261.9662460077416
39633132030263585 -1329.9612019135604 -2018.1238777211565 2249.758554795621
39633158265636616 -2257.120937453688 -3356.5404030387954 3958.963162994889
39633145217155677 -2621.296324912454 -3773.7612138925742 4384.681499259991
39633149604400481 -1648.1159854006746 -2547.943339501399 2939.8885952346513
39633145221351571 -2340.883666965877 -3425.565705832229 3956.652608472908
39633118654629545 -2290.157558977465 -3308.895235979556 3663.4107258907507
39633123134148674 -1893.714622165719 -2823.277469545175 3127.3292950806167
39633149587623534 -1603.0038350954387 -2347.9409770811676 2750.5260494212657
39633149583429388 -1934.485036378284 -2798.794260805668 3293.577754315521
39633140829915253 -2022.468225119035 -2906.273833220207 3356.0297500830898
39633132021877816 -1560.1790291635027 -2329.8943302784264 2613.745822111814
39633127571718296 -2436.966730508491 -3440.244048470638 3888.4157130381045
39633140850888072 -2111.0059886160593 -3247.6051506515664 3680.3562068387696
39633132005100660 -1949.5071167380056 -2766.2300462009625 3147.1283340903574
39633118675601505 -2353.741857881802 -3630.5677758269326 3925.6119434353586
39633140838303118 -2017.2831502476354 -2965.729292276583 3418.3167986248523
39633132005097959 -2640.069823395559 -3713.157244547203 4242.38886951423
39633118650435761 -2192.291999668616 -3134.8543725477466 3475.46853054854
39633149579233711 -2068.9182473739324 -2948.646925634388 3493.4136302381708
39633127601079595 -2346.122152921731 -3635.2916208606025 4014.1090268092103
39633132026072407 -2409.978744709941 -3653.478723077339 4093.8069678189554
39633158257247351 -1690.2863738622762 -2443.965510255943 2931.0042419681986
39633132017682251 -1936.4377084107023 -2841.85639322433 3202.04219658245
39633123155117286 -2402.5722914926064 -3788.2058058745333 4124.709757098574
39633132013486561 -2351.140060860242 -3390.8880548503153 3859.4390172062954
39633136463643634 -2102.496707629766 -3353.8969772343653 3719.140868367704
39633132017683289 -2470.2721772417435 -3640.1175838203267 4087.124866206133
39633132009294727 -2020.7393255571567 -2898.6910669328536 3281.2334810452453
39633127580109840 -1187.438867314446 -1732.8648456260864 1934.388435381122
39633118654629550 -2198.172529099635 -3176.093718608649 3510.3211288109956
39633127571719452 -2168.344089161533 -3071.352352651919 3490.300076573043
39633140829915112 -2097.2721425122413 -3012.225167376062 3481.111101673775
39633140821524669 -1592.0394562922825 -2214.7111351116296 2586.82483791388
39633118650435824 -2658.627376818893 -3802.4413437649555 4212.481187138106
39633118667212655 -1414.4014415964843 -2123.84631380101 2324.096762238417
39633123146728542 -1470.9277802081722 -2259.1809064080653 2471.090567359729
39633158265637550 -1262.7842549429902 -1884.2108755991026 2222.838648632399
39633123129950727 -2154.3829045451594 -3137.428244422808 3487.599439802895
39633158274025341 -2118.5437790797864 -3242.2231434050873 3794.102724673216
39633127605274225 -944.4026602731274 -1484.1555759744558 1620.4502812602634
39633136446866480 -2090.103863502906 -3166.3099034766797 3562.4155752480383
39633132026069242 -2446.2221962588565 -3663.866319687223 4094.332060636225
39633149596010740 -2091.025011938007 -3134.2924260586783 3630.654925506164
39633136446866166 -2115.7942335799494 -3200.939917212437 3602.247842925132
39633162577381184 -1754.7721173356151 -2632.8812935460996 3129.7893381362646
39633123125759278 -2379.367924675119 -3450.9418539332023 3841.9431915770942
39633158261443832 -1899.1763178423275 -2801.589234336683 3315.972719776541
39633132030266217 -1809.9442333955913 -2770.8601881905483 3080.3082353766144
39633140863467599 -1727.90335335338 -2734.510684986602 3060.3728256165705
39633118675601674 -1755.501494092863 -2709.3091686436032 2932.690296434987
39633127605275912 -2434.7008450464396 -3846.765455277036 4193.503026505725
39633132017683733 -2309.280884300861 -3408.218263985946 3831.4144920102226
39633158278220406 -1114.2756990435764 -1732.169259457571 2018.0452181866838
39633140850885898 -1591.279862841237 -2430.04677902343 2766.607985323831
39633140850885856 -2355.9482530230175 -3597.2655369835156 4096.343630834452
39633145221349568 -1419.7088632937568 -2067.7215129042747 2395.456513058243
39633118671406003 -1447.0832068524105 -2193.8992000426565 2385.0923595884324
39633132034458958 -2306.5705083342004 -3558.793868974221 3943.5377995689664
39633158248860187 -2472.2312139436544 -3500.772102069515 4195.57323289441
39633136434283485 -1753.9823724996295 -2554.99766572228 2917.7745971668987
39633136430091335 -1422.7092541872526 -2058.098645218566 2345.9406278170977
39633140863470668 -2166.053433777568 -3464.3824785058873 3889.0941936826093
39633153932923109 -2395.0147600929013 -3510.387743569457 4123.712606196363
39633149579233209 -1893.8807142367507 -2693.509575308078 3191.0198604090183
39633132047040920 -2447.801773279664 -3916.1936754226567 4288.715762105052
39633140821526699 -2265.0827317857343 -3175.8086228645634 3698.0663973659707
39633149600205278 -1614.0059798704885 -2454.1422022061274 2824.5154536500654
39633132030267115 -1722.9819530490704 -2645.711255489293 2943.269726616969
39633127567525072 -1837.4133894922322 -2569.2357228886326 2913.4723672507694
39633158257249205 -1896.2459985344553 -2758.3243672646754 3290.8742151258607
39633132047042170 -1800.9772667250509 -2895.3990177561745 3187.440574543793
39633158282413924 -2633.084144654722 -4134.193452571786 4814.744184224199
39633158282414041 -1436.2714541882196 -2256.199397772032 2628.145222456143
39633132034461015 -2500.2926682207935 -3884.515796637529 4311.2040959913
39633153953891821 -2540.6888414345995 -3948.655481237083 4563.295476684025
39633140821525915 -1734.1852626581067 -2423.5400051325623 2822.2357986236416
39633132009293591 -2115.588693476472 -3025.887279237996 3431.6206110023745
39633118663020494 -2088.6107365035086 -3117.916222917314 3406.606398139829
39633118667212538 -1372.721544073803 -2060.4334617405793 2255.2534965808213
39633127580109587 -1905.2942954585853 -2778.726415526968 3123.887492955669
39633158257249016 -2245.3425529497717 -3264.163244742275 3889.2848580320383
39633136430089187 -2013.7247313771518 -2895.058986978793 3323.225415435667
39633132009294148 -1973.4934673580265 -2826.5879079935144 3214.8808929183656
39633127609470285 -2024.1973071481843 -3243.665753095414 3547.65825137075
39633132013486190 -2503.0251880650694 -3605.816193887905 4098.249560698889
39633153953894021 -2290.9307762075036 -3588.1733254844935 4140.012461303795
39633149604398408 -894.7799368163702 -1372.707248337655 1578.1943228871226
39633140863468442 -1563.981634655347 -2482.6945472307902 2789.025751757606
39633153958087713 -1978.997444780664 -3133.5051559549306 3602.894990253959
39633132042847684 -1102.2026284701751 -1747.6045073132227 1920.6376572488132
39633114170919918 -1859.4738092191976 -2779.5606995655103 3019.0134239605577
39633149587623462 -1624.5805728019832 -2379.102728188456 2786.0730763758243
39633158278220610 -1278.330615424083 -1988.9401749996473 2319.9123750169333
39633149579232586 -1841.8613862870982 -2613.320146173901 3092.6575723467854
39633132000905490 -2463.2579427648743 -3441.8041877187566 3955.1576891062255
39633140838303016 -2034.6877599274048 -2990.236661016473 3441.786949862864
39633114175112007 -2606.789346249649 -3921.4703471472617 4240.996603686814
39633158269832690 -1935.3479651849682 -2933.821877773277 3462.99211188063
39633153953892103 -928.1395465597359 -1443.8781854735123 1677.2192378559569
39633123146729484 -1999.4514652150924 -3080.3094246558862 3363.9912641344663
39633153945504385 -2213.0597938262695 -3360.1687782828467 3917.2791046353914
39633136438477535 -2465.6678413295376 -3634.1614571654445 4142.204991595118
39633145221350859 -2208.4236570507965 -3226.0909985354033 3730.884344279593
39633153941309944 -2332.3392343122646 -3497.7900856221495 4106.026303618667
39633140834110907 -1233.5977423117722 -1800.0171237660377 2069.6815167375003
39633136425894557 -2589.153577626679 -3671.0296082695963 4236.416206037702
39633149583429338 -2462.1762422952006 -3561.6642510635475 4189.570477695987
39633132021875301 -2453.084416910169 -3632.583245354301 4104.60238727755
39633149596010874 -1981.9928454132403 -2972.2390410187913 3444.100288110885
39633149600205955 -2022.7608277876036 -3083.335507205369 3567.5415302160295
39633132000906342 -1782.7237651054106 -2498.6838930188464 2851.708950622948
39633140838304672 -2255.0666546194057 -3329.830228118952 3818.103108014155
39633136434283636 -1040.2335892621193 -1516.0569264392202 1732.6812436595567
39633145225544484 -1825.5573296570535 -2699.4581750674124 3124.514024509628
39633132047042002 -1404.2872658072833 -2255.9222440994813 2482.359980862053
39633140838303413 -2209.7109591981493 -3251.3118472747997 3743.5676754628175
39633162564799910 -2083.9954147304475 -3018.853077230615 3636.357204889789
