create_files/QSO_12_clustering_data.ecsv
# %ECSV 1.0
# ---
# datatype:
# - {name: TARGETID, datatype: int64}
# - {name: X, unit: Mpc, datatype: float64}
# - {name: Y, unit: Mpc, datatype: float64}
# - {name: Z, unit: Mpc, datatype: float64}
# schema: astropy-2.0
TARGETID X Y Z
[from data line 212]
39633149667315077 -1941.583142851583 -3691.3247635044795 4011.1347055638207
39633132097372289 -1868.0710572224486 -3521.2603826850127 3718.6170049548514
39633132101567954 -1467.973063500025 -2822.991926316626 2968.298346301762
39633140913799323 -1564.1478090120067 -2922.578235161406 3157.4802764626147
39633140897024334 -1923.0291318653499 -3418.871844034613 3733.8900347614813
39633158324357214 -1580.0357157128917 -2850.641740926282 3202.619909738067
39633158324358794 -1735.5260433642625 -3147.5186089315353 3534.1814165830046
39633132080597263 -1128.248377876623 -2024.6511297002962 2154.1247497248573
39633123205451571 -2366.5334374952727 -4431.512384256194 4603.258303948769
39633149637954465 -1514.2734660273547 -2606.7997631534827 2920.2715279526674
39633145275879018 -1416.3664407668755 -2484.957808778147 2744.9136830984885
39633127651410553 -2280.8411538383484 -4144.861746122218 4372.829088005039
39633158332746062 -1577.616110361523 -2929.450458847599 3276.9759313351346
39633127647218110 -1118.4793534646963 -2014.8931255578634 2138.428490838614
39633132093179269 -1050.4804383779858 -1961.8713256046751 2078.1463626678637
39633136497199137 -1818.6386584469024 -3245.2566126067004 3488.6988578859027
39633145271683330 -1624.8776845601417 -2798.5704483516174 3098.2991560220453
39633127663995654 -1695.703861840172 -3245.708458017728 3390.7279256637735
39633145275879058 -1450.7253081936965 -2545.5113644286484 2815.718603194661
39633153995833521 -2156.6894722472457 -3827.125553137891 4278.956766705166
39633118730128949 -2000.708131507656 -3691.554348721065 3822.3925359482296
39633136513975090 -2088.464392123955 -3928.647025091949 4195.572607753178
39633123188670636 -1943.243178315187 -3397.8285087108857 3599.2162832845843
39633127647216740 -1193.1121229499154 -2140.77006484786 2262.0693302038935
39633149642147456 -1689.6210617211618 -2931.812853614484 3271.8089881183814
39633118717544435 -869.017971675284 -1528.6714055497832 1595.0561032647008
39633158311772268 -1394.8164520412734 -2393.9264829268304 2718.9837404034924
39633166926877052 -1221.9218936026064 -2230.6829931944235 2533.4793245550113
39633145296849408 -1781.7480535643544 -3343.27456189159 3615.681556108321
39633154008417409 -1908.4509245592083 -3549.969638238099 3911.9375555991564
39633145267487131 -1514.8481686967914 -2555.8658228754007 2845.485385236049
39633145275879170 -1263.2812062460969 -2217.3418225251553 2433.547045747085
39633162627714560 -949.8139191209181 -1686.1617193970094 1925.419654718226
39633132088987340 -2034.530527509841 -3774.418525141734 4004.956917351598
39633158328553216 -1565.005407611218 -2882.167245968488 3212.784401292741
39633132093179703 -1537.919784008455 -2877.1526255334525 3046.4756107033836
39633149671506772 -2029.2477347833167 -3878.3672338649294 4238.232266569894
39633149671506853 -1422.1501595639209 -2718.8957607480797 2972.1150204631185
39633140917994647 -1048.7612536630052 -1995.7388384904157 2137.7602132097145
39633153995836827 -2233.821910640868 -4015.515785590183 4479.195415574706
39633140884443234 -1646.0383620913913 -2823.35689205629 3103.2275224635296
39633127659799322 -1808.6521711483447 -3384.1964944458764 3558.716816741033
39633162627714009 -2124.6779232911863 -3765.20527168642 4290.416143394773
39633127659798670 -2036.516589595141 -3801.6851706698058 4002.724856793592
39633132093179377 -1202.1444641815835 -2246.0821272917206 2377.933093893085
39633149642149460 -1544.5548754411884 -2699.9718917880236 3010.155591378234
39633132093179910 -2106.882266403627 -3944.746263539426 4175.545066730576
39633140922190315 -1249.5907535090842 -2423.762685144833 2582.2869577827178
39633132093178059 -1660.330051431726 -3086.3995333548405 3267.116172802697
39633140926383926 -1168.583744044505 -2296.5429886884776 2435.3819040276226
39633132101567560 -1329.7834036567406 -2552.7099010798347 2691.778032236005
39633145280070274 -1457.3883562863837 -2564.757870588009 2812.326718116319
39633154016806917 -1857.9570217107096 -3570.839777883212 3918.5496659131954
39633154012614478 -2012.923131073173 -3836.3895134746026 4228.05119826365
39633118738515918 -946.0670213110122 -1784.3027203927759 1830.199803761302
39633123205450261 -1702.9856917050597 -3175.0396029011717 3290.6189801157852
39633154016805607 -1982.5373619416205 -3789.831225246755 4180.128229372503
39633123201253874 -1255.4329397488575 -2290.360633082483 2382.8929227994786
39633162640295251 -1181.9044270237569 -2178.307077415042 2447.482967173689
39633123201253918 -1419.459046102316 -2590.0750498312664 2696.9737938588937
39633140880247943 -2034.4003728012083 -3432.765739833994 3801.8757490399034
39633132076401844 -1961.4989681562506 -3458.633436609411 3718.1783572608274
39633145275875493 -2339.461262477348 -4053.3104337926625 4484.341683088993
39633140884440550 -2513.288528486742 -4273.0388505205565 4721.295547265828
39633162631909193 -1876.5996495912614 -3390.357503719524 3830.090590249914
39633162631907662 -2142.7559709079796 -3849.419709012925 4381.374360170301
39633162631907678 -1689.6882615052882 -3035.7225403120747 3438.8446890748082
39633166926872642 -1099.2276231328183 -1978.25922026417 2257.2479664022176
39633118734320224 -2128.987826497309 -3941.0799071635583 4053.6767265582184
39633123209644524 -1731.4198019483722 -3274.4113069277955 3401.755824407181
39633127655606149 -1373.1145481870728 -2543.407183984085 2663.1047558472483
39633140909605502 -2360.8114525763776 -4355.123688182327 4684.1348165030195
39633140909605369 -1883.5911004767167 -3473.0016683866797 3747.092610532301
39633136513974648 -1289.73082822789 -2422.3477743574267 2584.239822529244
39633127634636272 -1571.983033050445 -2729.583362436792 2905.3864677507836
39633149671508791 -1289.722802661312 -2485.371391698319 2713.4659824296295
39633154004223182 -1849.5063881243193 -3391.3772809685834 3768.911484292581
39633149650536436 -2236.1835433433903 -3993.7051438784647 4419.847242637527
39633149650535277 -1179.8008452417116 -2098.3961605394725 2323.7176218635072
39633154004224258 -1847.1263154541987 -3400.8514412549525 3775.22973563616
39633166926876347 -1935.9874766818743 -3526.880425185022 4006.772506759214
39633118721738882 -1909.5419825493445 -3407.2124272629962 3562.1857783355567
39633114238027692 -2073.895117721471 -3820.686904111004 3925.5269033677064
39633123213838947 -853.0133031501446 -1640.2004624798963 1696.3371661480303
39633166922681371 -1156.9155544366297 -2072.3934726625325 2364.9307094570886
39633140897026122 -1597.5454597178302 -2857.669996031778 3120.2418469605864
39633127663993874 -1600.8866769949984 -3041.502604374604 3172.5403410327017
39633140913799801 -1632.2881179468095 -3055.540832407738 3288.934640955691
39633158320162648 -803.5197554966975 -1426.6703550398406 1611.063491751811
39633145305237576 -1006.4938133846848 -1943.7689173001995 2089.400974650008
39633149667312272 -1061.1359344866426 -1997.1246595535674 2186.2740097082597
39633118730128920 -1037.1052544429708 -1913.3755491678821 1983.961070371394
39633127659799425 -1756.4345045971686 -3287.8879852882133 3459.2434044188576
39633145275875785 -2401.3331178779467 -4164.098703851812 4606.319564566608
39633162623519312 -1382.5203776833735 -2414.453179069179 2750.0809162667365
39633127643025089 -2489.0742258944574 -4442.77727747681 4717.210068166433
39633162631908950 -1409.5114526653683 -2544.355579413916 2892.624424302607
39633162640296681 -1413.941632538702 -2619.399521304228 2944.3803579234263
39633132093178388 -1439.98978448666 -2679.8949316028356 2833.556864514046
39633158345328416 -1287.7096476866934 -2496.7370906875476 2751.5902563961104
39633127643024195 -2048.2079182898106 -3644.672294428555 3863.247064070625
39633158345328660 -1800.665896368359 -3494.0121067484015 3848.467621787908
39633132076403063 -1822.6971921820411 -3227.507437395668 3466.6051351467627
39633145305238411 -1470.553043249277 -2848.2205751849838 3060.271991310345
39633123209644049 -1706.1723612425008 -3220.842368526615 3336.729060306277
39633162636099636 -1991.1595112644059 -3600.241734680744 4067.982069639084
39633154008417120 -2089.4876636962676 -3881.727550359301 4310.015276938289
39633127647216482 -1943.6942289397844 -3484.69245976113 3679.9423849954464
39633149646343320 -1827.385349538383 -3231.3013898311433 3583.4207250331483
39633158311772452 -1545.331982409257 -2653.8692176856493 3023.7781074369695
39633145263294267 -1934.4608504926773 -3233.314959502808 3601.4111454717363
39633140926384146 -1914.927007169279 -3766.7613057276353 3992.433984763091
39633127643022310 -1680.842793421802 -2973.696247101816 3160.6197236222993
39633154021001971 -1093.2866816727253 -2137.319625038039 2333.6729460716847
39633145280069763 -1288.742104078372 -2264.1264237622413 2503.737377654861
39633136501391881 -1110.075310780774 -1998.760624493488 2153.6413019807796
39633136518170279 -1776.6677565704958 -3401.0664609407445 3616.878253995771
39633149671509457 -1780.4405209785584 -3440.239579578454 3756.3098194460654
39633162648684518 -1835.318653575627 -3494.091695247151 3905.8812678180343
39633136518170060 -1197.3053164423793 -2290.235430617414 2425.187095699845
39633132105763007 -2191.664844769835 -4286.979416879424 4502.112004081906
39633154012611700 -824.7926162514609 -1555.5817062865144 1716.4415487911835
39633153995834786 -1663.7491137474663 -2966.5494698802177 3319.132593367242
39633149654731410 -1101.2247512753684 -2001.8690402462544 2197.235544188434
39633162631906375 -1910.5865040751594 -3416.4659830433247 3870.4301946211176
39633154016805041 -1416.7376898376988 -2702.5473740707394 2969.2271246138066
39633162631906071 -1587.9167870162792 -2836.5126718023407 3212.350451262059
39633136513975944 -1143.5565708940858 -2157.8909893876867 2295.8916213155235
39633136513976434 -1596.8548111687835 -3018.5193100264178 3199.8703188756986
39633158320161699 -2002.3161084885303 -3544.227762634035 4008.95218695251
39633136513977580 -2076.47099597136 -3944.0346394173066 4196.016666273764
39633132101569211 -1363.7104459120155 -2637.1843794055994 2768.4242561424326
39633123184478607 -1570.353682309162 -2727.9116975487127 2891.063485643374
39633162631906128 -1876.2303562860056 -3352.1775838280482 3796.001258407627
39633158336938705 -837.2843924967178 -1569.7695813541482 1748.4890400698523
39633127655607051 -1470.832668872216 -2734.0509601014774 2879.2175541648903
39633149658925372 -1232.3556328006473 -2269.108387840054 2486.799048930154
39633158336938797 -2258.650677204646 -4236.1852040263375 4707.595089434249
39633123205449453 -2244.6030077285723 -4173.001297105321 4336.794282967811
39633127643023505 -2347.189280927383 -4167.5238131712695 4407.719235108812
39633154000028696 -1464.8071744912047 -2644.8135807692665 2937.637092205748
39633149671509319 -1582.2621782758586 -3055.682552305978 3319.559768033734
39633114233832244 -2022.0241542033252 -3660.9465532433155 3761.211034652035
39633132080597617 -1454.481001650635 -2613.3562034070624 2780.3643154383362
39633158328552286 -1821.7501408723128 -3343.632462723914 3748.4198004806003
39633149637954233 -1602.0794011622304 -2755.4738323233028 3067.1471806387112
39633145301044785 -1460.2619359698792 -2790.993904040815 3004.3709477665016
39633118717544921 -2009.6166153479276 -3540.5673766381456 3708.921449108643
39633145280073502 -1440.847621620407 -2564.194642531757 2822.39749542645
39633162636102494 -1845.107524774058 -3368.7452814983308 3817.286180807314
39633154008417118 -1329.4644630349371 -2469.7696101607826 2736.255119150536
39633162627712517 -1005.9695481753 -1775.2766946250765 2024.3763508900988
39633149646342812 -1486.1195660674884 -2622.976529100448 2919.837446860358
39633158324356510 -1293.3163185517753 -2327.7638637760588 2614.42182100928
39633140876054253 -2077.869091819275 -3467.0390631260584 3846.444801359346
39633158311774063 -1808.4237908357416 -3123.6965413740263 3535.446483124232
39633158341134153 -1752.4324726269306 -3346.89335779241 3714.7152397213836
39633127643022015 -1690.5410175711258 -2988.295143158285 3176.527764358005
39633154004222323 -1003.4949799277308 -1833.7645450331047 2043.363718590779
39633123188670665 -1737.54700847645 -3038.421714884495 3213.775191836749
39633114229640356 -1270.6158374270694 -2290.4926406940476 2352.2762389595878
39633145296850395 -1656.2340842056724 -3119.4131986265984 3392.497099150691
39633118721739456 -1727.4131191163644 -3087.7111446548947 3206.0088495570494
39633118721739419 -1643.9027607449057 -2938.100803502874 3048.5342633554123
39633140917997197 -1780.0769850209745 -3415.7619304526124 3665.072254126078
39633118713348598 -1091.5564282149178 -1884.9878334610617 1975.917908020258
39633153983252228 -1002.0235627569648 -1713.6905146534982 1934.6600448172314
39633132076402428 -2037.4183663550862 -3600.2621038753473 3862.7394224759537
39633158324357156 -1632.7810346232125 -2945.2894543752177 3312.051032894676
39633123192866460 -1843.7487758605562 -3285.7351963771853 3444.225483622731
39633162636100638 -1526.6462870657156 -2770.5178259121376 3149.272568603337
39633132080597022 -1631.8896539121931 -2926.0685136944985 3123.7237686114163
39633132072208845 -2413.5170070711383 -4219.656193915175 4517.113230503717
39633123192868068 -1792.3957583971587 -3210.991459767896 3376.05379456218
39633149667312237 -1767.003071589691 -3325.190715531587 3621.136588458873
39633153995834738 -2048.523860956211 -3652.052017995624 4064.2061195365795
39633123180283522 -2150.6082080393853 -3675.8434278441136 3916.4193730304505
39633132093178062 -1982.316071315859 -3684.985780925295 3885.7525031988985
39633149629566441 -2238.292854515404 -3750.357459838173 4200.5429310186855
39633149629566630 -1617.808545764661 -2712.5302401987847 3037.7919105954784
39633145305236301 -1513.6077608156834 -2907.895653638853 3126.5748748194155
39633123201257501 -2064.090628605647 -3812.272515874998 3967.035778211963
39633145305237186 -1012.9883407885935 -1953.3437339570996 2104.3539809397307
39633140917997319 -1365.334250945807 -2620.8527517150305 2798.6986198260192
39633127663995596 -1928.0980649321596 -3689.610607321773 3861.1714356902658
39633145271681228 -1931.0266237930252 -3301.2954171213264 3646.9158633096176
39633149650537697 -1844.5485975406132 -3308.6735568045647 3652.645445832905
39633118721736787 -1550.6141138581843 -2748.0239838071443 2857.5347556968145
39633118713352096 -1827.2668426275877 -3189.4862964342137 3339.135343348764
39633140917993965 -1135.065700709354 -2154.4414032052596 2306.2737843275463
39633127647218782 -2062.0385096277737 -3722.04264614658 3949.079236710658
39633154012612202 -2012.6402391984318 -3802.4595234368403 4200.080402141807
39633145267489668 -1492.5221392614212 -2541.504534389478 2812.930881402422
39633118734322242 -1693.36545969265 -3156.489738249038 3254.869414477984
39633127634636537 -1387.3645266930446 -2411.0156084644896 2569.697062359686
39633132080596663 -1341.2142403852538 -2402.308177251748 2567.548123938707
39633162636103380 -1428.124565218141 -2615.40955448877 2959.138380246708
39633136522364861 -1966.5466119469386 -3824.9427129732803 4062.255300597161
39633149663118072 -2084.699490074588 -3870.8911353977337 4230.902436593872
39633136501391452 -1707.35441471099 -3069.8981830727635 3309.977828036995
39633162636102437 -1691.68957850539 -3088.061580853288 3486.4038695066447
39633132088987000 -1751.1586659320346 -3244.7465499003756 3438.744128246322
39633154004223069 -1972.9412734991645 -3616.356856087398 4029.0017638626077
39633127643024274 -2158.963709385681 -3842.8115115188393 4075.3271860652053
39633132080596130 -1756.054669371672 -3139.2962740339244 3352.3744929838567
39633123188671754 -1585.2747601307528 -2780.6502360008744 2936.870974631175
39633123209644278 -1883.745887103185 -3559.2685374796492 3696.945520051891
39633140913801536 -1685.1191467316444 -3175.2435539613657 3397.2479117529974
39633136501391508 -1810.5332039257626 -3255.92622744237 3508.2962943968128
39633127643024702 -1533.3172788439201 -2733.388681247355 2906.8574544166177
39633127663994066 -1450.5100381498562 -2758.2072048299083 2885.5928876737808
