create_files/QSO_15_clustering_data.ecsv
# %ECSV 1.0
# ---
# datatype:
# - {name: TARGETID, datatype: int64}
# - {name: X, unit: Mpc, datatype: float64}
# - {name: Y, unit: Mpc, datatype: float64}
# - {name: Z, unit: Mpc, datatype: float64}
# schema: astropy-2.0
TARGETID X Y Z
39633443809657042 117.48894909022079 -2267.1225660280033 4874.120948136106
39633443801270997 82.9401616821936 -2180.8659851429343 4674.19441252044
39633456287713554 -86.22996536794703 -1766.739603366083 4022.198310310797
39633458724605993 -50.85397252660886 -1856.6677429373012 4291.617938251037
39633458716214724 -60.388832562214986 -1075.3083661728247 2479.016698546376
39633463535472683 44.39036379997059 -1142.3800317361395 2689.704783060115
39633443801271028 65.76626755382615 -1725.3822775724043 3696.0036284039325
39633441209191989 -12.289700566710643 -1805.6044695960497 3834.5102309731237
39633441209192559 -11.947097423563507 -2216.846731074725 4704.843116560338
39633443788689135 18.94256827063044 -2195.4220998786204 4710.809959544044
39633441213382729 -7.886101282758033 -1592.70840582097 3379.141296632338
39633451376181838 20.94302955409046 -1744.9390168181264 3883.1679522081167
39633446347210906 51.16131338996961 -1949.935038300034 4239.769761372104
39633465880086785 10.084960757443145 -1616.2179077038616 3845.8162560710734
39633458753963559 104.34501823509747 -2457.6341665363097 5666.487006676151
39633443801270651 45.92755748729153 -1237.6435386343999 2663.6559612693404
39633448867991006 21.18595680487332 -1593.3173129063516 3485.4968159174937
39633448884766816 98.05467552148882 -1882.9757303581362 4154.338542105392
39633463535469795 74.44937442611118 -2390.482687132058 5611.821432827434
39633451355211129 -65.73110942295739 -1687.5701705377685 3729.800447455682
39633463531278102 52.280326403717204 -1911.0142187370388 4515.212520599044
39633451351019275 -97.61137524066855 -2212.968638576564 4934.631287215251
39633463531275396 35.489741504563874 -1766.2776302716998 4185.983468207191
39633463531275358 22.089967251707826 -1105.4557497504127 2617.8937808358432
39633451363598812 -37.457953288097386 -1885.3851570536565 4203.598606971322
39633458716216114 -53.749761358886865 -1018.6045947241039 2333.1615573291074
39633451351015879 -83.86833652202182 -1616.6449481605882 3579.731671044675
39633456296101976 -62.20520378437382 -2351.7824950427485 5337.6795106047175
39633443784493201 -10.1870902562006 -1965.5867465652868 4219.024206595975
39633446330436755 -17.307051643706593 -2179.195471623913 4735.668157945117
39633458741380984 17.327456500612712 -1682.0615131946563 3891.5723979307704
39633446334627989 -8.292104230098015 -1683.1150234010854 3632.6340757188423
39633446334629022 -4.86450027816585 -2087.1532835614935 4506.455515353542
39633468203730372 -22.10437567372838 -1784.400595186038 4289.018800879699
39633468203730861 -24.232591811162205 -2215.199942141676 5332.435479773423
39633465871698994 -19.17213588612779 -1454.7374793272777 3452.253796867531
39633456321269017 76.27924028741886 -1849.987066336029 4213.001835602032
39633456296102841 -60.972567399852615 -2534.4873693081686 5780.253931880243
39633461148912540 38.06856583318277 -1990.9604861875969 4648.422642663041
39633451359405840 -57.286846075281666 -2123.2254542889004 4725.519289259843
39633451376184545 48.20898261414885 -2640.2996618932916 5885.493543854402
39633451376181341 20.884154547108643 -1941.592311691289 4306.591295228802
39633451384570291 76.66795169690914 -2343.0418537710357 5216.924712839976
39633446322045692 -57.769111712239344 -1664.0721286764167 3608.015565251981
39633451376182256 28.68627963676188 -2208.5237801859826 4922.350588678881
39633448867988531 11.835887522585027 -1542.9805536804502 3377.6737246894822
39633441213383497 -7.643161626278445 -2439.479237890399 5192.4551458288615
39633441213382769 -8.855378280116323 -1830.0600700179364 3866.0261424110845
39633461148912278 31.194092489264495 -1694.896988133448 3953.6919273979934
39633441213386834 11.141525897926357 -2520.789563427139 5326.564156516829
39633441213386005 4.713256701666086 -1877.2706868780353 3988.9600134716807
39633443771911971 -81.40508892147548 -2585.664374638316 5543.339268492819
39633446322049063 -60.81201286247751 -2205.1508459263914 4802.068791492069
39633451384571058 67.35268034212575 -1951.8771946678744 4328.090437042323
39633441225969353 49.95869641196861 -1432.8347662480035 3055.4557826365176
39633453834043585 -114.72893491776057 -2411.252211592126 5423.819612238285
39633443784493208 -13.48354942243787 -2609.1457453456187 5609.1097609738335
39633458741381718 22.39695658227833 -1818.1802335695263 4177.966951625174
39633443801269794 55.48938988022101 -1581.971338997617 3378.6240020745645
39633441225967304 62.784654030314634 -2121.7695765619983 4520.494782658221
39633443792882734 37.44303824426264 -2126.54085600732 4535.749741768936
39633451351019029 -72.91474402553344 -1633.6947354508827 3609.7565407463494
39633441196606397 -109.95813097462405 -2522.315532916003 5381.398213648648
39633446338826267 30.473512472174658 -2115.4776139243113 4591.429049462797
39633458716216817 -96.04115032391613 -1880.4742189655387 4320.438105506184
39633448876379842 73.34990660216944 -2050.5259889703993 4522.9549502660375
39633446338824274 25.140016165284646 -2515.0678740360167 5433.36030880717
39633456321269257 54.67071537431666 -1308.5830932563128 2962.997519586051
39633448884766695 68.8072343614249 -1327.6879466777787 2931.936215528055
39633446347210944 70.88459723633639 -2695.882542578576 5865.327385604993
39633461157298502 42.596067550816294 -1267.2795627278601 2965.868733388638
39633451351017336 -58.892035240195675 -1215.7811837424965 2691.115434925132
39633448838630534 -134.1140235183187 -2218.3870913789165 4872.010568584492
39633451371990009 16.28032118798098 -2013.8785539314347 4448.787306966711
39633461127939493 -75.10184887381989 -1861.694502090035 4361.49991450929
39633451388767596 137.00479582798758 -2674.999371073315 5950.707836261125
39633456296102734 -29.353436234249575 -1205.0871243808406 2732.8188934592977
39633456283520256 -96.0974142042558 -1698.6802118082308 3887.4413271122326
39633446322045885 -61.471942945584935 -1790.650735243189 3891.753245746072
39633446334631590 4.173488992708456 -1202.8002753809542 2597.4676181652385
39633451367793154 -23.79632641919984 -2551.098738726672 5664.194853250335
39633468203731379 -15.975916538927248 -1730.3973479126428 4175.551719916077
39633438612917841 -2.83438067685259 -1839.2603682052809 3868.1092022152175
39633446313658184 -87.94164803063316 -1658.674942149879 3620.2830769435263
39633458737188196 11.568026953452836 -2684.8626300253272 6195.114426037835
39633458753963884 89.94390667899337 -2077.2926310016187 4809.359607604209
39633448876377490 57.56238402754825 -1934.0329202365429 4250.598493194904
39633453871793759 132.70935847614612 -2541.2242727548437 5716.900619977231
39633446343016773 17.2566728651942 -1053.0895788808823 2284.174935451443
39633451376181731 11.829585554706593 -1006.2099352052771 2243.828464831757
39633456287712857 -68.08386012917198 -1352.4983155691502 3095.9427118276794
39633453863403786 54.69613188216198 -2007.8068050441095 4485.358403977582
39633448838631736 -127.21378370349717 -2196.2346284257505 4828.625312808104
39633451384572075 93.43591404781282 -2519.6735099354373 5611.464808963383
39633441225969289 95.0412639595591 -2738.6978142436733 5839.832072060163
39633461157298987 83.08227081413801 -2392.307124356001 5587.037066475387
39633446322048188 -48.798982592761696 -1661.1412054996047 3617.751148310619
39633463535472467 55.95419370072517 -1460.5966115296676 3449.955946773777
39633463535472288 70.46702012627115 -1861.5418624800875 4396.165296293152
39633465875892876 -6.354990339650916 -2201.9131207916375 5249.534784329686
39633458741380236 14.301692991009586 -1767.0177013262191 4066.066600219343
39633453867598443 51.915983554141235 -1340.8331619801002 2999.6576983877476
39633448855408198 -42.06974068966839 -2494.060610785175 5504.2017899343855
39633441200803453 -51.31809162984957 -1944.7269040487217 4147.405076312871
39633448880572764 112.11118384752899 -2633.2547918696423 5766.764918999511
39633448880573995 55.03636914091013 -1201.5145901260644 2650.5985458882915
39633448851211685 -69.93416430742103 -2093.114961927697 4600.023866365236
39633461136327899 -43.91611209327666 -2390.310130642448 5593.592588688157
39633441213386854 10.714622088528907 -2397.9661415082883 5107.258347417307
39633446330436079 -17.397147829421222 -1792.349051922958 3902.994032453956
39633451384570915 84.1398846077116 -2464.4806993067587 5487.011472640858
39633456300294235 -49.67772091498325 -2322.7240173863056 5272.831190752744
39633451359404094 -59.87697657002356 -1894.8288473776645 4206.901463413597
39633451355214157 -34.39196375356453 -1076.3255375454046 2389.877851348628
39633443767717939 -105.10613829089839 -2551.263616700469 5464.743260786619
39633453825659275 -122.60639518797312 -2088.206161005523 4701.596008444098
39633451346821964 -159.2816933740016 -2597.0522470262995 5771.083770307269
39633446343016771 34.50452909697038 -2105.9415985594524 4578.733188457714
39633461148912256 43.88102321217351 -2391.0283550947593 5533.682844928772
39633458720408472 -64.3042139293633 -1375.1459849613204 3170.9848404334916
39633448863795399 -0.39851297473800185 -1597.9400715472943 3486.7829349271883
39633451359404194 -59.7300523905546 -1907.337795100959 4225.360135457914
39633441209189347 -31.511613184797124 -2405.45984054937 5109.501933910449
39633453867597930 90.16501919289564 -2407.0789194598397 5392.2004143424965
39633451355210786 -107.65647172597613 -2701.4515818124914 5977.346584899575
39633451355210973 -108.94236764784935 -2768.115643312666 6123.302440301336
39633446313657046 -100.22291916772383 -1807.5242765307482 3941.8440769336676
39633453871793660 125.20851952374232 -2408.2512181447496 5418.975427439854
39633448867989648 27.751908602637698 -2672.957162852852 5859.952116120205
39633451351019194 -61.036100781606464 -1378.2510951782454 3061.584338066583
39633448867989860 29.03507101088211 -2682.7000011566306 5885.051236593954
39633448876376387 58.0027007504714 -2157.736661587471 4725.110250100684
39633448876376243 40.9311554747663 -1545.0340639631045 3381.7155080680027
39633451363602070 -30.164719167647526 -2581.246968432802 5763.23910987794
39633443788689603 12.573712346593002 -1304.4711773678298 2805.3383578617177
39633443788685613 1.152428927593962 -2136.374134127812 4599.441105108581
39633441200803399 -53.296345395734065 -2009.2833785245693 4267.703200276519
39633453834046464 -58.27397179307525 -1440.7337598284064 3227.5606260225786
39633451392959276 116.54841460338753 -2127.309161415371 4731.278997320993
39633465871699122 -28.912693205201062 -2254.8437866443746 5351.919783523679
39633443784494626 -4.462423970964246 -2391.89008167364 5116.221199113909
39633446334630501 2.2921316624857777 -1800.9904862654182 3910.0064788628474
39633456304490002 -12.700414546606977 -1892.6247891475741 4305.776105245589
39633458732990762 -37.028067125023625 -2376.0600176816856 5481.441707897935
39633453863407557 88.63272982804813 -2393.251721441162 5360.792927494713
39633453838240462 -71.53292151543087 -2360.3759003958176 5319.143094914269
39633448872185219 62.197676443791416 -2604.607196323016 5742.266446394656
39633458728800442 -36.32525882324302 -2212.60691416408 5104.374124501653
39633463506110453 -83.46626883702548 -1864.4307456298186 4371.468218753599
39633448847018819 -90.84336286240158 -2231.1367326859704 4901.571248540725
39633446317853505 -104.62215820073425 -2580.7465141050025 5576.722164619876
39633441217580692 26.78513069188346 -1931.9880047554461 4098.6911048854045
39633446338826082 14.732923070577343 -1053.2693874278789 2274.995312109952
39633461136328900 -19.82453481016019 -1253.533683805929 2910.171369962442
39633451346824507 -123.68936899529504 -2222.8375382316844 4956.226186645933
39633448847018672 -98.70119397461859 -2401.378252160041 5302.864916141694
39633446313658872 -83.44662896348441 -1618.093851402077 3522.234692302273
39633446313658610 -120.58402452183842 -2312.3001146779866 5034.56222204373
39633448838630103 -99.37255471857294 -1620.2153514976578 3582.4305407468923
39633456283520986 -69.3262835448701 -1267.068333758418 2886.5968073914723
39633448851211283 -90.23094071546109 -2633.307640471022 5787.9503649184135
39633456283520888 -103.21616575257836 -1877.6484807344643 4274.999393871928
39633451363600174 -17.105820907371953 -1031.9315450006218 2287.3572523551657
39633453834046095 -88.61601065000244 -2138.6651716475703 4787.241954910866
39633451371989468 11.582783216134269 -1779.1595543515743 3951.837710070414
39633446347213020 83.11830034048201 -2594.902314756431 5645.551791313362
39633451388767337 110.87795843460222 -2191.3609303910453 4871.264277133144
39633468207926765 11.504881366079434 -2345.6899403489633 5633.766961760959
39633461127938139 -82.84902981372899 -1890.4666063436928 4429.215534511689
39633446343020284 50.7587583859151 -2005.906899451617 4352.990497630202
39633448855408162 -31.98598808905365 -1883.1351797712236 4145.283385741566
39633456283520171 -107.97971264422256 -1900.6449388663168 4312.323992420223
39633443801271316 75.53536006858883 -1950.7408377529898 4198.309806831771
39633448876376470 52.321054807925215 -1929.3121901644106 4242.530734991479
39633441209191632 -19.844270516533523 -2562.3098678642527 5420.09190272444
39633443792883026 28.26636128116938 -1538.3044780948642 3307.8397603761205
39633451384573931 89.1367721685835 -2130.4606737069357 4729.834019240487
39633451376184860 23.727678606753248 -1249.0416785576758 2761.5086835780735
39633443797077550 72.41095763020152 -2493.7416309733208 5320.994340788501
39633446338824608 11.75148266356247 -1088.9860436542567 2367.7863089908124
39633453842432210 -33.73956392660075 -1291.0082752282897 2907.910804073637
39633441209191870 -13.462546102006199 -1887.08944330032 3989.815978112763
39633451380376870 39.411047406945755 -1624.1555658992972 3590.728910904505
39633451384573495 99.38279302202328 -2439.9243133633727 5409.353346807722
39633441209191843 -15.286929923746568 -2125.303885478633 4498.480763372755
39633441221772057 18.869978741143473 -1102.09448279932 2340.7763829976793
39633441221772078 36.51306612293337 -2127.4508524014045 4519.266304186073
39633453838240659 -54.00254286533714 -1810.6160145206713 4054.6400253023407
39633468207926590 10.830164497190344 -2457.3276026044086 5902.953737554731
39633458728799225 -28.738994020400717 -1476.354107152045 3383.4054682469464
39633458753962171 39.172974986774065 -1016.6791514116336 2348.3307016177123
39633451363602379 -20.330659922626847 -1879.5686276058502 4151.664180529439
39633443780299564 -33.53532428116749 -2324.0254009230116 4975.552112762459
39633458753962123 80.15860560723175 -2087.109191881865 4791.4246534707545
39633461132135135 -38.83200300592185 -1527.1402256277709 3563.6576156810956
39633451376185395 27.99156433241111 -1377.2746582372001 3044.6184480397233
39633461144716983 4.880236769467815 -993.6330960098787 2318.5451767772292
39633451367792743 -21.836367450182458 -2109.9228439773337 4657.767319571169
39633456321267977 69.23695351491678 -1798.5759271519025 4092.9738372329034
39633448847020457 -75.96209265174276 -2042.9837505169519 4462.205718560174
39633448859602075 -16.194411969777082 -2347.384498617867 5166.326448573371
39633458745574743 41.664752382763055 -2067.412580172785 4738.749371150888
39633448851211051 -45.216222861343745 -1297.85522602714 2850.8775489894106
39633446347211263 61.16763626566968 -2256.7768196780257 4906.202630387929
39633448851210683 -55.300280425537586 -1551.1303211560273 3407.0623751427165
39633463539663689 99.65232960103243 -2429.505973373924 5734.8063390040625
39633458737185464 -7.2316569006907 -2068.5820684406613 4777.201730865344
39633443792883342 38.019810247396144 -1988.8451694457785 4277.510257036447
39633458749768906 47.81880561364052 -1571.3162018992846 3628.867723196018
39633446309465582 -89.68895020264398 -1506.9580064403156 3284.108987097625
39633451351016667 -91.44234475406058 -1823.1082265452187 4057.7578601716154
39633448847020669 -86.32686212738682 -2350.4120101600865 5137.69434407354
39633456321268552 94.39370001996559 -2357.575560753739 5367.9631110016635
39633451342629773 -112.52122821111213 -1692.4300224797096 3765.15482909133
