create_files/QSO_12_clustering_data.ecsv
# %ECSV 1.0
# ---
# datatype:
# - {name: TARGETID, datatype: int64}
# - {name: X, unit: Mpc, datatype: float64}
# - {name: Y, unit: Mpc, datatype: float64}
# - {name: Z, unit: Mpc, datatype: float64}
# schema: astropy-2.0
TARGETID X Y Z
[from data line 847]
39633114238028046 -1366.3483188527418 -2520.5533516582996 2575.8367124424017
39633158328550906 -1053.2003884700318 -1923.07041310564 2150.5060021089225
39633118725931033 -2162.345422125944 -3884.734022967913 4042.9326521598337
39633149658926515 -1352.8266108194323 -2503.33611159304 2742.978791285422
39633149637953594 -1604.041074089244 -2751.883387735707 3081.0522269584244
39633136522365732 -1170.2332453346091 -2283.1887398917456 2409.722579372536
39633114238026170 -2159.2391260870863 -3956.228281408993 4065.6306046219756
39633132097373944 -2207.689441536501 -4186.013539894494 4398.536565077993
39633132093180854 -1700.5698630659958 -3195.7869445150195 3366.4446262718375
39633136509782977 -1826.6698233186544 -3416.2908871713576 3656.970478966891
39633158320162644 -1954.9201239498911 -3470.9829804224014 3927.7552377732914
39633140905414141 -1611.4347777894393 -2960.2396299306824 3198.150607928874
39633149633759858 -1498.1719309465466 -2536.024090463047 2837.1802633507205
39633140901219937 -2054.5033588782426 -3720.3036568029374 4018.7210073720175
39633140909606990 -1662.9688663985123 -3083.8185958060885 3319.463661346135
39633149650535051 -1803.402515039867 -3205.065641247231 3556.556730745143
39633123184478451 -926.7914460143056 -1609.2206929469983 1695.546209240935
39633132101567657 -1448.2993409259077 -2781.4160698777196 2923.935710635204
39633136501394936 -2252.6791858000706 -4101.354802659197 4412.590153395377
39633136497199428 -1813.6655720971078 -3239.611578499476 3478.491254681176
39633118713348672 -1045.7151605733789 -1806.2290913974803 1902.6049965040763
39633123184479020 -1544.2119038750527 -2685.816143123405 2831.5120281138243
39633145280070171 -1852.3857258879661 -3258.7961667610816 3583.8038821032583
39633158315970209 -1978.4264018933247 -3487.6917991803566 3929.304249450022
39633158341134241 -1496.8271523206108 -2859.6299492075036 3181.177103614892
39633123184478740 -1518.709237883688 -2639.2977808824703 2782.124469817816
39633136501394788 -1665.9110584418688 -3031.407096607301 3267.1568702505097
39633123184478764 -2216.373183788271 -3852.011508403712 4062.0607171249117
39633136497200027 -1800.99813766395 -3223.3863785745616 3461.8126607727113
39633162652878188 -1843.5896190512444 -3555.367623177571 3955.877928492258
39633140926385971 -1272.97985043233 -2520.097964075119 2667.609639407643
39633140930576468 -2197.9431318755783 -4353.142378385949 4608.790627979636
39633140926385233 -1485.6139314264321 -2934.631986398805 3118.468378764174
39633166931067792 -1472.8845378111926 -2697.6177991101135 3071.5218011251745
39633166931070398 -1317.0044796827815 -2433.404155983185 2761.007449881255
39633140884439710 -1931.0975629520267 -3275.461515302396 3620.505038588649
39633154008418342 -1118.7548287479624 -2089.8101650573567 2315.5829055829226
39633158332747791 -1951.1012218879084 -3644.6249427191397 4062.345815920076
39633140888636891 -2091.2960223134546 -3632.978387099389 3983.359071946755
39633140909607963 -2167.849334412543 -4033.230851572722 4344.948945510883
39633140926384779 -1362.9909880639714 -2687.8593214854523 2856.1479654324494
39633149679895811 -899.3429757358008 -1772.8748144547915 1924.004302542448
39633140926384799 -1540.981879848304 -3039.0844601740478 3231.776212415743
39633140913800570 -1858.6839804227047 -3490.4484801840113 3744.5474874173974
39633123213839377 -1829.0334762474502 -3523.050428817331 3652.4574351335827
39633136526559870 -2128.8838132416176 -4209.978372533358 4427.519615712753
39633166922679850 -1635.8078172493172 -2915.220140087825 3339.53850014968
39633162623517255 -2125.4997614516233 -3688.16851104415 4224.342721206299
39633140926385674 -1614.6606955401585 -3193.5655386514045 3391.7534826262013
39633140909608443 -2041.018633600795 -3803.355050884821 4091.3690316401708
39633162648682897 -2049.4834102790105 -3876.881585785298 4345.735525828434
39633162619324722 -2048.0320586317152 -3524.114947308781 4046.2736327228454
39633145313624513 -1274.871318172418 -2516.593739644204 2699.467146659916
39633162640295445 -1501.2555383725642 -2768.7046407324005 3126.4039055296075
39633123218031300 -2016.0984954879425 -3899.113568064645 4038.5664221230963
39633140913800424 -1956.9362994180253 -3672.972835507409 3941.213497242475
39633153979058851 -2185.800059218367 -3701.8275201510583 4169.844164452294
39633166922680182 -1352.718238094343 -2413.3516583894852 2774.7836258333155
39633162644489902 -1835.1793650615464 -3438.285194161999 3862.9470537695224
39633162644489646 -2061.9856144856903 -3859.1095854860882 4341.214856636994
39633162644489500 -1225.430450441285 -2291.8450367622854 2577.704954499625
39633166918484633 -1646.780944351468 -2885.344846055281 3312.8729379984707
39633153979057536 -2201.854510327721 -3711.150381409239 4201.888966267672
39633145313624927 -1348.9108003899612 -2666.098615292898 2860.264424947926
39633145313625074 -2000.6102359413192 -3956.0990552584026 4243.510600166903
39633123201257435 -2278.5505185646803 -4207.420347940654 4368.1809626111
39633140884441753 -1493.3406445143614 -2548.700439301785 2804.9455600696083
39633149650537372 -1729.4018113329817 -3098.69363403717 3425.1799780785263
39633123184479067 -2507.42613503426 -4361.69084824526 4611.63221287523
39633123184479149 -1766.5597900354674 -3073.611275876418 3249.9474503629017
39633123218031264 -853.8039074551317 -1650.9628446208299 1698.0694697896065
39633149675703131 -906.5633564370511 -1774.1767927507972 1927.7979251619474
39633127663994688 -2116.4637694187395 -4035.1015632461276 4206.002124193519
39633114225444269 -2044.3345485292116 -3608.327322936465 3741.1276761695185
39633114246415083 -2225.923545264112 -4197.664750161204 4294.085500272354
39633114225444392 -2340.741456473243 -4133.448746033571 4277.7318780270725
39633123184478512 -2145.3101618925957 -3725.6397438653235 3935.532871766281
39633127634635951 -2031.8115065388374 -3524.511836452862 3762.586654059472
39633123184478598 -1427.4012695993429 -2479.545809172096 2618.9154240709904
39633140913801017 -1148.6078719107297 -2160.519503674649 2318.4950475210208
39633114225442952 -2267.396123291124 -3982.7992322506457 4143.806255031145
39633123209642729 -1706.757177588982 -3206.7882160502377 3335.544140708779
39633149679896141 -1463.200203640926 -2887.27609054626 3123.7166698249393
39633154025195129 -1802.3528184974937 -3561.7440794609024 3880.419237403496
39633123218033035 -1953.03782417683 -3801.4450797568284 3912.843730774503
39633132109958025 -1661.4299682873586 -3306.9005222106025 3465.7419339141625
39633132109957355 -1164.4996650964072 -2312.6002436651006 2415.8754944819607
39633123218032775 -1677.8153870576177 -3262.67176817455 3365.6015928067773
39633149679896439 -1385.219033069886 -2736.105647976908 2954.7512814428005
39633158345327949 -1748.5715929526348 -3385.073028916955 3755.3370384837344
39633127668190402 -1281.9427528393637 -2489.2658617578168 2593.5776611469046
39633145309430440 -1493.647809452511 -2908.3681481153253 3117.652487748679
39633158345328073 -2083.081005874577 -4034.300403960469 4455.5314169355515
39633145313624459 -1262.7688660636354 -2492.313986513577 2685.3186931145015
39633162640296360 -1376.8789884726832 -2548.26728931585 2883.547064674182
39633158345327921 -1853.3560057282364 -3587.5564239125843 3965.1489109423146
39633114221251597 -2152.075811154433 -3766.612338672755 3918.144223455145
39633123218033239 -1690.7900542319621 -3293.6547154031914 3382.61587729259
39633149679896327 -2164.3008092253085 -4273.4373162064485 4621.990341899843
39633149679896700 -1590.3697199775593 -3144.407058550552 3398.5030606776345
39633136526560617 -1449.2172234903471 -2872.327981156364 3033.0979865080094
39633132109957505 -2278.1439012746787 -4526.613793251153 4740.891700494695
39633158345327733 -1754.3852666506511 -3393.4115934623856 3758.0698376340893
39633158345327916 -1943.6862760194726 -3762.3548532429945 4161.066713628223
39633154025195022 -1677.7595975242227 -3314.3125094644543 3619.1455020532812
39633123218033129 -1673.0682190980008 -3257.6235102846767 3358.0769134116895
39633140913802197 -1440.6326102673595 -2721.6707586021994 2929.943552752021
39633166931070801 -2134.813132681488 -3950.700680474374 4477.694692358838
39633166926876942 -1798.9091041115596 -3283.033991501482 3757.5788001373585
39633162623516748 -858.8155582252203 -1487.7669130336587 1709.162586826543
39633162623517181 -1321.0272014173308 -2291.63405294153 2633.0817436960333
39633162648685499 -1273.04008977899 -2433.4225129718548 2731.0522421656983
39633166914293803 -1648.7471058911292 -2882.6636347074436 3310.3504053912166
39633136530751713 -1668.3669909470696 -3320.4883291227316 3486.234240419039
39633136530751672 -1756.2145011810421 -3494.749019920506 3683.894975816707
39633114242221041 -1988.855638995453 -3702.6635245174866 3782.272233014185
39633162623519627 -2012.539912810441 -3517.9509545979195 4025.2918107221144
39633145288459121 -1960.11289096834 -3551.7455850026645 3867.4740828268896
39633145288459126 -1112.2100243556351 -2015.3684758362465 2194.6146032510237
39633140926385176 -1176.2248823955629 -2323.0373713235185 2478.8076944069944
39633166914293333 -1570.3714875212493 -2741.3040864252043 3147.7751575196958
39633166914293378 -1838.3434121492471 -3209.500454894728 3683.8923249174236
39633145309433530 -1272.7102916746805 -2505.6220726816514 2685.4127461071325
39633166935261696 -1249.505336888605 -2319.534580217859 2625.7238805948227
39633154021002050 -889.4897427462962 -1739.3966726832684 1908.8173366716862
39633158303384120 -1612.4875129885168 -2696.34014104951 3079.4104872722573
39633123176089647 -1566.0523924132847 -2645.664311114377 2805.5826948762024
39633154004223303 -1560.01581661455 -2861.9636855956237 3174.5564610893907
39633118730129046 -1907.5550044732415 -3520.907498554295 3639.4575558820065
39633123184478181 -1152.5381992929063 -1999.7230375719143 2119.790762695752
39633118738516811 -1494.5146193447356 -2827.608847211601 2903.7894372192413
39633154004225248 -1247.717774272437 -2306.562088222395 2565.33337598963
39633140884442948 -1670.0947692080222 -2861.998632599171 3143.241515725713
39633140892830359 -2048.52033380525 -3599.4730730141014 3925.669847862664
39633127651412623 -1662.8969916307915 -3042.596243163439 3206.392322875903
39633136484616724 -1762.749517572186 -3026.7657709681393 3292.3922748366986
39633162623517152 -1375.915076387838 -2386.5715895368207 2725.2440181039406
39633154008417004 -996.1093696835234 -1849.5642599126263 2039.510431061967
39633158324358959 -1249.3221953071777 -2267.0558376426206 2540.982480888275
39633123197059583 -1838.39834317276 -3308.6156433862343 3458.5672743791083
39633123192868128 -1902.4481065878622 -3408.832256408239 3564.6988517765353
39633136484615380 -1537.9966256311611 -2626.3145590231015 2851.0656823220484
39633132068014646 -2025.4518404036933 -3492.64176074749 3775.214657421295
39633136484616202 -2283.521831426808 -3912.7222273115526 4258.851476925314
39633158324357332 -1636.7213386552653 -2953.9957946147592 3328.554849942087
39633140917997426 -1576.872843428449 -3028.1892779149857 3243.2620375080264
39633136480421826 -910.2074053755169 -1537.8908788922956 1677.6697222985172
39633136484615273 -2113.682245505819 -3607.8190507677127 3922.2762924625654
39633136480422491 -2044.292986859596 -3461.4865761951596 3776.3005147004624
39633132088986017 -1263.6546864148772 -2333.7042479399333 2475.951389297266
39633136480421345 -1840.1451312179072 -3104.262381666688 3387.9576203419024
39633136484616014 -2202.2516405338647 -3770.4039253234782 4100.610711082255
39633132059625655 -1350.407018477733 -2264.6615397733635 2451.323566350999
39633127630439451 -1955.8115021769536 -3321.5081281656053 3570.8109209686972
39633136497197148 -988.2294767905613 -1752.0707981161022 1886.1330403449879
39633127651411838 -1943.108451783407 -3547.024808478875 3729.3766887283386
39633136497197300 -1730.7974845925867 -3070.2680184507685 3302.0199760364144
39633145275879331 -1142.2899007951241 -2006.0856530302692 2204.6923072710665
39633118725932325 -2296.159161328171 -4148.850874082962 4311.859576931287
39633132084789593 -1707.2603063288136 -3086.290367623482 3281.6183888822197
39633149663118431 -1326.3301195698348 -2466.436105881291 2713.744096958049
39633127651412984 -2278.4601741038978 -4172.857076268941 4384.511960245009
39633132059626387 -1870.4494395587783 -3145.9220662674547 3408.134479332289
39633154000030663 -1089.7066217937013 -1983.0650447469518 2197.3998852336854
39633158332745912 -1496.7928587580534 -2778.021960784523 3104.671010073189
39633136480421311 -1841.6189025859328 -3106.3951713633014 3396.094378613443
39633149671508255 -1824.940995769417 -3509.322589712738 3811.6129715161387
39633145301044043 -1791.0810523527346 -3414.2921888297215 3680.1305258238503
39633136480420133 -2399.9615639385165 -4030.255905988663 4406.324592879314
39633149663118012 -1565.9598425868694 -2906.921740923446 3198.056959302675
39633132063818119 -1165.8199305423934 -1967.5712451853788 2139.47292874296
39633140880247114 -1669.1303132764144 -2809.1759506776166 3093.2434920117566
39633127663996003 -1863.1378085373096 -3570.490805137365 3709.1051782370623
39633132093181206 -1375.5878876698494 -2588.563231599693 2727.9700475369054
39633140884443378 -1750.2949906971976 -3003.594326013814 3298.901767006871
39633158324356971 -1216.662014004623 -2193.4401067988656 2460.558270580321
39633127651414242 -1130.6167196110243 -2079.6990337065777 2189.230440810139
39633140892830268 -2468.0113562444008 -4335.425313809429 4715.144101075283
39633154004224457 -1117.5830336194829 -2059.233936186788 2286.4762740888505
39633140909608124 -2250.2930881729185 -4188.88159091832 4493.446151605186
39633145280072305 -2002.0046816486436 -3548.2684927570035 3909.623654472735
39633140897022208 -1265.456163199669 -2234.2317994717027 2437.849919374135
39633136497198891 -972.5044071172277 -1733.8483917780136 1868.421653513729
39633127659799978 -1723.1751408158548 -3233.07450473428 3377.4239050253527
39633132068015194 -2026.7107203979097 -3502.6058834686196 3780.8106100680016
39633132084793011 -1268.3682617508316 -2322.1634683689 2466.46693699515
39633140897024523 -1663.7240783033808 -2959.629504777556 3211.1878035398868
39633127659799943 -1189.9594424477466 -2232.288315483038 2343.446293792878
39633127651410457 -1395.4300891605146 -2535.0411581118806 2678.9918206741995
39633127634632901 -2096.9073786807717 -3600.927465703641 3868.5756247832783
39633140897025312 -1654.2509640238225 -2950.6209756085773 3209.2997627854916
39633145301044381 -1550.5169840152464 -2958.912952746725 3188.65563790847
39633145301044176 -1304.5169611937226 -2487.845040425722 2692.992734189956
39633149663117384 -1539.750414878661 -2850.1912794277923 3140.9686968013957
39633132068013033 -1807.7952083646455 -3099.3679976014546 3344.47727749429
39633158311775614 -1450.8348492905448 -2519.8517602828715 2847.036996630765
39633145292655862 -1673.5977466722206 -3104.775071280328 3381.8940726350206
39633127630441496 -1971.840769506262 -3369.6864884663614 3595.2398252644593
39633149637951567 -1769.542360726337 -3009.1293729923336 3358.32227152978
39633132084789424 -2045.9220473186656 -3696.1568448689964 3925.66039105666
39633118709155307 -1989.9531818358028 -3404.0425318896273 3591.0886071418827
39633153987447034 -1058.094055503232 -1839.2255420434637 2061.173279123081
39633118709155551 -1956.8460165916083 -3349.7454078319483 3532.928283719378
39633153983253411 -2128.1631820756306 -3654.4841879179653 4125.2923806754825
39633140926382263 -1866.5249015797028 -3644.0204302811694 3878.692715807699
39633136488810216 -1431.5103197802473 -2484.4736677510764 2687.459923173561
39633123205450040 -2097.878389278307 -3908.442455402266 4061.3175691372417
39633158315968037 -909.5501929203051 -1591.67664966323 1804.2616721056884
39633140884439145 -2326.734204680509 -3939.518496934433 4329.22338303622
39633145309430908 -827.6717209989557 -1614.8135745728239 1741.8833153382916
39633127634634308 -1237.761902050986 -2136.082622958504 2285.9489511296433
