create_files/QSO_6_clustering_data.ecsv
# %ECSV 1.0
# ---
# datatype:
# - {name: TARGETID, datatype: int64}
# - {name: X, unit: Mpc, datatype: float64}
# - {name: Y, unit: Mpc, datatype: float64}
# - {name: Z, unit: Mpc, datatype: float64}
# schema: astropy-2.0
TARGETID X Y Z
[from data line 635]
39633300964247099 -1174.7815038082786 -820.1878931659757 1944.3362066907794
39633293703906167 -3013.2809237845167 -2066.8361020333396 4856.695730740192
39633282664498930 -3251.3522653894643 -2252.808267656078 5096.621377587362
39633297348755869 -1520.495806388217 -1063.3832294362835 2482.761237537887
39633304558766671 -1470.1003860387361 -1022.1430633083864 2446.7008381681735
39633278939958956 -2964.3549367495343 -2058.159839354359 4604.8444964666605
39633290033889711 -1958.1748385167305 -1287.8594391728057 3073.093378737027
39633275202831095 -1935.330508865301 -1340.4482028605084 2984.650031817304
39633290050668973 -2942.8479208963427 -2079.3576345195343 4726.461392699145
39633267674056788 -2833.3688239786893 -2066.8450212656558 4360.94571274081
39633304558766775 -2491.4029047907648 -1732.893124009667 4144.082741487174
39633290042281115 -2535.480302852265 -1742.395128704273 4053.1271211851094
39633275215413889 -2567.2854023851783 -1860.3028754264421 4039.344742349869
39633286384845348 -2011.6988335245965 -1487.075824295341 3268.3823488306084
39633271440540995 -2059.058423136208 -1417.5697180162479 3152.171634271764
39633297348757546 -2918.8230720178412 -2058.4941015986474 4775.552002012816
39633271440543024 -1252.537830984972 -868.5416398961427 1910.9489047022691
39633290042279018 -2625.845648710928 -1787.4351067810696 4185.1173631513
39633300972634172 -1900.1262111968608 -1359.6614208829465 3157.74903988319
39633282681275259 -1582.3523322487042 -1160.7023409004798 2537.2407572984243
39633290042280505 -2121.762254802231 -1454.1248516287656 3383.1164437279726
39633267657280289 -2716.081811812668 -1867.5526761961848 4118.104325142079
39633282685470432 -2185.5349830420564 -1633.1468739919533 3536.3014110804947
39633293703906235 -2623.4347321145187 -1799.9741453206072 4212.194175097563
39633297352950308 -2594.9972788231034 -1844.3160090003726 4276.973715713569
39633290071639946 -2019.7443145396269 -1533.6385492805948 3339.894864889116
39633293733265791 -2543.272531901888 -1936.5867288947263 4261.391454429516
39633278923181558 -2864.632633388205 -1868.8356518780824 4390.900067961418
39633297344564033 -3311.5968678252434 -2303.8947549578515 5400.205974892047
39633275207026738 -1699.5624365911817 -1200.8530811537507 2636.586945409002
39633286351293514 -1979.3868485051826 -1309.1700061738388 3095.619307649833
39633300951665422 -2282.4895016396795 -1528.0193717315074 3722.430497638259
39633286393234852 -2681.160209083563 -2049.3719786089723 4404.500081895283
39633297348756109 -2378.9094186689235 -1665.496577307306 3905.3115679468965
39633297357146753 -2795.0970852540718 -2034.200843067339 4645.4381683637175
39633282668692467 -2481.952139189238 -1741.2076006877196 3901.4895299517175
39633293729071274 -2690.322917522682 -2015.6772334050547 4450.841663917293
39633297373922025 -2386.1802354207775 -1830.9981340149964 4025.025586421091
39633267678249858 -2056.522172561502 -1511.9984040846487 3186.0617785924733
39633286347099784 -2787.039269576511 -1818.5769462666349 4319.766718475973
39633271457317537 -2473.2368008918506 -1801.9298804744917 3862.6733443346448
39633293703906160 -1574.3492400675257 -1079.834626096308 2539.324529166898
39633304558766727 -2714.8446055079567 -1888.0340573845976 4522.067223707954
39633275207024930 -2596.4245364831822 -1822.1161477934897 4039.1081768878835
39633275207025325 -2279.8450853594886 -1601.9829823802747 3549.325585872148
39633290075834772 -2276.785526728893 -1760.093465196528 3780.8068842271587
39633282664498498 -1361.3636501046847 -941.7257238097957 2146.515883596324
39633271444736982 -2193.054983562608 -1540.1765864237482 3381.009501159628
39633290075834832 -2110.2987390334533 -1631.8668538526981 3501.748452622478
39633275207026464 -1257.1131957547282 -887.3438519362967 1947.5932160632965
39633275207028270 -1960.0370204702042 -1393.335771380875 3044.279601691311
39633282677082420 -1722.3566110013794 -1254.1960623301159 2752.2200131982468
39633286380651901 -2010.1948814903535 -1469.1583012311996 3235.280475106434
39633290063250120 -3183.0438493944052 -2333.375435551682 5180.249206282501
39633275190250261 -3151.6052433248724 -2101.253727903277 4816.273603978882
39633293699711344 -2498.7216837037076 -1683.0808290420612 4002.447195936555
39633275207026237 -1938.5062812859446 -1366.8838263332914 3001.7510927247404
39633308140700146 -2041.1538580678803 -1440.7271817831709 3441.035825686689
39633278927375539 -3052.18837977386 -2022.8199183616598 4706.105674339247
39633293691325677 -2349.4367350257885 -1553.7900916905583 3738.8896409412678
39633278960929543 -2604.4116606738207 -1944.015034009868 4153.0468189335415
39633275207026133 -2546.36852335043 -1794.7451525970469 3944.5139462505126
39633282668695250 -1651.1031225935906 -1170.404061470743 2605.999306620069
39633275211219862 -2325.440137063732 -1660.5371558415352 3637.003136015864
39633304562958452 -1838.1432251420872 -1283.1272063778908 3064.748788623695
39633286384844918 -2038.9129502403655 -1504.3318796125996 3313.235105430798
39633290033890645 -2626.153820399879 -1733.57527686325 4139.192167739315
39633282656110458 -1723.3126735620747 -1159.1393425518684 2693.8214927002327
39633308144894217 -2958.949825559524 -2118.7359881290204 5006.0781412824945
39633304575544093 -2937.950240925119 -2174.838739895423 4971.538441142521
39633304558764485 -3179.271873908099 -2187.6491684892694 5253.930170671376
39633304575543792 -1493.4611337360543 -1103.981944406367 2530.4294081008916
39633304579735989 -2096.265563872343 -1559.0502044256104 3559.376544030198
39633282681275590 -1918.944097894685 -1409.616977740952 3063.184870709839
39633286393233728 -1480.1355860038998 -1126.1527392975397 2418.191661208241
39633308144896290 -1749.6693109970586 -1264.5100388244587 2972.451938881593
39633308136508322 -2440.0868037661367 -1714.207558593317 4117.477194008787
39633308136507247 -2467.176472852364 -1725.4974700065995 4154.889130110695
39633290029697533 -2499.5823953311237 -1633.0515483114152 3925.2462204502094
39633308140700485 -3282.1311250894646 -2319.9755535368945 5553.374124406458
39633267661474074 -3305.6590808642395 -2302.9650839343253 5022.481130857756
39633267678249100 -3154.6161241971467 -2313.1361825549884 4877.530776620896
39633290042279851 -2258.1008389240824 -1543.2253792997196 3581.8438781201653
39633275190250300 -1959.9685529016785 -1307.0016854378816 2992.427985728374
39633308140701257 -1851.0313641574253 -1313.3833466201697 3124.25205598423
39633278965122665 -2006.165753413321 -1513.328584279602 3230.5435435466143
39633293733266794 -1513.909275563768 -1157.810797270655 2525.9969946956244
39633286355488727 -2637.129384361754 -1774.6993908612326 4143.78196971737
39633286380653073 -2293.796285823293 -1684.6565534794663 3711.782976528617
39633290075833387 -2511.0698768068496 -1928.986296431393 4152.130730804728
39633293691322658 -2295.2477377208465 -1498.5841127229476 3621.539523234674
39633293716491194 -2056.5366166953445 -1490.4748661756353 3373.62118898561
39633300951664391 -3074.143413846185 -2048.972156986684 5010.749803047722
39633290059056360 -1622.3867329306906 -1174.5487992742994 2625.3241846375213
39633275227996317 -2952.583941449221 -2229.932788746048 4676.041361838231
39633286359682163 -2017.7823706061995 -1377.0915050090823 3170.684212593754
39633304575542508 -1612.9019282111622 -1185.634720623087 2728.4273088458744
39633300951664144 -3141.127168096694 -2091.5683106436613 5120.495560575043
39633304579736898 -2369.0659774970204 -1769.549326207849 4044.4478180015253
39633286389040392 -2541.6883351214074 -1912.7177376460359 4135.604193919254
39633304579736440 -2982.002564092979 -2222.4324153733096 5085.209029754202
39633267661474410 -1652.875285075414 -1152.6611415053076 2511.678406454837
39633271453125571 -1971.798702664057 -1431.351271220838 3056.909103081759
39633293691324123 -1739.25638123205 -1143.0159237926985 2764.6515767722453
39633286393236013 -2353.5698903248745 -1810.0057838224593 3873.8035350192204
39633278944149812 -2109.828102818942 -1467.1802789610492 3289.68330621803
39633293712295926 -2507.5930035094752 -1782.8671537680782 4070.654514603579
39633300968441080 -1551.1976685039513 -1098.946068059857 2571.4020691476812
39633275227998250 -1762.8307622686332 -1342.4938984915855 2814.5418771932946
39633282660306760 -1920.8632018674043 -1320.5919334569278 3017.0989933413784
39633271457316992 -1915.9878059754276 -1392.8504698134984 2973.3107166015734
39633275215414475 -2024.0558923698268 -1470.547854986405 3170.9548082144843
39633297365533638 -1955.0498385686337 -1456.6778414746773 3268.1620050538168
39633293720684960 -2229.4629439098007 -1635.8161741442514 3668.739252621699
39633293720684868 -3140.258742269008 -2303.1980705458036 5167.906509736593
39633278969317416 -2072.0769142892145 -1586.2951455166055 3349.591812201672
39633282693859074 -2287.4236015420306 -1761.0100404223213 3713.8682544202975
39633275211219644 -2069.520979174359 -1476.3909747627 3225.378911303671
39633297344564150 -1995.4616332307078 -1388.8964754885196 3259.0180210027984
39633293733266138 -2091.4442057014116 -1594.9615010568125 3501.7452822973664
39633300955857218 -3110.531500904274 -2093.269561267473 5057.958354434308
39633271440542170 -2613.8847107777906 -1807.6487766640896 3981.416035751085
39633278939956455 -2030.3123117808302 -1396.1694392206534 3143.9173898134263
39633300964248712 -3046.9547351857855 -2140.3337473880783 5018.631068729
39633275227997882 -2727.572448447298 -2074.054072976167 4352.387110180533
39633286359679929 -2615.7484837188795 -1767.8368301608311 4107.363330241304
39633286359679940 -3423.4559663304267 -2313.828220032507 5373.562324555365
39633293729074176 -2826.2926167221312 -2144.813377734893 4715.765821474928
39633300985218403 -2589.6871204970757 -1949.7692831788322 4386.0039844628245
39633275227997674 -2719.1520032344356 -2065.532732854002 4334.875883214471
39633297357144347 -2231.7372981302688 -1608.3393977254962 3690.43083610949
39633300972637192 -3013.289497638571 -2185.9264142812403 5046.164091038708
39633293699714431 -2745.431378002838 -1873.7420765949844 4419.150788496876
39633297348757594 -2423.785470675147 -1710.0211168567994 3987.9874774793784
39633282664498405 -2562.349813354541 -1771.7868686060822 4019.9192738099073
39633271461513402 -1643.8174572590538 -1222.9525614194747 2567.6428510716523
39633271469900025 -2691.7620406830565 -2044.7752597402384 4233.049107604478
39633304558766961 -2788.3494099582476 -1940.7796435107985 4652.820141998372
39633286368069183 -2904.2348720223877 -2028.9746346609397 4599.174770969272
39633293729072110 -1705.588072279496 -1283.001944196055 2831.485114389006
39633282672886748 -2028.6233773288702 -1444.4427051320677 3211.5580491586807
39633293729071769 -1773.685404941324 -1331.8270163080872 2955.8664359619916
39633297357146344 -1935.5694010997129 -1406.3731225479644 3191.0987047731132
39633290033890369 -2964.682739315541 -1955.1002671365875 4682.4033978967445
39633286376456801 -3203.976530955116 -2299.3214758981494 5135.992149519067
39633304558765713 -2251.0805906269093 -1557.6763604545351 3748.6031645952253
39633278939959040 -2801.1850284182296 -1945.4280516472409 4370.078215719362
39633293712294345 -1234.900182907329 -871.7233628969315 2001.5400698177941
39633300960053129 -1775.8892826494089 -1223.099108133577 2913.59762457577
39633308136505691 -2844.2282547391687 -1974.718421095851 4748.037325815999
39633293729072001 -1782.2279286253258 -1339.8267193434672 2963.650353569764
39633304579737050 -1853.8013836239709 -1385.6160486916938 3150.8405062325187
39633300985218457 -1541.999341224964 -1161.288023480517 2610.484574602078
39633297357144404 -2232.6747836147188 -1609.5068517028594 3692.9755636619125
39633286372264676 -2963.278075359586 -2112.1281320913217 4736.187706643425
39633308140699851 -2022.7327017983057 -1425.5946710537253 3417.1265687778464
39633293724879064 -3214.7039332144973 -2393.6779948645467 5327.269052694865
39633267661472402 -3230.0303147292598 -2236.943477967837 4882.633128858742
39633308136507312 -2926.3055410072748 -2047.1171984920827 4923.773541539893
39633300951662735 -2504.0517302187873 -1657.4377200089177 4062.869477375618
39633293729071733 -2124.5098239313506 -1595.0270029664457 3520.3648645442136
39633286376456445 -2529.0157681385977 -1811.861182526984 4050.166286356941
39633300964246675 -2841.9068266932777 -1980.6701971625168 4695.696164584531
39633267661475368 -2470.349479898386 -1728.7730776205867 3763.674858106812
39633293720685755 -2460.9596365568204 -1812.8494446432958 4051.6433617479024
39633275215414785 -2217.31932817602 -1613.2082201704322 3479.711681785813
39633300972636714 -2934.486545647305 -2124.2583658799454 4909.837587259999
39633297340369877 -2665.648862151601 -1827.2960713520351 4319.440723081607
39633290042278264 -1861.6656691675478 -1262.6973652178322 2971.2613990590926
39633278969317340 -2695.8016057077452 -2063.1251935999057 4329.495701176735
39633278969318264 -3152.82939495645 -2420.645532021161 5078.435769281186
39633290042281340 -1801.6441106591803 -1239.1239897112514 2863.0112430618497
39633304554570900 -3064.2846912553296 -2084.74888818189 5033.624392371931
39633290071638466 -1596.095580921308 -1204.3888439283871 2627.2850802590833
39633286355485821 -3052.262948093851 -2032.8958798868007 4775.95268149726
39633304554571381 -2462.3224596021496 -1679.5915944165415 4067.637857149533
39633278956732711 -2594.5573281051775 -1887.393636366049 4122.341883487193
39633300985218196 -1506.0979977289946 -1133.1003853090447 2539.577348601872
39633282660305870 -2816.61556363475 -1930.0541330465542 4391.62316383899
39633278973510545 -2939.8744092197157 -2273.0473967162116 4758.917849904461
39633304554571210 -2709.1407103172437 -1846.2775565176064 4474.461237836647
39633271457317749 -1873.0385965034802 -1365.9595940034546 2904.1002340396776
39633282689665137 -2706.101258699275 -2052.694439537612 4376.316853474388
39633282698052006 -2910.5151276581846 -2260.077550790818 4752.650246225175
39633293720685045 -2924.2712795591337 -2146.44608553289 4798.527263329081
39633278935763287 -2454.311841154232 -1669.6799246443343 3810.7751500834747
39633278960928728 -2405.44869155693 -1789.3211002864412 3822.608438365423
39633293695520309 -1718.6366139006739 -1155.8571302602463 2755.863610741928
39633278956733462 -2523.6359809395444 -1841.8326502320547 3993.623216946719
39633290038085010 -3384.7233005911207 -2268.98690079979 5374.280155662109
39633290054861241 -2335.758456510578 -1660.2453238405365 3769.5596239757388
39633278969318291 -3168.8330903601654 -2433.1369007465173 5102.2130528156995
39633297340370169 -1921.0896163450122 -1318.4221641961199 3122.5891019652404
39633271444734265 -2732.23397147565 -1900.9380717036292 4201.541860271793
39633282660306560 -1944.2295908735061 -1335.627146354041 3034.6805465174302
39633286355484763 -1328.8510892239456 -881.3249290332415 2080.748464179613
39633293729074497 -2905.3050194167654 -2207.3639299546926 4821.058903142133
39633282660302929 -2362.9448335412176 -1602.0682642292145 3681.605130328603
39633300976831416 -2104.9859921955926 -1547.746694901422 3523.3888603189644
39633300985217206 -1850.079856194944 -1386.8857668843727 3124.3323611447468
39633300985217646 -2274.6049391679812 -1707.7735357632093 3833.771518387534
39633300968441800 -2170.471490428694 -1542.9244356696654 3611.9855279092953
39633300968441884 -2171.7533212548797 -1544.4709425354574 3614.790727996807
39633300968441722 -3053.3358980103135 -2169.7869550328514 5080.441065999886
39633290042281204 -1872.9653625286157 -1287.5572031068018 3001.625816884325
39633278952540588 -2823.697290293097 -2043.3746567743194 4480.037553133276
39633286380653245 -1764.126065191457 -1296.7362380000898 2851.033058831415
39633304562960297 -2446.9233133967173 -1721.4487839793726 4076.7171589676254
39633267661472492 -3009.7660651674064 -2085.118284189429 4579.929882304395
39633286389040999 -2498.792149495746 -1885.669602200253 4078.233755816057
39633297336174000 -2521.9378528128073 -1689.9673033819506 4050.265403684303
