create_files/QSO_6_clustering_data.ecsv
# %ECSV 1.0
# ---
# datatype:
# - {name: TARGETID, datatype: int64}
# - {name: X, unit: Mpc, datatype: float64}
# - {name: Y, unit: Mpc, datatype: float64}
# - {name: Z, unit: Mpc, datatype: float64}
# schema: astropy-2.0
TARGETID X Y Z
[from data line 1059]
39633297373921427 -2099.4440304530904 -1607.01107768803 3534.185322209242
39633267678251597 -3099.2201637231437 -2295.4160063048516 4816.7251779648695
39633282668692883 -2661.6922156581236 -1870.141109059866 4205.240698982085
39633286380653208 -2359.1118924758525 -1733.750276494093 3826.112156078457
39633271444737379 -1321.545827268456 -929.3402852378167 2027.8254853322337
39633300960051942 -3122.5965968600826 -2140.160488256779 5095.100967516394
39633275194442666 -3369.240011409766 -2265.5451115074234 5163.119334951292
39633297331981563 -2123.0625542996336 -1412.9338308336776 3400.383274565051
39633286393235238 -2389.9735824323666 -1830.2724052076464 3931.941108399913
39633278927373024 -2244.5103323731105 -1472.1656382930164 3443.2631338770375
39633290075832389 -2112.1862323138853 -1615.119385229718 3503.738135585312
39633308140700978 -2132.9591955992933 -1511.398996654855 3602.7139612639426
39633278969319045 -2291.32749454574 -1763.8470358775864 3685.838260679482
39633275227996851 -1413.061858771818 -1069.4317380197588 2241.449297045722
39633290059057487 -2520.9301902658076 -1834.1914948265703 4086.5692210287875
39633304554571900 -2592.179294332128 -1773.3297116199064 4300.905382480227
39633300968441601 -2924.538075213218 -2077.2314058553816 4826.429107410456
39633297373921538 -2337.306986903531 -1789.9646638539036 3924.921430079492
39633304583930688 -2829.798702241003 -2141.7321992225657 4826.519540423341
39633304583930897 -2389.9344421102905 -1810.6541742165546 4074.8410423759015
39633304575541427 -2197.5287029397996 -1607.5026807638303 3728.0306111559944
39633308144896114 -2349.0980967035325 -1696.5625559419111 4002.71851414832
39633308136506342 -3256.2342497832087 -2267.4538302336955 5474.12936765012
39633297331980341 -1568.0215100578257 -1037.7708477482433 2511.701123709057
39633308144896112 -2737.300937790548 -1976.919345534326 4662.10508913712
39633308144894213 -3009.761865052228 -2155.0871142315405 5087.759379511766
39633308140699930 -2004.1214146912555 -1412.9647560420494 3389.019652578065
39633308144895861 -1289.1905533479696 -930.1486502048956 2197.9659133708096
39633286384847899 -2563.7186052979314 -1916.141153377604 4180.1126910360745
39633275194444351 -1726.6552892778832 -1168.947887092518 2651.6525694075876
39633293716491055 -2307.5618055987457 -1671.5994794954981 3785.2193771919256
39633290063251981 -2529.954180123066 -1871.0022423926985 4156.548629631976
39633286376457143 -2659.974374407039 -1912.1019195601425 4270.875354869512
39633300947471408 -1834.169591776644 -1211.5279797322949 2975.1212334152847
39633275227996692 -2625.0302902051003 -1985.4559584775484 4161.9006080945655
39633297344564252 -3146.437207114935 -2191.0082187518838 5156.126214959232
39633304583931318 -1928.3550304022854 -1464.1597551502973 3291.0058812821194
39633286397428656 -2342.9523288723117 -1814.2655054785541 3866.110539510474
39633286384846843 -2345.1852921371465 -1744.852777000728 3801.6964471043902
39633304575542895 -2492.097778705698 -1835.102851543648 4232.929260652344
39633300951663386 -2921.508023465228 -1938.7033522386507 4753.267869137786
39633304575544412 -1850.7155967239212 -1372.248346840054 3148.7349615818316
39633304579738705 -2460.91085631979 -1852.9253049703077 4213.332526437318
39633308128119779 -1283.349514392187 -873.7694474014194 2134.4563257244286
39633311689081919 -1331.6147298866458 -935.6936733843047 2253.647935781892
39633304579737424 -2664.056818341662 -1994.517841073943 4549.98454800201
39633290059056857 -1569.6500473971846 -1138.625213560043 2540.974073614578
39633286384845622 -2661.4045303159864 -1969.949229202662 4308.947670872848
39633293733267155 -2645.231605001746 -2025.9437905420375 4407.585814915631
39633286384846852 -2791.690563162596 -2077.1573670880334 4539.274110112843
39633278931570160 -3190.6444231414484 -2149.9565831279615 4914.37335621605
39633275227998809 -2535.97980460076 -1936.0199240847828 4040.7654046184794
39633297344564595 -2401.0385999170217 -1674.6901813859376 3918.441771620257
39633293733267559 -1904.6200531365114 -1461.1805675133057 3175.579407997339
39633267678251132 -3011.2180634132555 -2226.535588563938 4678.672679914886
39633293733267863 -2250.396830824853 -1728.5892837979225 3752.842360893601
39633278973511727 -2369.801417793067 -1841.01348326495 3826.4255173490737
39633271440540507 -1846.3456662515953 -1268.833877774814 2828.9441501576316
39633297352952973 -2332.9490814548826 -1675.7609000638972 3839.789343885828
39633286376456781 -2443.74677612836 -1753.5395262607615 3917.6641249688178
39633271469902680 -2474.309150686663 -1902.0645699395873 3935.6687820478624
39633286401622105 -2769.893784955986 -2168.2117499767633 4580.377161655795
39633304558765980 -2598.7203751504876 -1800.426020403696 4319.0699631735915
39633278973512446 -2612.9186918491255 -2035.480272590032 4256.011671937284
39633290059057623 -1366.1556425853953 -994.5328536732468 2214.2651121555155
39633304558765675 -2800.6733646375433 -1937.6382029125248 4654.542079076954
39633308140701361 -1896.1690164612662 -1345.9851808902736 3207.9986382579386
39633286397430414 -2465.8616251369053 -1924.3281774110592 4078.4412071283596
39633304583931518 -2194.9785602001225 -1668.3624601479921 3762.731654916235
39633308149090432 -1976.086190808943 -1448.976389428835 3359.410161704985
39633308144896799 -3053.685394812674 -2211.9040769156936 5197.485243446653
39633308140702606 -1340.2131266391898 -956.886922817319 2276.0762297446463
39633304575543395 -2885.9297158193335 -2129.6445524029364 4908.905457508002
39633297373924871 -2930.916413664533 -2275.0347904469254 4952.60044080796
39633311689083662 -2666.4075950041424 -1887.641074758844 4519.64555558802
39633308144896785 -2406.8156940941026 -1743.2494380929434 4098.381343114424
39633308149090309 -1468.2122539616425 -1075.924373732492 2497.3062142914587
39633304554572524 -2716.456843280094 -1864.1707180681146 4494.055757460795
39633290080027695 -2427.5184274372505 -1891.2806776110788 4043.974824085238
39633290054863032 -2340.193178828203 -1676.1228658531797 3780.3723574275095
39633282698054424 -2766.2609748888303 -2170.085525629213 4524.492241005888
39633271469901775 -2260.707248343275 -1730.4427589342629 3576.4341763475736
39633282698054725 -2585.1442721013914 -2030.528604280615 4245.372632901997
39633271469901984 -1795.84374930729 -1376.1303707185582 2843.039596493361
39633297378116844 -2875.9027163489795 -2244.623514585588 4882.544113556439
39633297331978970 -1504.1166251934262 -989.7843452021013 2404.7824842291843
39633297327787416 -1643.7124895156567 -1077.0754227468756 2625.546168646213
39633297378115681 -2047.5828881032426 -1590.3857227785509 3468.3025674484616
39633308136506336 -1660.5713052094404 -1156.3138459693812 2797.4685234132535
39633304588124664 -2447.357790189292 -1878.0174686687153 4189.914588207369
39633297378116113 -1813.473695958464 -1411.0238391186895 3069.134305535359
39633293737461843 -1314.0787117286625 -1023.9838065530231 2213.9442036070805
39633300989414494 -2713.2797678218185 -2089.313515698781 4611.921886052269
39633300993605951 -1955.336714417285 -1511.5492976619832 3332.106401164983
39633300993606294 -1625.9739043524517 -1258.9883200413976 2776.7026216157296
39633293720683774 -2380.9988733034497 -1738.9791202584722 3909.303086440092
39633263865629575 -1816.010653505328 -1297.8184378248695 2757.899690689025
39633297340369309 -2628.6049779197133 -1797.7997167019107 4261.606060823597
39633267657279460 -2649.895177876825 -1816.6943180952262 4002.2429947619253
39633275198637076 -1294.7589126085193 -884.3702689765319 1983.651962895109
39633267665667974 -2941.688673181769 -2076.3751125850035 4472.492851212705
39633271465706036 -3177.6399129195647 -2381.493220950169 4978.454052596023
39633271436345887 -2556.7533698598295 -1727.9399301923247 3884.103575293995
39633278935762967 -2314.1634461721205 -1572.23650353037 3570.9044059458424
39633271448930138 -2241.093490969142 -1593.3936940741107 3447.471901601631
39633271448929597 -1931.821435674356 -1370.3191302751495 2989.4628880199166
39633297357147718 -2214.34929249122 -1617.5136443948422 3671.8419409532503
39633278927372911 -2925.1495336860503 -1917.5487575119962 4475.2151945745745
39633275223802480 -1889.1526426742114 -1408.7817641258223 2997.7630775845146
39633304562961654 -1645.0232751893823 -1163.7115735694522 2746.6661093299963
39633304567152699 -1641.550589180004 -1163.854114935732 2740.3737498056535
39633282689666717 -2224.6031041332353 -1697.7774590605973 3612.657333588754
39633286363875301 -2912.6146231464154 -2008.0788730811848 4621.280838453893
39633290063249830 -3031.660613208145 -2219.8319927497446 4956.354696386514
39633290033890748 -2427.651207349473 -1603.2829307327402 3810.714730327115
39633286393235816 -2398.1453171785574 -1842.478224359631 3940.682515592477
39633278948346851 -2664.24570039244 -1899.9496646812415 4181.615048934889
39633304579737660 -2491.775448624209 -1867.4704981700945 4231.268747254168
39633304571348237 -1134.2924780563976 -822.0264547508132 1910.6246394206973
39633290042281110 -1802.327931134452 -1238.5542296361805 2866.1974217027764
39633278973511133 -2476.3709959152716 -1918.7444818433996 4012.8522878871927
39633282656111424 -2321.632844708099 -1567.321888916313 3624.4995722672456
39633300960052182 -2504.776555354884 -1718.5815358462514 4118.032638376937
39633282685468979 -1657.0238842097272 -1230.624251914247 2660.5126470637915
39633282677083281 -2790.9285304228606 -2039.8401044210684 4482.554472425728
39633282685469286 -2898.858985545087 -2155.8449738233344 4659.4785551083905
39633282689666070 -2697.797833774242 -2053.121895057639 4373.590278237024
39633275215413395 -3268.0985719085634 -2361.9817759228213 5117.800649714934
39633267674056991 -2600.633122787562 -1899.142775316281 3997.29244335064
39633290038085539 -1316.1109887225036 -883.8824108824502 2090.032396701243
39633304579737738 -1663.372844603453 -1247.119281222556 2826.3563092584695
39633278969316155 -2237.633817363693 -1705.0375152605386 3596.3022388850336
39633267657280429 -3028.589615381684 -2083.645055074218 4581.9996846885315
39633304554572430 -3008.804916268834 -2063.9006093087473 4955.174229120112
39633304558764955 -1976.5683042684361 -1363.0321471950665 3272.0467549767827
39633290033891156 -3175.552446321052 -2100.89963035521 4999.711648439715
39633286368071234 -2747.0393287680504 -1935.456105311348 4390.86003822616
39633300964248504 -2583.1438452988964 -1812.895268394059 4280.849771536816
39633271448928391 -1879.162190181182 -1326.1136476689192 2887.4762468454037
39633282660304945 -1743.3863724199255 -1190.2015940129259 2730.9770391310935
39633290046472924 -2468.3248618630532 -1702.596264033168 3931.6263426844957
39633297344561795 -2779.094187903882 -1915.2194427578627 4509.646589483074
39633297357145459 -2149.5254530370007 -1556.5934682099291 3548.8024846538574
39633300981025637 -2455.865516747169 -1835.039150268395 4132.058642119756
39633275194443178 -2562.1037502759796 -1726.1152859440206 3931.720643538321
39633290054860876 -2815.3324582318587 -1997.1695141730172 4538.715365783747
39633278935762951 -2317.4884337335175 -1574.4240443141814 3572.162646240822
39633293724878490 -2270.7725546769575 -1686.80422209218 3760.3868646309957
39633282664499592 -2473.1685324045993 -1718.2756248461972 3880.45809670154
39633282664499774 -2298.2690996805836 -1597.849431339271 3612.278661904716
39633275198638892 -2909.9249336497833 -2000.0833013065555 4484.225169741785
39633278956733354 -1352.5204254663793 -986.6891748834691 2151.851282985054
39633286355486095 -2351.2435443570835 -1567.7765331788519 3672.716834518886
39633297348758094 -3163.7340771523213 -2237.64705218134 5178.502049292192
39633300985220555 -2103.720745346357 -1598.2337747374918 3577.0035342682013
39633267657279088 -3028.6271319712214 -2073.395023473439 4569.324008022014
39633290071641317 -2511.173929024479 -1918.6717991384119 4149.610281413006
39633286376458208 -2446.068864349475 -1767.0027250865005 3925.285365559695
39633282668693724 -2126.789012771389 -1498.8457993201728 3364.471125169922
39633263865627694 -1808.736663656033 -1282.0256812977757 2746.2672243096417
39633293716490351 -2567.517243538736 -1854.8955190079669 4197.06844322713
39633267682443893 -2117.0233790776388 -1577.9624194651685 3289.0311520251776
39633278956735566 -1933.748289916344 -1423.0621471751033 3080.852107621755
39633267661473703 -2597.919340888961 -1807.7583115780885 3953.137532284231
39633263865628511 -2368.461339085729 -1684.084529884095 3586.667778294771
39633267682443889 -2409.5970532648425 -1795.9878096188825 3744.1353220624155
39633300955860282 -2183.0843909119203 -1488.9750901002376 3584.2431213916257
39633267665668101 -1597.6215053461203 -1128.2559446362689 2431.1698666634893
39633278948344353 -1929.2666756691765 -1362.947831850362 3026.060137646486
39633278944153033 -2930.2577625820586 -2064.7776392981373 4583.691342791131
39633282677083031 -2751.3311223166424 -2008.7817053679912 4419.166630605665
39633300981024302 -2147.5594585976605 -1595.0048156375335 3628.016423934414
39633275194444441 -3413.7318817710675 -2312.053259389042 5207.507307316341
39633275215414729 -2539.4240762723275 -1846.9876803475333 3969.868688403276
39633304558767101 -2365.707509045673 -1647.6933267318348 3949.2065770856925
39633300981024329 -2557.1625672701653 -1899.4497070998561 4315.70248462503
39633267682444541 -2853.5004639507406 -2133.1788954887684 4457.423951230605
39633278931570093 -2301.7729910639177 -1550.520297633795 3553.12755855115
39633300955860285 -2259.91764873818 -1541.390851723042 3708.3729609908055
39633290071638860 -1902.9401726355477 -1438.2802362475381 3127.6555522095896
39633286393233497 -2720.8219139443695 -2067.8471926672937 4467.788570834519
39633290059057956 -2556.4140732231353 -1863.6189533337313 4176.796750055794
39633267665669456 -1451.9831225351534 -1031.478701785247 2213.936963556269
39633304562959152 -2267.363402858011 -1587.3747612713605 3789.452934036354
39633278935761355 -2002.0112388926616 -1351.7669119503423 3093.4143615877106
39633304558764602 -1628.7854300500444 -1121.4129514293097 2685.7205757110314
39633300985219295 -2489.6183234474743 -1881.9035171853518 4216.066037437458
39633297331981761 -2116.959884055874 -1410.137014140248 3418.6503057057203
39633275223802766 -2518.560633770937 -1880.5155141843245 3990.3785027396384
39633278948343913 -3275.1487215903435 -2310.324681673388 5120.343267576145
39633278923181896 -1928.9110023510684 -1260.2208308425859 2943.900600722912
39633275207026429 -1609.1096405110384 -1135.595125015028 2508.9305279940163
39633308136507125 -1886.7213333815407 -1318.8325705345508 3155.9787580184516
39633275202831623 -2219.0411100017946 -1540.4850847144971 3435.4432017823506
39633282664499715 -3039.675932955785 -2112.7863491512003 4761.770941822966
39633286351291114 -2273.2390571577653 -1488.5864561761466 3542.84325373432
39633267665666695 -2178.3176425350157 -1530.7904363614036 3304.4969374461457
39633290075835203 -1938.9023441781937 -1501.3143169908444 3235.715678258244
39633290059057937 -2560.7407431724387 -1866.5969833851254 4185.386702525197
39633293720683325 -2682.061272334405 -1955.3474665387964 4402.152753275332
39633300976829375 -2550.7903289405635 -1860.4745558158138 4273.315808010352
39633278960929614 -2201.3746586214106 -1643.5921452792977 3527.060833679008
39633267648892509 -2938.2825663000235 -1969.5187574213837 4425.020673491192
39633267653083175 -2639.9290770544912 -1770.78591845427 3973.5745218202205
39633275223802003 -2400.8819684386012 -1786.8417426335343 3795.3454505733926
39633286359680558 -2341.7674197853325 -1587.111753488182 3702.330711652774
39633282689665169 -2889.1922289843424 -2191.8226718015703 4666.8060310636165
39633300964246584 -2813.925568300192 -1960.394153546054 4655.771425050497
39633282677080448 -2761.7950608124197 -1992.327814016351 4397.028960190113
39633290050668273 -2764.806017495083 -1946.623712576805 4456.111442507266
39633293703906419 -2636.5836280578965 -1810.6232040684038 4258.40092864055
