create_files/QSO_16_clustering_data.ecsv
# %ECSV 1.0
# ---
# datatype:
# - {name: TARGETID, datatype: int64}
# - {name: X, unit: Mpc, datatype: float64}
# - {name: Y, unit: Mpc, datatype: float64}
# - {name: Z, unit: Mpc, datatype: float64}
# schema: astropy-2.0
TARGETID X Y Z
[from data line 426]
39628379107887578 -4800.889357089726 -1167.2740618209154 2325.382440352684
39628357167481428 -3617.4460634829493 -1030.3098610182456 1696.1698964006519
39628340549651649 -3060.292403003191 -798.0085774182053 1375.7775600520035
39628357167481164 -4567.744284348186 -1299.6802650065706 2142.2093211396973
39628362641048541 -4650.638628382901 -1116.530160045832 2170.836463755065
39628346107104353 -4748.4512027193305 -1334.352130435646 2164.4380100568583
39628346107104441 -3718.310795871296 -1045.1994849966652 1693.810338476279
39628368152364744 -4155.503972290873 -1067.0721123028356 1985.7807496205996
39628346094521905 -5207.086779485136 -1392.6628778698441 2360.845341560328
39628384598233994 -4920.767330634724 -1362.8277693436644 2434.2031080718502
39628368135589179 -4548.553760863979 -1081.0683639774431 2149.9587184330535
39628335000586091 -3093.0421533597178 -815.8597179242308 1380.9978356812562
39628357129733305 -2424.5188602599874 -581.3541025703711 1126.986236784752
39628390055021076 -5731.063716686876 -1574.0255513948339 2877.4145569141247
39628357171676584 -3592.9798124189774 -1045.0171874586936 1694.1788742943297
39628362678800191 -4126.215622575886 -1192.141798303632 1957.1899107808272
39628362645244418 -4588.768928504986 -1131.9656749718192 2146.1661480976304
39628335000586098 -4648.586769674798 -1226.220823545006 2076.7772499845173
39628368169144218 -5455.022257099025 -1524.9540559781192 2596.500341628159
39628390059215240 -4393.186163218788 -1228.478817523252 2189.891189581115
39628351626806749 -4218.385473452542 -1116.9354774849478 1937.9938351016692
39628346094518820 -3148.802597513156 -829.8090409577273 1441.1289388312568
39628362645244692 -2334.116918493772 -576.4460152775995 1091.6881981000186
39628357167481349 -4570.267598398237 -1301.3049245065906 2142.2127866120595
39628395490838209 -2664.1850865590623 -704.8921934423207 1347.3408279401024
39628384589843630 -3069.5890743046643 -814.6045356465302 1513.013661768632
39628357129732158 -3980.0267014050755 -948.7031732094999 1843.2070376955087
39628357154899030 -2211.591081407723 -596.6265887205773 1037.8102677716292
39628357142320021 -4634.016978740039 -1196.2308025841066 2166.247855339334
39628384594037968 -4849.249200746458 -1311.2081361976154 2402.4724595741
39628346090327804 -4449.739713563132 -1166.5795206630735 2024.329720075554
39628346094521586 -3902.3745694495697 -1042.1538811387366 1770.6599337509972
39628390055018817 -3984.9296105510234 -1086.0273562073633 1984.6283206211567
39628384594037866 -4853.989986594876 -1311.8578626817346 2405.107444014099
39628390055023535 -4387.630857982652 -1214.1210933081893 2192.2262632513043
39628384594037797 -3755.0316737683065 -1014.5691081848801 1857.5720286860073
39628346098713600 -4084.752086344574 -1098.8620306194975 1868.597075483266
39628357129734304 -4532.650513847201 -1092.520714748851 2091.2204887787566
39628368169143935 -5348.46350611446 -1493.644364716455 2546.537837627882
39628357146514263 -4493.859515011065 -1181.7092122760578 2102.652235063013
39628373638516537 -3458.8001094409647 -880.1504615778981 1655.7886482471913
39628368177530398 -3757.978242508084 -1079.530215960504 1793.9316208452788
39628362641048214 -3506.660125492503 -840.6549850347516 1648.9406106236277
39628384581454728 -5136.829756769721 -1305.4746443024603 2532.3128789166035
39628384581453128 -3652.0506864524687 -921.8226830648259 1792.6905426312533
39628362645243092 -3527.1414951372103 -865.2571652900585 1660.3628559915696
39628379107886589 -3370.1750641238355 -816.0554016658833 1633.7051944801294
39628362670408484 -2851.418272227999 -785.9895907290622 1353.7934634121018
39628351622611413 -5503.495819782835 -1423.5485401698663 2525.4282463183185
39628390055024132 -5433.588497010795 -1505.9164090079687 2729.4058171558577
39628351643586864 -3014.5257470326937 -869.3537648616359 1402.7098254238222
39628384602423358 -4229.923285711568 -1171.9193990853748 2089.8555929490117
39628395490837983 -4569.678660079326 -1207.873946674824 2309.8989217343865
39628379145633968 -4246.5062465361 -1219.318494384173 2085.003996966352
39628379145636424 -3733.003716199116 -1082.659675067092 1842.6098626525422
39628390055022498 -4152.173814645283 -1145.6779389047463 2068.1082970199445
39628346081935428 -3437.322865585845 -851.3882711215799 1557.0350009147242
39628340549652939 -3500.0049879200433 -917.2649572551205 1570.5917384602194
39628373667874775 -5054.150011902856 -1456.6701068119505 2453.6174596129817
39628351635198555 -4437.235815868025 -1231.9508235034314 2062.315104723732
39628373638516932 -4189.716901775739 -1068.1213510782106 2006.0588563723145
39628357171675477 -4941.850657626588 -1431.851454629904 2330.2508970713143
39628351639392815 -3075.5271718827735 -870.558937124461 1420.7887999716766
39628390055023915 -4202.891260478982 -1164.1204384263099 2112.6458699359705
39628357142318685 -4805.090099374641 -1234.1434247571206 2247.241068227507
39628346086134358 -3905.5590999301526 -1004.8895176398578 1764.3241649565848
39628340558037636 -2811.9802403483595 -754.0951639201658 1263.8782393458587
39628357150706381 -4360.33326924036 -1161.205174008668 2031.9818959458719
39628357133929988 -3544.38323112338 -877.2680136431187 1647.786316493835
39628362670410031 -4695.057535994345 -1302.2770004818783 2212.2996930297836
39628384577257994 -3814.1558092819087 -940.5028319084313 1871.3762019614612
39628340558039925 -5206.878463138036 -1409.1684143383268 2355.807104891101
39628340541264113 -2727.2656186080303 -685.6399508941998 1221.4534257111254
39628362649440396 -4967.173761938006 -1255.5087017526046 2343.541094468882
39628384577260113 -2592.6966430748184 -644.5404290308418 1277.276897341042
39628362662019846 -5521.428199818416 -1465.3238458758483 2594.175763570825
39628368173336059 -5134.756093193286 -1449.4034331636633 2447.560893894791
39628379112080330 -2569.0122896730145 -633.222296453253 1244.5331958956758
39628340541264620 -3025.520344006435 -761.8895535249908 1356.0228123577403
39628368135588583 -5508.869849879694 -1305.7702325597659 2614.9664676567527
39628384577260738 -5147.017259566376 -1282.1156403521377 2524.8840499917915
39628373659487826 -4065.8084460791492 -1137.31699327164 1962.5880293192706
39628373638515226 -4125.3195773417565 -1043.526840008331 1987.1938637728374
39628379112080698 -4339.6878210291015 -1071.1431429175686 2111.149536403769
39628357163288444 -2840.366211936454 -797.8185431196134 1332.555546590521
39628379112080614 -3383.716783427985 -834.8905523906094 1647.3200872500502
39628362670411195 -5051.710221794355 -1408.2743279388515 2385.527191862379
39628379137246445 -5749.04187127916 -1597.7615089962783 2816.2515489669813
39628340545454527 -4932.78025147295 -1246.3128386560543 2207.7040587579663
39628362666214042 -3377.8747548161464 -912.891045976663 1589.2327949760734
39628362682992825 -2266.7899783435396 -662.9257409367594 1076.892366508685
39628362682993447 -3672.617597064013 -1075.9504243865294 1745.5370263044836
39628340553847035 -4607.408113011255 -1231.773007121191 2083.3974720677843
39628351622614688 -4447.330970116984 -1165.2861794117853 2036.8818051551962
39628340549649783 -5325.6326209124645 -1378.1371139068333 2378.453464945749
39628351635198088 -4949.578041216754 -1372.3509781801815 2288.3420899042253
39628368169141597 -4830.993493735648 -1336.2939665858603 2314.4411911493717
39628384589841026 -5074.556108476449 -1330.2679191136322 2504.735853121002
39628390034051391 -3949.3186138072883 -988.649570581743 1958.0968992311127
39628390029858287 -5488.172062865055 -1348.084731598586 2738.983119465097
39628357129734063 -3371.2589141955564 -811.5893095955328 1561.152089146267
39628390029854129 -4259.224939469424 -1032.858150003368 2107.4258894160057
39628357129732143 -4136.99080522129 -986.0264106184934 1922.1477165063438
39628395474063631 -5249.540754528176 -1295.0181021581777 2625.8130925832775
39628357154898980 -5507.898878243318 -1485.639443843662 2563.0219556112766
39628357163287447 -2824.6458639545467 -790.6319743312655 1314.8781305882214
39628357163288649 -4649.265289924405 -1306.7306510228955 2184.3676753866935
39628390046634884 -3261.47239020654 -870.624114961421 1623.108818774015
39628362682993629 -3339.704522400278 -979.0406822927488 1578.3043914096424
39628362682993850 -4579.691845019907 -1343.4984369666029 2176.530793281151
39628379149828337 -3548.1909484806465 -1037.57746848002 1738.5786881275424
39628379116275585 -4246.2125287296685 -1074.392459958161 2066.4755751034404
39628346094519595 -4121.765938929388 -1090.2230537447522 1865.8703679343168
39628351631002482 -4343.323176293342 -1179.0554523461644 2012.1899064670883
39628346107101235 -2748.1582738767815 -764.5157058777131 1262.2637157567578
39628346086133476 -5916.439478463587 -1517.2319094659922 2684.4490380255324
39628346094521209 -4589.601858203989 -1223.2684697554557 2091.500205708073
39628351601642599 -5314.454655073608 -1256.2986005173536 2445.404064918693
39628368164950651 -4168.723776472905 -1144.9471144904685 1984.623335051208
39628379120468040 -3048.965745439242 -780.434384039921 1485.4224997262122
39628373663682193 -4918.612968689903 -1400.8834687553758 2386.0861221681903
39628357125539737 -5350.722387232427 -1258.885104231142 2465.4116887290434
39628384602426032 -2944.7954276546 -824.1025271201288 1450.5647663218774
39628390046633591 -2348.2063583586873 -623.8850613827856 1168.8649822767939
39628340562235019 -4776.684581554988 -1321.11951366869 2155.783858928518
39628351601642775 -5550.532941546865 -1313.4532269650917 2551.857222252414
39628373663680008 -5022.681026304717 -1418.2563013933288 2422.501374053841
39628346111298838 -3724.4792989407492 -1066.8955267808958 1713.3754538722746
39628340553846385 -5209.165772547422 -1388.5964290318261 2345.035206453172
39628346098715213 -4681.929083679405 -1268.823525505688 2137.7141250086597
39628357129734116 -2848.808711646252 -686.0658606650691 1315.068656870097
39628373642709807 -4836.579036926725 -1249.2132169712586 2340.823387551441
39628379112083612 -3854.236586394297 -962.3517576614311 1883.448851281653
39628357171675453 -5049.887631415265 -1463.0586764285 2376.366772497931
39628379112084297 -4295.638286305465 -1075.2180198884682 2100.2301310891994
39628362641047840 -2642.3046889556203 -632.5113278167296 1237.1791248203735
39628384577261493 -3312.5723681212958 -827.5926762348026 1637.1849995307298
39628368139780298 -5109.010214503663 -1224.0741059966092 2419.6818334949417
39628362674606200 -4607.1827305553215 -1307.756254388938 2175.152480543867
39628346098713186 -3817.8661060697104 -1025.173847013512 1730.4177884989583
39628390046631792 -3673.187845997738 -969.2578071045112 1824.945296145191
39628362641047689 -4872.810861551415 -1165.4879633419528 2280.4000192960575
39628368177530221 -5196.000384308304 -1491.6516626076393 2483.8385231450175
39628357167482058 -5382.219335257897 -1537.1666939172267 2530.4032933989974
39628334992196299 -3506.556715236713 -884.1895839433819 1559.4780399023466
39628357171677544 -5058.12751514923 -1476.0471831082643 2359.922442389306
39628340558040171 -4649.368964307609 -1259.5060906237684 2085.4102977063467
39628351601643850 -4864.133074339391 -1156.6578862918323 2229.967377247449
39628351601643710 -4593.979751647369 -1091.7708342519359 2105.368111737234
39628390029853092 -4027.7907575280033 -973.4040605364858 1993.829474708575
39628384606622140 -3030.4100822355886 -868.6078099149325 1499.6843204523927
39628362645243815 -4556.316313844125 -1120.9633694552929 2140.2453491175725
39628357150704179 -4916.521364677275 -1298.7492880797479 2299.1370768865013
39628357154899126 -4953.566772942187 -1336.85870295708 2304.316036674145
39628346098712919 -5457.554541300332 -1463.8369523582169 2487.8095338432845
39628351622612160 -5947.607255324967 -1542.6485831754912 2723.2767385117018
39628384585646826 -4229.801170867217 -1087.8259756327116 2071.6140627183395
39628368164949116 -4627.230728201153 -1264.45838828023 2222.885278357926
39628379120469815 -3458.412741689902 -891.2217733571244 1693.6247525317365
39628373646905218 -2287.3646282783047 -604.7331266233891 1105.3796983773593
39628340562235278 -5686.584855949974 -1574.2258648432264 2579.6500640699564
39628373667872805 -2914.2739997519257 -833.7011887568915 1419.9081864555658
39628379137245348 -3749.0670608483792 -1037.516884731444 1829.443795152334
39628340541260389 -4559.4477049917705 -1129.8722065247491 2037.8877030387753
39628384573068378 -4512.816082094474 -1104.5259396922693 2227.3268548559026
39628390034051678 -3901.42954080329 -977.5261184312295 1933.8413309457594
39628362682991372 -4034.8840963453927 -1174.0855817333654 1917.5570575547417
39628362666215119 -5117.2847503282 -1388.2948185573252 2414.5831574155536
39628357154898828 -5147.55810999413 -1387.6783110471358 2400.1487075125697
39628368177530056 -4061.182256771806 -1165.1379784459289 1942.8978231120948
39628379112081340 -5051.754270234312 -1250.0165818105293 2448.1253032501563
39628346107101506 -4597.576678170641 -1280.1255950081782 2104.9486794358677
39628384573066794 -5308.184977705198 -1292.9788934001108 2614.786813679916
39628357146510854 -5080.374316936809 -1321.3060974316331 2357.1980720877036
39628384585647084 -4070.72294120924 -1048.1869107302514 2000.107664813567
39628373663683149 -3110.600092045912 -889.7475494056672 1514.0847840766348
39628384606618944 -4972.2445445796175 -1410.0892420575437 2462.7962129880643
39628373625930953 -3986.847915602855 -940.6082647891714 1918.9152386569185
39628379112080166 -2724.3664550626554 -671.0790500460585 1316.01591815533
39628368164948504 -4812.746638025788 -1312.320348328169 2301.8315604661707
39628373634320926 -5377.997608359064 -1332.718251242162 2577.413032289214
39628368173338007 -2874.278524905534 -818.3298029096798 1377.1363363599162
39628390046633944 -2847.213477265597 -757.4604663001054 1416.2189691781286
39628335004782716 -4992.276299317452 -1351.707435875081 2228.0920568258266
39628373625931158 -5153.625690407795 -1216.984816498687 2478.67652412147
39628373630128255 -5725.996642592093 -1399.7039730766423 2747.517323243687
39628379107888632 -2415.970989118154 -590.0235913175401 1177.9267300798056
39628379137247603 -4336.609456024318 -1210.7084474013661 2117.7305267971706
39628335004783221 -4984.54225832907 -1352.0651001607735 2225.9499809230892
39628357125539617 -2312.124634918273 -543.6305314575266 1068.4624271982345
39628368181723596 -2485.0868811378223 -723.8583199701138 1196.2403299227014
39628390038244292 -3089.0985544647765 -784.873396791348 1536.3875462398858
39628362649436524 -4653.393004631312 -1160.9316252037165 2191.6842311787673
39628340541261022 -4217.324983031764 -1047.6558586451758 1892.44670060657
39628362636853811 -3531.2567761732535 -828.1393739510863 1647.2840237250891
39628395490839506 -5490.222721501305 -1458.914459211664 2771.42716281019
39628384598232351 -4508.768893805133 -1240.6959620099365 2239.187161462021
39628390055020783 -4267.5546637105135 -1170.9114956822702 2123.0543792872354
39628384598232127 -4090.7546602343405 -1124.640843883753 2034.1963654965193
39628395490839665 -3321.1119955165195 -882.9554899923926 1676.1720885023008
39628379128858852 -4386.762309488513 -1178.5165737908844 2151.566568228051
39628368160754728 -5281.681220679303 -1417.3237849786124 2521.162011169346
39628362678798196 -5059.350054490511 -1452.1005028325483 2397.9916166899166
39628395474062733 -4507.712274570167 -1107.867433461878 2260.429433277922
39628362666214795 -4803.557257932414 -1301.4769084357522 2262.0290908347324
39628379145636966 -3525.679624584023 -1024.6084301651347 1740.523298797216
39628362632664065 -3542.9905957292626 -828.8336350553351 1654.1258351740707
39628390029859070 -4029.0072296085846 -992.5638760735428 2003.94609975739
39628384610812448 -4698.92607529519 -1353.4104250164964 2332.6492328291256
39628340549648736 -3261.2219025090726 -840.2977629082591 1469.7976077617677
39628340549648655 -3541.12167222227 -912.098851959052 1595.2123231128712
39628379137247737 -3343.536532064971 -933.995700748526 1629.3229503165524
