create_files/QSO_0_clustering_data.ecsv
# %ECSV 1.0
# ---
# datatype:
# - {name: TARGETID, datatype: int64}
# - {name: X, unit: Mpc, datatype: float64}
# - {name: Y, unit: Mpc, datatype: float64}
# - {name: Z, unit: Mpc, datatype: float64}
# schema: astropy-2.0
TARGETID X Y Z
39627865737659286 -4310.488717044894 2615.5270701746285 285.88508839135335
39627859697862012 -4196.760364831611 2565.0396854838928 249.8430980126879
39627841574276999 -4696.028916396437 2885.3238186085127 221.35862226037554
39627835538669770 -5036.614448962252 3085.3492202626367 217.01128998901524
39627823505215154 -3776.7144446602883 2054.7889416284524 115.95682390837445
39627829540816808 -3051.624203218088 1684.7447832981802 101.01930661995726
39627847656015502 -2884.410134378958 1610.0847145199143 140.08062537528713
39627823505215078 -4705.457797293344 2560.5332159579275 144.91208816435116
39627829549204206 -5245.437626301492 2842.86335825534 185.22545134288075
39627835542864279 -5633.857545722168 3416.316923891983 243.30155608135436
39627847639240119 -2361.882298434372 1368.5491025637953 121.7913512679451
39627811408840590 -4450.122337474247 2533.855711455682 82.0932063279513
39627835576419291 -4342.093788706061 2426.526811177133 173.74382449302286
39627871785846472 -4330.475181946216 2520.5401583019593 313.36294550197175
39627853683229423 -4520.228365263228 2606.5343469306536 244.12992900238112
39627853670649978 -4019.716736499465 2369.0648745934286 229.1292604237068
39627853670649849 -3153.3275467851868 1858.9689397843752 179.1437834188927
39627811417231887 -4488.233092700656 2489.127588622683 92.85096780979627
39627847639238211 -4881.686317772086 2837.4648078377295 235.1423652712793
39627829536621007 -2890.966677219616 1617.6175806372403 107.90865182057657
39627847639236818 -3140.29348151155 1830.5835541568547 153.6115669097924
39627829536620822 -4363.92010069626 2442.6937110372032 163.19687378093562
39627847626656242 -4162.228464549666 2489.245000599802 213.13806353401216
39627853687424270 -4889.354051017165 2788.8357791272847 266.37010962132916
39627853662260874 -4976.449325913997 2995.7237140807238 267.4201825621829
39627811404645271 -2742.7810613193997 1581.0512137044516 48.98261972264704
39627865762827933 -4312.765255377311 2450.628731780881 283.62685529830316
39627835542867455 -4985.38400853781 3006.2535504615344 199.72587247748183
39627853687427832 -4676.202658386769 2650.343081055474 248.60494844232542
39627853687424566 -3820.5070429287566 2177.97231893494 215.35907821886013
39627817427669805 -4955.895153236457 2949.6041963527323 122.76602629877615
39627811404649312 -3399.7413707787346 1944.3459404413995 69.65467337620025
39627853691618035 -3825.5819424595575 2161.723454528285 218.28978017002854
39627841591054723 -4630.070889638584 2730.8060218359255 219.58313067087585
39627829545012693 -5361.677926865587 2917.5686966705034 179.74861912493822
39627823496824358 -3843.5361930548356 2146.3441530147306 115.50617303777915
39627841599441358 -5373.7314706448915 3121.5447958207073 257.66974637337324
39627859710445829 -3611.039703944302 2136.929882050203 213.37232373760298
39627835568031459 -4315.987506867121 2458.975735914576 184.30860575935057
39627859739804184 -2783.7054761171985 1541.3216987836424 162.55143290596635
39627817436054722 -3992.2238923249733 2346.924054325647 101.70527880292518
39627853662261013 -4392.278380195879 2643.2957945030576 237.9722322971709
39627865754438238 -5107.694200444293 2969.754638152703 340.3456612445283
39627847622462016 -3952.2181270934916 2385.3492818099226 200.83520660911543
39627841595246116 -2300.458422463618 1351.1243911719732 108.4296474781028
39627871785846715 -4021.616642027975 2339.588060876005 288.6616656922895
39627835555450718 -4271.410376229207 2498.5953098795935 163.15265503513808
39627865754440831 -4176.0214711346625 2417.5442742022906 271.60765940072173
39627847630850611 -5498.7204950316245 3255.939182151684 282.3378793601188
39627847660213419 -3950.8823914074655 2167.9820810722435 189.87984727787565
39627823480049222 -3156.2713843078186 1826.6813493464042 96.06341109912866
39627847635043821 -3264.9952829840813 1917.4295870881745 170.32732853658516
39627823505214553 -4813.057625205693 2622.0479291635816 152.71924060994158
39627835568034893 -2882.0121701442094 1633.0240804347816 116.19721225214921
39627805369044515 -5273.419782043956 2994.8067077636056 82.79665752315877
39627841591051153 -3870.878946919082 2299.227071292237 184.4225610085462
39627853674842755 -4436.04887811048 2598.258155623289 246.1179434182363
39627805360656681 -4892.887751816698 2831.163779393757 81.09161171285918
39627829545012779 -3242.737269685757 1764.0623914339437 113.78995084147054
39627817461222219 -4790.100840679662 2639.2357831078157 109.46860467295706
39627835547060604 -4672.573679721945 2796.202401966214 181.55738529539755
39627823492634102 -3464.167471210796 1940.9056478025211 98.9719319869398
39627811396260819 -3415.0920129140454 1993.6457278449163 68.94540268094204
39627835547060921 -3180.1818320037896 1902.2224946798783 122.9212597789812
39627841599438979 -4521.816209766414 2636.66548135813 194.2802214100677
39627841624606240 -2678.3526876507613 1465.169433376934 124.54111720612488
39627853662260072 -5090.663098603266 3068.996904893486 281.7724669784959
39627817431863829 -4697.177249034668 2771.597551449004 110.5168369862163
39627835584810126 -4289.559978003036 2336.5031405193554 170.36142548047212
39627823463270892 -5710.789799854785 3447.3138472379474 172.4221920205324
39627835555448515 -5432.295745558067 3190.488888447638 222.60041701685032
39627829507263730 -5012.368137989834 2993.775287430828 175.9038969148528
39627817452835440 -2971.822952986471 1666.6970864461564 77.83350497165122
39627859735610955 -5070.039591462465 2829.667012884746 302.91723829490866
39627805360656704 -4207.001929581529 2434.193757512446 62.54755187643089
39627865746048352 -3153.064072801863 1872.7062317357538 210.74052136637147
39627805369041734 -2127.614493313976 1214.140794096316 34.91567628120938
39627823505213225 -2876.1322400133195 1572.1182213667942 91.78367823127056
39627805364851937 -4253.847314257325 2431.8709268453504 69.31125971241802
39627847622463742 -4080.3236717304535 2453.9578454861057 200.93330010092373
39627811400454452 -4555.98631953445 2637.9512041520898 93.5144834476379
39627865750244816 -5198.7648994823185 3046.5679046067817 346.55147954496766
39627847622464067 -3598.54754858557 2162.851181067957 175.7897794337931
39627829528233428 -2356.085041964254 1342.7638619914724 77.38159977111687
39627835572224989 -3351.4490285940005 1893.4003507883945 138.30755260221258
39627817452833431 -5202.711310901623 2929.986966048339 133.57079745337205
39627853662259614 -2936.397385830948 1771.6915676131107 162.23163146102297
39627835568033217 -4948.241158481194 2810.882157200017 189.9730586515198
39627859710446036 -4649.100978144001 2750.2016073836994 272.8458829387224
39627859710445893 -3425.0509627749575 2026.5570083781697 201.39463405672393
39627835576423384 -5084.953470138007 2818.7671747241484 198.17699489742506
39627835551256707 -2713.4789534174392 1602.0263927858932 107.47482572964094
39627853662261378 -4505.1800404680525 2709.3995465803514 246.07011313247904
39627853674844270 -3708.87078431977 2165.7873693431166 214.99138512530303
39627817444443834 -3921.8627183323065 2257.7109994033904 108.51344919512096
39627817444444283 -4627.892275786418 2662.1133029399325 114.42629167286087
39627817444445511 -4387.360512721724 2517.3284369443522 100.14776143239422
39627853674842405 -4436.958808460435 2600.868884542985 245.9877219738151
39627823484241121 -2609.0146618791696 1502.8519623366053 79.34984589151398
39627853687427099 -2338.051349430391 1326.8772552669823 132.6264309302597
39627817444446329 -3389.348913519989 1941.4190074533515 88.66798132353188
39627835551252941 -4376.394447875466 2601.653753119254 171.5570611507815
39627853687427781 -4060.2122828366323 2301.4524673004366 228.75244165421392
39627859710444348 -4440.910077135134 2636.6218980210547 271.9551638697214
39627811404649205 -4688.607607668487 2682.015965346038 86.65306042421538
39627811408843474 -4068.0233262592997 2302.7148194161587 89.94653585397596
39627811404646994 -3068.5097049932237 1762.9412438784077 63.57211075008859
39627829524041697 -4425.637642639693 2535.0963048406115 159.7245211852153
39627829545013518 -5728.935329347614 3110.59374108784 199.29951529718687
39627817440253316 -3005.4577637512148 1735.7110160867442 69.47411153957941
39627853666451866 -3740.3268823520784 2245.7841223083947 201.84586913115047
39627823484243891 -4954.766213973098 2838.080035185761 141.1631604358018
39627847651819982 -5423.256487628106 3066.0639943041833 274.3712573985737
39627835576421776 -5034.143632856725 2799.949869528311 203.33350779904873
39627859735613137 -3889.0000136477347 2159.82461494351 233.07189033390716
39627859735613304 -4204.087946068566 2334.0255285156722 251.83196214215283
39627859739804515 -3502.16937786062 1937.900237698846 213.299586393032
39627847635042937 -5680.014097376277 3341.9024694570285 273.9226124486617
39627829507261821 -3275.9781217326913 1963.4323766409802 109.40693230154406
39627829507260777 -5808.753719248125 3487.97324830447 206.084082586757
39627865750242317 -3188.152238729961 1877.31653688704 211.37993457732472
39627865754436297 -3272.522587649861 1909.1364220859123 207.66431184165813
39627847626655369 -3676.1465820019685 2202.662288962661 185.89771942074753
39627841591051138 -4693.166024540016 2787.724731436707 220.90366921070876
39627805369042102 -5269.279989062333 3004.830057162988 88.52556803373932
39627805364851379 -4537.215171193614 2596.5999442581206 78.10787855585727
39627865775407811 -2835.648771371988 1571.8376113242628 187.52238865304267
39627823463270618 -3147.7648347024683 1901.0836849536868 101.77598792819876
39627823463270404 -4020.160848168963 2429.0353808679256 129.72810308614305
39627865767022719 -2191.257985794359 1231.1176672678525 138.79433648776572
39627823463270214 -2894.0798570829206 1749.2734221275316 95.35001061579942
39627823505211732 -4718.70615068877 2587.0616927464043 145.04730793715768
39627847622462337 -3249.216670351102 1959.7163385056208 171.49132849497445
39627865762824288 -5430.750595394599 3108.7473013208055 342.88753171560916
39627847622462664 -4697.820314235745 2831.3837950736047 239.57137629161164
39627805369041968 -3126.4637343942027 1783.2816639053053 53.60698828739662
39627847622461821 -2189.1683429031723 1321.856822432705 116.52506886413866
39627811408843393 -5307.257209884522 3004.625274783398 115.19901429077437
39627847639237781 -4769.897133660904 2774.874716862458 246.5308598161269
39627859731417001 -3657.4560626630214 2061.9266741216757 212.77813870550327
39627859731415115 -3970.130936243835 2246.054752304242 233.9269510634884
39627847635046751 -3136.8913207083847 1830.830812535874 155.64602389684504
39627859731416542 -4603.599713886589 2597.6535887560112 285.99908906641735
39627817444443708 -3922.651198579289 2258.6986354399555 89.58546900046905
39627817427668788 -2469.0618449744143 1472.2234289180951 59.3035495608036
39627835542864898 -3901.4185309648997 2363.243936493256 157.3026892932966
39627835572226082 -3910.2520345304265 2205.002474832244 151.03282433958216
39627835572226878 -4365.019015632963 2457.9353993933332 178.74178158317847
39627829528234647 -4003.5953664232534 2276.5262271083566 138.1270921695679
39627823496825289 -3323.7744899772065 1852.7414969925424 106.11739670587832
39627829524040255 -4161.542640139841 2389.927259443355 150.76246040080798
39627865771216684 -3898.198785321541 2168.2022441284457 249.87008970482736
39627829524040122 -3639.860363815514 2090.938746538193 132.63547706693046
39627817440252107 -5881.055820104615 3405.1573222134007 135.22959061498358
39627847630851560 -4658.866054972485 2754.410818304418 226.86133459866804
39627823484243848 -4388.281889802497 2513.8170320280815 127.71450662755274
39627841612024849 -3938.237016800837 2217.1396010019917 170.36840160481273
39627853691620907 -4671.208960330533 2625.181475901942 258.0209173779688
39627817457026324 -4647.168434835539 2596.8167010881684 112.43945037476948
39627853687428166 -3368.124259175931 1907.4060068320389 183.22396492399358
39627865762825915 -4181.305165266759 2386.434533099816 282.5521334298976
39627853666452547 -3942.6318319491534 2364.0229962480266 225.6534600230498
39627811408841516 -3749.016429857638 2131.0457698586397 76.78868466560982
39627811400450764 -2829.521838223794 1648.2967032282581 62.375827845090775
39627865758632779 -4546.2918548078715 2615.9708650244593 298.68429077599023
39627841595250413 -4116.345825133836 2401.661749500971 196.9372798981637
39627823480046724 -3592.8852397962555 2090.8359392155953 100.67567555006194
39627859735610318 -2762.4036199444145 1543.9491698296877 171.53145812732336
39627835542867978 -2065.130165262971 1243.994295875013 88.52941965996585
39627877817255954 -4568.308028254067 2657.731551805813 334.85047997996793
39627829532430619 -5149.489375698791 2887.8617064441705 182.3805274993554
39627847630850258 -4101.814945033737 2430.0480441908244 209.44162611103323
39627841582665921 -4835.819361667758 2909.2175153430835 231.15115082823056
39627847630848934 -2793.5397637970827 1658.9323167956495 141.58983190507027
39627835580613686 -3312.758717317151 1832.0615742937498 125.22497491254451
39627871785848077 -3200.7086435457677 1856.7140768699333 234.0654163895012
39627835547064051 -3933.457689072141 2340.4251104448986 149.97550715989337
39627871785847139 -3863.830540452593 2245.8316143793127 267.39912715665054
39627859731416192 -3480.152723387457 1964.9388493539457 216.1353394383316
39627817448636579 -4797.096465760133 2740.7686210259 128.28544249813294
39627853687424219 -4050.6094278231717 2310.636886745689 217.7540909889424
39627853674841767 -3701.8886755547405 2172.735478043676 208.0184680962478
39627841586858225 -4843.5436138322875 2897.5051482954805 213.20236013157233
39627865775408445 -2485.266844434204 1375.7047177288698 165.24710736484852
39627811417228279 -4918.058817737898 2749.1727608796523 95.60513845945798
39627865741854595 -3860.6709851456976 2314.406954642509 254.9574880348581
39627811413036127 -5195.037798910173 2921.022612725283 107.63788733001518
39627853704202715 -3854.6162535609337 2104.3587233896237 214.25759752423656
39627859727225726 -4377.7624582111575 2480.801485688128 272.48845379959073
39627811396259457 -3848.1452248900337 2251.5037820087755 80.68231183602911
39627811421423029 -3140.4406730939186 1735.3128104263008 66.68321849819375
39627811413036115 -4636.888887590586 2607.2270330730366 95.9751227858248
39627835568029801 -3282.6367864367844 1875.9229195807313 131.80409753522355
39627835572224201 -4627.921089704505 2617.680556683317 191.07874865428528
39627871794233766 -5123.973666258501 2931.64918470067 362.9646330532962
39627853691619678 -5689.36265210794 3204.64122244991 315.89977287506093
39627859723028963 -4811.877576391145 2767.624119044134 294.26472746186016
39627859731419797 -5825.306297509917 3263.7583710487443 354.48559366445744
39627859735613245 -2899.883212478212 1610.1703640809112 175.42970859634272
39627859727226540 -4375.020090923343 2475.673231016813 262.8059373368894
39627835547063455 -2548.8076890283796 1518.1282612199645 107.09882437116467
39627829503070838 -5103.63965877268 3069.2157229708578 183.51489250760292
39627865767019078 -3935.7759328082966 2227.6802000313587 257.90038065420595
39627859735610129 -3446.1473448582683 1926.7931908535743 198.63989539248155
39627829536621616 -3992.6375706287586 2231.6664515838647 142.445723124029
39627859727225669 -4839.122360727588 2742.519881242188 300.51888874141116
39627829545009235 -2154.7732620685365 1182.054601827637 77.15797400745168
39627811400453342 -5061.088991742817 2935.9695393530747 95.86137191120531
39627853687428428 -3782.8916409080502 2141.0653576547634 210.72628846192305
39627865771217033 -2934.572287682409 1630.9185456193022 188.39956452957753
39627829536625562 -4376.438941463882 2426.06539716895 156.70452492813814
39627829519844689 -3005.375595214129 1747.9862333536619 112.09820871351005
39627829519844802 -3620.0209252750024 2105.0487931035223 134.42590095708513
39627841582665604 -4017.2052008813375 2418.3222506245015 192.80504207764855
