create_files/QSO_18_clustering_data.ecsv
# %ECSV 1.0
# ---
# datatype:
# - {name: TARGETID, datatype: int64}
# - {name: X, unit: Mpc, datatype: float64}
# - {name: Y, unit: Mpc, datatype: float64}
# - {name: Z, unit: Mpc, datatype: float64}
# schema: astropy-2.0
TARGETID X Y Z
[from data line 1073]
39633427976159908 -23.519447288740917 -1783.5795147662864 3586.3423132686894
39633427971968346 -27.806083843494594 -1631.9296968097697 3279.088639080746
39633425254059747 -36.19710685742801 -1786.2832633121254 3527.180444373826
39633425245669641 -67.84414788799161 -1555.2104266630006 3100.5370429346867
39633427988744616 39.477646739622166 -1946.1719484370037 3914.8087791904086
39633425279224008 69.3152080228929 -2069.3963606040325 4097.787188378653
39633425245669916 -56.46263964030842 -1310.5219174470546 2612.7347098224295
39633411307997203 -73.18968919741125 -1747.1385060650773 3304.649262443191
39633427988745213 65.1565936216375 -3022.968577417891 6051.787163361065
39633419751131943 -30.842966298134794 -2229.248404294486 4335.472796425123
39633416949336139 -107.48623667212927 -2525.913105509179 4834.396592655156
39633425275027592 22.402710247955408 -1149.5646665970821 2280.879245835478
39633427984548115 11.550265103532256 -2121.9301852399576 4243.757222700047
39633430656323471 -65.19213367225908 -2158.9410290345522 4381.24520772111
39633422531956573 27.498130368443643 -1240.2863729365338 2440.438373027925
39633425275030340 67.43526440133833 -2647.7807557789833 5255.993613616861
39633419738548535 -125.42992582593311 -2981.8939078705616 5764.23341234197
39633408485231043 72.8489592441395 -2004.6876397050585 3744.117371993799
39633408472646555 17.34995549949274 -2777.3312426820885 5165.719304280206
39633402697091084 52.68726766905614 -2369.0478431994384 4337.337693141912
39633399761077023 -6.343334015771505 -2274.3438366937244 4108.081000202304
39633402676120388 -64.68164316818729 -3037.2436783676862 5516.342483521866
39633430668903068 -17.191478465255578 -1999.3229932566978 4076.4339455814984
39633402676120560 -57.595540291727396 -2746.221783165107 4988.69609282678
39633425266639742 4.0464034039630095 -1991.6765371225172 3968.561524055733
39633408443289434 -150.00869811675045 -2933.971352437712 5462.577244516384
39633422523565445 -2.371210293324465 -1566.7441923790198 3066.6801754294866
39633399761076717 -5.780216005654021 -1683.5719929432066 3039.8637300381265
39633399765271041 13.138025568189885 -2346.870150850622 4239.1321684800505
39633411337356015 37.50829693763595 -1847.9607250730965 3487.411837716436
39633411337357741 62.517075669221306 -2593.557555251952 4879.5981440630385
39633425275031012 66.64019047256268 -2472.5867569241545 4884.239076583459
39633427967774098 -61.012683359032685 -2352.751708725649 4718.499404145278
39633433336481062 -39.24789631850486 -2367.953729986719 4852.160660322178
39633419730161989 -103.09643497751041 -1807.9504127538455 3513.233853853131
39633433340675160 -19.948128392460106 -2691.822256822251 5515.630186046445
39633433336483738 -24.33019191527594 -2398.123668468733 4893.871342506629
39633408476842405 31.213205621457462 -1689.7767517887085 3129.7619472114566
39633433336483389 -27.73219093087251 -2537.771372243864 5176.358899200306
39633433336483785 -17.444519235175033 -1734.9703368924172 3540.021530065462
39633433340675140 -14.12039553336111 -1888.5017020480293 3864.6954466814955
39633411320581758 -29.34136744377454 -2696.725577487543 5062.240442668407
39633425245670237 -119.22329637996661 -2811.7394513841055 5605.821724372911
39633402692899019 42.82358445790354 -2399.9494523347553 4373.281173957408
39633416957723542 -53.135018365723205 -1990.5164434013454 3840.7414549636774
39633419738548662 -95.85492627498809 -2293.096634737755 4444.644741359273
39633402692898916 27.196659822013412 -1540.0716802358434 2810.411562775999
39633399756884085 -15.13700608294246 -1789.63778889004 3232.86314334663
39633419776295500 84.22578018904365 -2146.880635075762 4191.640742198554
39633427976160601 -21.602029404486665 -1868.5327578351178 3756.710624128701
39633411341552401 93.7709248798556 -2810.6777732880523 5289.028868789691
39633411341551877 70.46233902525994 -2176.0713364386274 4094.588814367491
39633416974500605 34.339789277585176 -3088.580681048211 5925.111406016938
39633430668902793 -15.588051746747007 -1709.701377079682 3479.9356345819156
39633402692898294 45.985728580440686 -2803.7134705382327 5111.245787849683
39633408451676254 -81.81099888353596 -2227.5126642865775 4135.029407511152
39633402680315730 -30.308867690052438 -3048.3355310092657 5564.766084368226
39633425279223645 63.28131784976267 -1933.698551250539 3829.7119378157063
39633402692898120 42.74953256664896 -2669.329660741137 4863.732915725953
39633405591159150 13.8937111641717 -2679.550775497614 4920.753871955934
39633408489424232 130.35610501937418 -3001.6584936166205 5607.035967352658
39633430664709446 -42.52058151404661 -2561.346699474626 5194.632388340311
39633427984549524 21.486659987899674 -2433.678906996391 4894.680781285113
39633422544537182 125.96473838222661 -2709.9533289911246 5296.640644169881
39633402692897362 25.657904845510373 -1788.1261103753723 3250.7424858102772
39633399761077776 -3.4196543809978617 -2954.5713020472895 5328.323345184413
39633411337358401 74.35811621579523 -2913.091713885718 5497.769415350522
39633402692897467 36.32413088992994 -2492.678148228075 4525.693661105725
39633399761078169 -0.45789705665762453 -1400.755723584269 2528.074928336444
39633422527759041 15.979319174427724 -2520.95153385998 4930.104041730159
39633402676121353 -53.44701501355179 -2755.9429380611377 5005.525339999864
39633399761079465 5.909747520162842 -2289.0178968820996 4134.302146143793
39633399761077855 -1.5691343836870328 -1584.9088347922516 2858.8793691140922
39633408485233745 75.87486725142833 -1851.5733527296302 3455.9697190965935
39633399761079001 2.8683219665450737 -1839.85907354631 3318.758539418649
39633422527759485 21.804573211077127 -2889.3009551839527 5644.350398595976
39633411320580699 -17.741202047598446 -1386.015204565184 2599.153681725931
39633399756883932 -22.44465333877281 -2530.165315045886 4555.0732072487035
39633402671923521 -51.84600298905089 -1459.251666304069 2655.4932860315644
39633411333161833 22.427481638332356 -2067.372128555848 3899.050712910315
39633430673098763 12.143119351256999 -2749.9788904413704 5595.5583806896675
39633405599548925 51.71155702953363 -2013.1363059639518 3692.8811307969154
39633411345744968 101.43981475394936 -2607.658840074592 4931.259285210333
39633411316385187 -65.50719079803868 -2652.523692314601 4964.393569854666
39633402688703450 15.462957215099621 -2526.4506892164645 4584.545611811352
39633411320580228 -38.73916144632954 -2834.54326249316 5352.625977697915
39633433336480163 -42.09739767385135 -2237.585762088427 4584.9107408338605
39633430673098073 6.372613743779148 -2139.512873201354 4361.573316791416
39633402676120948 -62.9092538612841 -3119.038107102504 5688.574673227856
39633411337357559 63.84223719150863 -2691.2145069014878 5081.772008763918
39633430660517929 -51.32966007584402 -2542.426264502448 5175.653264165325
39633433336481179 -34.53716510946625 -2124.9573726183794 4359.096815539141
39633402680314460 -37.84072290496789 -2944.087686857057 5369.156364574024
39633405586968149 5.922525090972769 -2602.8235732403314 4798.110554891298
39633427971965233 -41.42539801476388 -1754.8641443143597 3515.5572523013025
39633433332287003 -53.40812048672139 -2068.754959352952 4230.008472759663
39633422523566450 2.198994328970244 -2148.321865380639 4201.885892165185
39633422540342697 79.02025815568541 -2164.9283894871555 4244.005932709178
39633411312190267 -77.43075489983727 -2203.858300178363 4155.198130764653
39633408455871436 -48.37705954435007 -1909.9318894430369 3573.6262591155237
39633419738548357 -98.10856673743885 -2312.2384298953525 4477.455536484838
39633416949335476 -92.53878349335919 -2109.1742837962415 4068.165327223782
39633411337357680 64.7936675567462 -2702.1795336238133 5063.91537350027
39633419746935015 -64.55312096232866 -2301.831040590147 4463.4104423446215
39633425266642519 21.989445358431087 -2582.408471862395 5107.8588218777895
39633414151733606 -62.686552256948715 -2781.1405417619526 5297.875288701626
39633427963579486 -80.67511455598246 -2203.8883461155433 4428.233410027481
39633405595356826 49.26913327339983 -2381.583088619908 4365.375196278562
39633414172708930 101.27135999885779 -3161.421927027225 6029.698452208339
39633416961919750 -22.742139983907727 -1671.1803813324882 3203.4180279024986
39633405578578314 -46.08291700477264 -2603.4262664238013 4805.653986933246
39633414155927929 -27.542894922653442 -2063.3874676924993 3911.8149576877886
39633425275029478 57.324232551800485 -2447.5115397656227 4841.052791503762
39633430664710580 -29.679134812234537 -2164.0432298415403 4402.422628659295
39633402701285412 97.49977726245899 -3155.994297121173 5783.010648219976
39633408485231844 79.85503478873383 -2116.0508832562555 3946.9193532528852
39633427976161729 -18.34001441388794 -1976.3232343936684 3970.313024755732
39633405603742091 60.45878367859945 -1859.8558011904977 3410.2787436836416
39633411316387689 -54.00220476365702 -2786.553781405025 5233.55343834803
39633405603744805 65.68116422773153 -1760.0640127425172 3241.746482588823
39633405603744197 105.3276430774903 -2912.1216885055624 5347.69837553479
39633425258252479 -41.637385347660576 -2814.6790168913285 5570.6958233417245
39633402701284326 73.05725721287347 -2531.07790459563 4617.75352125948
39633419780491203 161.80401742148445 -3141.598283705584 6080.054086986712
39633402676119386 -31.36252236905994 -1343.1873606298702 2445.5183270050134
39633433340677964 -2.040659033051122 -2110.4809762595123 4328.706549163648
39633419780491130 108.79408164016088 -2118.359559611908 4105.083388821584
39633419780490997 89.54651184201629 -1754.1690801422128 3398.3724071127745
39633405591160740 15.858818212778848 -1990.7679090782954 3676.7709133601757
39633414176901853 63.491077412282 -1675.7308361203234 3200.3114008456614
39633408451676077 -102.61400688758002 -2768.0732569580478 5134.435805353477
39633402671926159 -56.61257481150795 -1896.0588682375433 3446.812319065766
39633405565993756 -137.21768624071882 -2830.267802401347 5232.730754974411
39633408489424211 131.4857917738688 -3030.626969956554 5659.13430465856
39633399748496044 -73.3537073173975 -2839.5001597669125 5142.561347615336
39633399752688381 -48.277806669696254 -2309.612741005915 4181.638748444469
39633399761078213 -0.5648114443989773 -2592.0567496378985 4669.319620119467
39633399761078195 -0.6854327962756619 -2696.983492110441 4859.24369772706
39633399752688499 -48.680669880945544 -2355.357909542756 4264.320860163141
39633402701286026 53.909714397251726 -1684.984861274383 3081.048567962117
39633402697092962 67.96164390679705 -2644.4595683884586 4805.065960028519
39633399761078965 4.934290760125417 -3319.2028929402877 5969.345598592229
39633399761078724 2.053986467734369 -2293.08286144842 4124.386916045023
39633408489425539 137.98618743919917 -3008.9320646063466 5613.459564829961
39633408489424884 87.04565342475567 -1950.0088347935339 3630.9850458835663
39633399765271884 16.59354763108299 -2237.3273925257554 4032.1812452947397
39633399765271796 20.347393461672976 -2809.1119921960753 5059.799307461354
39633422540344664 101.69671976836963 -2458.3627137426215 4822.975266355124
39633430660517021 -52.332573409876375 -2359.0115506142256 4797.841029375797
39633419755324371 -17.333522217466403 -2338.3222197335667 4519.259774251452
39633433340675371 -12.423387490557424 -1805.9648458622908 3708.223472245358
39633425245669700 -57.33494919078564 -1317.9898415319724 2615.1855723649583
39633419759518070 1.6767445204998885 -1920.286660169343 3743.4949147026646
39633399761078495 1.2284095202842773 -2733.127998337709 4907.6992203865875
39633405565995749 -99.6069748429554 -2252.8886796135303 4155.996622260371
39633411320578114 -42.59606609993736 -2313.936132122329 4361.018566565021
39633422498400521 -132.39137236972795 -2326.6032110995257 4549.970465470337
39633422519373291 -19.794012556651843 -2830.1894832972557 5530.727673659287
39633402676117585 -50.47615392164818 -1868.5507370771454 3394.657089341364
39633430668903990 -8.14442664264775 -1209.2668672677382 2450.724551421112
39633411307997104 -87.09376521077515 -2067.9935433761757 3904.2213821087416
39633414143345602 -120.34015692455299 -3019.8885977824957 5741.733701127705
39633416961919930 -31.270153068485794 -2368.1389933922947 4544.39135747156
39633430668906488 -5.7594028923305185 -2714.1525270547413 5507.407328794592
39633414168513379 46.02744583621714 -2238.252837319201 4253.9993286757435
39633422519372858 -13.905836426403253 -1747.1867874180077 3412.1505026918994
39633422502594874 -123.11825832079279 -2593.5287177101904 5114.697909039455
39633425245671612 -98.95901761712089 -2528.2857878593054 5004.886260097777
39633416987084912 110.91096481304307 -2586.5419843276695 4983.27694513553
39633405574383922 -64.05637935029638 -2384.5306251232228 4397.807895629071
39633416940949713 -146.0942993545725 -2557.186411668432 4911.656971137698
39633411341552884 79.86713044933698 -2327.607413009211 4367.287634216959
39633422527758494 14.883673668168482 -2923.2597602523037 5755.166091325888
39633399756885126 -8.298810645623657 -1357.1489921024004 2455.7030579157913
39633419776296932 64.2245419435357 -1515.0063211250188 2930.091589138935
39633408464259432 -21.77782002151585 -2709.0341321602477 5054.638258719235
39633419751133570 -14.271714752811642 -1423.5505199324323 2762.9541144968907
39633425258254184 -29.514830687110777 -2737.371717676782 5435.57990722244
39633408455868457 -75.51172103687293 -2355.8597701174094 4394.825534089768
39633433344869051 2.8546497320159236 -2235.3510448922416 4576.851830561427
39633433344869357 2.136130345582205 -1111.8065505335267 2275.0441120220794
39633411341550676 65.01016534441003 -2164.5499326353292 4052.697975080532
39633425262448323 -3.247648052664877 -2580.2411351572327 5099.366281293119
39633427971969213 -24.061840763003005 -1619.1473709029337 3239.688936287329
39633405591161127 21.276533144147233 -2489.1228780945266 4585.811993169177
39633402671926875 -70.21211953991703 -2484.96434081752 4508.006048610827
39633408443287466 -178.5028531952061 -3225.9416848612213 5994.511916563773
39633408443287456 -100.67042167998994 -1818.3771590547287 3391.8076118312115
39633422523568049 9.432959253705313 -2015.4737414285576 3940.268399029498
39633405565995327 -107.86434127570061 -2394.671157947493 4434.950103171089
39633402667732033 -52.74828342893379 -1376.6511173098793 2513.285916633147
39633399752689816 -42.5397089195896 -2359.629945266422 4276.701367749264
39633416940949366 -110.44128304283397 -1910.243076020671 3685.624824157948
39633416957726803 -36.78335268103623 -1784.9804114061717 3447.980937471483
39633416940949383 -121.54407078916643 -2103.3642352114894 4062.5054288318192
39633408443287081 -73.86449831451772 -1314.0607909294142 2441.6239295999935
39633399756882602 -28.01368720381718 -2347.326533299302 4229.8195054839525
39633411299609082 -95.24173514849686 -1608.867884920291 3021.6858206626243
39633402667731790 -124.94217077504186 -3223.1885665369555 5886.022393651572
39633402667731314 -115.36493975364421 -2895.3753008623303 5283.3553167777645
39633402667731567 -80.10862406703937 -2037.289528273827 3713.1126412902304
39633402667731699 -79.5449297609977 -2039.6605336232085 3715.515716267977
39633399761079703 8.695786819841492 -2733.5840100575997 4929.546561537312
39633408443287931 -67.05608237277895 -1233.12930321632 2295.408312396485
39633425241476791 -85.2556121204333 -1687.0889997688864 3369.123319012652
39633416940949368 -145.51803929349455 -2517.079025824125 4858.0238118031075
39633402667731233 -115.57176497417464 -2888.5912633996477 5256.995331328961
39633408443285989 -107.31416878313354 -1829.169060756817 3425.4844656570185
39633399748493736 -52.19704851274273 -1708.7129026284624 3097.8316752590204
39633416945141969 -118.13977552310806 -2271.8295431435095 4365.66601284243
39633411324774451 -7.525262096977731 -1366.8767579603443 2580.3990058785953
39633416961918423 -28.61417297028816 -1738.4891342541505 3340.2651158157773
39633433332288245 -33.909462203332865 -1478.718797081081 3028.5626150110743
