create_files/QSO_3_clustering_data.ecsv
# %ECSV 1.0
# ---
# datatype:
# - {name: TARGETID, datatype: int64}
# - {name: X, unit: Mpc, datatype: float64}
# - {name: Y, unit: Mpc, datatype: float64}
# - {name: Z, unit: Mpc, datatype: float64}
# schema: astropy-2.0
TARGETID X Y Z
[from data line 639]
39633419130374090 -2480.5101395416173 -394.03118002908406 4884.936533035643
39633419126180006 -2397.981119505753 -357.0933761174018 4701.089135482153
39633419147150715 -1256.5687035132225 -246.29110871880476 2495.350590081575
39633410708212698 -2212.424239529384 -476.56090978962175 4273.97100128644
39633407843502624 -1671.1101822890996 -353.6070452951387 3174.871916464045
39633399098378946 -2445.609632559335 -391.08034703453137 4472.99621517799
39633407809948445 -2948.683740247865 -398.903600896513 5560.288949959667
39633393176021995 -1843.1867755001974 -344.14204177176873 3320.1962566249485
39633416336966507 -2707.0031802379044 -416.15278633321844 5241.239800038449
39633396166558826 -2935.1917572100933 -615.9377685161853 5341.69612817574
39633396166559182 -2628.887088914009 -554.8967238491083 4785.871456546283
39633410678851418 -2992.78352938406 -432.98682160749354 5670.560909102668
39633402046974575 -1502.734587701499 -299.1665218441054 2779.110707051713
39633424654273504 -2063.7398179662473 -355.3463294350328 4167.910129241258
39633419134568272 -2012.9154383510927 -338.28099472356087 3968.8162973897115
39633416349549460 -2964.5190912334615 -542.9371592277132 5790.166428846884
39633393176021951 -3055.503489016532 -570.1234298585622 5502.624370553495
39633421911197889 -2792.910597633309 -503.41694028617843 5578.087616226502
39633393176021960 -2624.131620652043 -489.72789744340554 4727.092433114828
39633399089991318 -2660.863998901684 -383.3040023079696 4874.363644264844
39633419134568554 -1597.6826676891535 -269.55133413729357 3151.1201923278427
39633416349550025 -1734.6609820566264 -320.56553278176153 3394.967752940255
39633421919587325 -1604.092276681633 -324.6250454442364 3205.7175180360127
39633407851889587 -2917.8456519947613 -660.8957944604488 5545.377022882197
39633407818337203 -1562.698509223377 -242.03226906425428 2955.2359075447093
39633402030195142 -2910.7602387002607 -454.2935967834272 5394.050199371211
39633419130373660 -2018.482084742731 -318.0193145832953 3976.3815802515696
39633424645884710 -2216.0835860257876 -339.3728569209143 4438.919715859946
39633407830920489 -2835.88511666482 -522.7639312355203 5347.032308225984
39633407805754746 -2804.4161267365566 -360.1431946887696 5268.80520978452
39633416328578232 -2569.2591559356442 -348.01739690344004 4972.603075270902
39633416328578082 -1956.9493866782086 -264.39793720091916 3785.1962756216085
39633416328578095 -1957.8680133425776 -264.5701760430917 3788.408684130482
39633404945239706 -2900.940007382613 -529.1844580709646 5427.0692054705
39633407843500701 -1874.7316907629559 -386.69794429085874 3544.5140406801734
39633416328579905 -2284.565174498988 -319.15953164794905 4412.956528490713
39633421911196880 -2326.8382549684065 -412.2841188069858 4647.142020921399
39633404949432999 -2388.9526763678605 -457.77260241797694 4484.157047831208
39633407805754284 -2788.5510032018474 -354.7843882985897 5225.269012462426
39633416324386457 -2715.2395675768266 -355.76018305844707 5269.670091675824
39633416336967774 -1287.3842120367863 -202.33516064369172 2513.0254264727505
39633404941043619 -2706.9313765976385 -457.7814584272953 5049.486878817837
39633424658467413 -2499.6053251882176 -455.24202081487425 5027.6564501201365
39633390172899308 -1563.3292718847506 -270.4151541777453 2787.6066904516747
39633407843500473 -1227.4806179003635 -252.3178367938878 2323.0629578753724
39633421923781678 -2406.0882592631324 -511.2994485995602 4811.850473431196
39633424654274557 -2109.6082272628887 -369.3148982709081 4257.015747187951
39633404957820107 -1871.4796667100038 -386.36887163783575 3535.211819118166
39633404945236472 -1534.1317400100718 -269.5180065657668 2860.222082178162
39633407839308220 -2376.676318571103 -479.53742919294854 4494.0865161994625
39633419126180881 -2534.9321224941964 -384.31966594386125 4970.319510218171
39633404928460328 -2994.048440692395 -422.83747650989585 5565.114672691703
39633393167632453 -2069.9407141042525 -342.74385788442044 3719.6957966966665
39633413547753527 -2951.2090846792116 -614.1593056560531 5710.339380976282
39633413522589792 -2565.8228076143246 -400.8816027521714 4921.785132659263
39633413547753543 -2207.587738520676 -459.46964999190925 4272.56332394721
39633413514199745 -2232.9155701369345 -296.67012568720145 4274.99450679316
39633402021808935 -1838.4035366561948 -263.2232281888941 3400.178727657086
39633402021806435 -2528.501519567207 -346.49667518435893 4648.715450023403
39633407814141088 -1221.1278368431297 -172.394774606233 2297.0218735129843
39633410670464272 -2257.1965298132613 -289.16511820219637 4296.697359886437
39633419147149688 -2536.0096514379698 -488.63022861292114 5005.285030515588
39633419147149445 -2008.7733858445101 -385.486840025535 3970.838885769717
39633402038586271 -2693.690092281513 -485.66221431740576 5014.795571800873
39633402038586712 -2422.379552830316 -439.602362811474 4486.414891050377
39633399098378177 -2572.6491854406663 -406.2259737470646 4699.527631334713
39633396145589208 -1647.8701553515773 -277.39694296442315 2990.6063146182223
39633402046972658 -2273.4772812657575 -441.00777682754557 4224.181625368365
39633421923778590 -2116.5564481506885 -430.34897394619225 4219.253507719467
39633393171824926 -1721.9198020427436 -292.7756584005766 3072.173221885336
39633393171826647 -2068.9300529769093 -362.23696826997514 3698.4966944062876
39633413522589104 -2562.351570455874 -395.44105424910515 4911.007847958206
39633421907003339 -1645.0123911252522 -277.83617674758074 3287.7677340556957
39633402021808810 -3258.5819726097484 -465.64359577519207 6026.428700217099
39633410674656760 -3050.301954622559 -407.52264897034746 5788.863688930408
39633413535172515 -2115.5079514684267 -391.10664037301353 4091.566793554836
39633413514202755 -2520.171890376899 -354.30931521244304 4816.920077877098
39633407843501783 -2345.0143858461765 -490.90700658686654 4465.570652318277
39633413514202153 -2563.230670841458 -355.98102431054446 4943.77302268636
39633396133005360 -1664.1750351435794 -231.45002805603968 3002.8386735010395
39633410666269463 -2141.2413162443563 -254.32396131203868 4060.1332130673018
39633396145588394 -2214.951587754641 -368.5031475924245 4001.6309184018337
39633416332773622 -2694.8717589839866 -398.1985024521276 5210.359432622364
39633399102571824 -1436.7166005258316 -237.8727223299877 2628.176430329702
39633413522589367 -1665.0749138017875 -258.0160786550207 3191.2854458557563
39633421898616065 -2441.1078313348758 -373.7859209041824 4822.967302339901
39633393167630968 -2655.8100922714443 -429.40233336288514 4773.850191832265
39633393167631092 -2067.342073725786 -334.99209349723486 3716.8913319735016
39633413514202643 -2177.5919950239804 -305.55104643663697 4159.079455462895
39633413510007527 -2571.7624734629303 -329.96843035985194 4946.377613771196
39633407847695416 -2533.6931423765986 -549.2716758305561 4812.571300827919
39633413510008022 -1283.5295225161167 -166.11377320996723 2468.1780074641233
39633419147152137 -1676.0624922646414 -335.9832826141421 3318.690521569837
39633393180214393 -3101.557722347433 -590.7310054138397 5601.669422430734
39633416349550500 -2254.5654412247586 -420.23307971656 4383.368079866407
39633413510004858 -1290.4841265849832 -157.4138466298356 2471.653364249375
39633413522588543 -2047.0326817260298 -312.70565137721275 3932.495436144843
39633407805753338 -2309.1024092573975 -287.52926965714005 4332.440583465412
39633410670462995 -1882.0142315606915 -235.8278755613106 3560.743762544858
39633404932655828 -2728.6490809759734 -420.10212061404786 5101.030041166204
39633404924264493 -3129.8310134212797 -401.2013902333543 5802.979917090419
39633404920073942 -1287.2445775669114 -164.6736618749786 2387.0036560391572
39633404924264860 -2542.6930291924145 -328.032142267664 4713.468030194655
39633410687239916 -2892.8359174449906 -470.83615762031434 5527.866606149749
39633396149781563 -1943.4000368405182 -335.4438241559718 3510.9558450664476
39633421911195941 -2025.110715512297 -353.2697495208905 4033.956373289292
39633396133006007 -2584.3069147007163 -363.00207363093034 4640.675863281499
39633419138764299 -1596.6728937303124 -290.16616599420064 3136.7809894501006
39633410704015640 -2535.5346751409243 -500.1762151017829 4847.63024058329
39633416349550718 -1604.5612198057895 -300.0880697415867 3132.1177605126477
39633396145588276 -1171.9253152049807 -194.65075667316745 2118.3619673911376
39633399123544490 -2511.2647836541832 -542.0551540152927 4654.036812378037
39633404966209082 -2168.367467012703 -492.14838119991396 4113.737647350148
39633402051166284 -2051.7474823064417 -413.15543324189304 3834.6811222800657
39633416341161858 -2275.1560978410744 -378.8226158495573 4410.745434499687
39633396145588740 -2371.0430296355303 -396.4441439090225 4294.326537943879
39633404945239783 -2017.6299159502162 -368.4031508118541 3776.838325153195
39633407847696600 -2510.2435774886044 -552.6291427012774 4788.148708621914
39633410708212488 -2817.4191002497287 -605.1216775968044 5408.62017443017
39633396166560327 -2358.3501697074385 -505.7943853588844 4310.015686877629
39633410670464143 -2074.830171233134 -265.1968690249284 3946.0497773238208
39633396137201251 -1469.4302335316665 -221.97742585611746 2662.2706365773115
39633416349551112 -1853.2822421128312 -348.88760022559774 3629.085714334412
39633404966208605 -2059.263513061283 -464.17073388641154 3868.0017700824437
39633402042778409 -1548.2198205500529 -285.6607128150787 2878.6666055815153
39633421902810416 -1901.2408560441093 -310.34125102982193 3763.066458616844
39633402042779553 -2514.3305567861535 -471.1784312531579 4638.982829698234
39633407830919361 -2698.6041216484828 -488.53874377781233 5085.124994911809
39633404915879519 -2296.908973063524 -271.09827485585464 4248.8646616892
39633393167632355 -1506.9762530897303 -249.2183301256666 2689.5610347221077
39633416328579804 -2712.224166179939 -378.19263221807876 5257.870756108422
39633421902810107 -2226.653432632032 -361.3007958677856 4436.5857858573
39633416341163038 -2029.7907679415578 -344.6252203405952 3972.74308153905
39633419130374229 -2072.744336973003 -330.2342765134669 4066.2248895923085
39633416324385385 -2484.809749636058 -319.95649139435363 4823.961885695339
39633407818337098 -2772.6196840259136 -428.690908319622 5198.892533063996
39633407814141232 -2574.0115729387685 -364.3672792390971 4835.330302998818
39633399123543918 -1924.4098386142693 -412.2210316377481 3565.8574524347528
39633424658467437 -1728.6090724831313 -314.89529907101814 3487.445289209995
39633399119349629 -2013.0232972550277 -412.82435230913404 3698.1768511447126
39633410695628631 -2393.398898048986 -437.27594075241853 4558.501896198739
39633424658464890 -2265.6310237362436 -397.78296056040404 4567.218549960937
39633404949430300 -3159.213918303809 -581.9579100380375 5924.8814832713315
39633416328579350 -2774.1635443906393 -383.76049188150705 5357.067540484474
39633404949432436 -1979.1136757129862 -376.3555245350942 3717.723997594593
39633424658464806 -3040.051155339546 -532.9451683546986 6137.002983932789
39633407830920373 -3052.768919627001 -561.6984709770621 5761.301057671651
39633410666270134 -2617.2308211173868 -315.34625113988454 4977.014313157503
39633419117792090 -1447.260973082555 -189.87307262758375 2833.2006219932273
39633404920071387 -1373.7896052878766 -167.13104020052174 2557.846802262573
39633399102573598 -2275.9992606477954 -386.66260356817276 4165.140423997259
39633407830920263 -2208.897968516865 -405.609139147079 4199.637725864832
39633421890227032 -2291.818287771594 -306.96342605169025 4517.382444308723
39633407809949678 -2561.7390528400438 -353.6533657072073 4817.3241958586195
39633396166558852 -1649.0798021862818 -346.21923763818427 3018.9985797084646
39633416332773502 -2339.665576030848 -345.0172659831378 4563.213763891141
39633410708210050 -2507.505152033973 -519.479165756311 4810.801097298977
39633407843500621 -2146.620239800268 -442.25980259569 4069.0394284618264
39633399102573381 -2691.150395121551 -455.8626887922302 4920.52618410843
39633407818336280 -2384.060047185081 -363.488489156262 4466.667947763773
39633404966209083 -1506.6419977016844 -341.9639937724548 2848.9934647212795
39633407805753133 -1515.3871967024177 -187.86578638034675 2828.606240469372
39633407805753085 -1518.2453652601362 -188.04738009239554 2835.006236248121
39633419117792504 -2960.730521146838 -391.3204038389823 5817.73143506024
39633416336968060 -1495.120192712532 -236.26999151951432 2912.203260729405
39633413510007415 -1566.1832269810245 -200.52767673587005 3002.950585228572
39633413510007492 -3205.008383731568 -410.90688055712326 6114.763245214176
39633396133005975 -1550.199714545411 -217.66449111885802 2786.6619738954832
39633416324385293 -2534.5386730327214 -325.85878392908796 4899.431550156779
39633390172899085 -2282.194570091129 -393.3724464381977 4069.439873076111
39633413514199084 -1858.7817158092741 -244.1094819909424 3576.573633764914
39633410708210430 -1897.6470015062503 -395.12445266329564 3653.144321109611
39633410712407097 -1410.1458126217062 -317.54564508820806 2728.828262812731
39633407843500796 -1674.2892613136867 -345.74570148502573 3194.8622284622734
39633404953625573 -2917.278787262113 -572.245267805575 5460.270210577703
39633416332772343 -1911.0618226122288 -276.4032754841169 3712.8579177144516
39633410670462183 -2212.943847306829 -273.28968260025016 4190.957447059978
39633404957819509 -1667.8436532577139 -341.690445989018 3151.046666085899
39633396133004446 -1664.7846386901192 -227.9014598946994 3009.2360754073293
39633410704017197 -1790.8722555647894 -361.007423583789 3433.999331264704
39633410716598599 -2054.109754814577 -464.77168698545535 3975.139070892913
39633404966209367 -2253.002578316863 -513.4638400660527 4260.5478200935
39633396133004430 -1229.5320189537435 -168.27204228747033 2211.353022380054
39633416336967827 -2611.770028118349 -410.9771571130548 5105.036561823259
39633419151344282 -1339.4144608946067 -272.9098611214653 2651.207558120922
39633424650077777 -2392.481252605586 -380.20518816296186 4817.331952558161
39633413530976849 -2915.3870744935975 -498.7016196705933 5643.654255977905
39633424645884850 -2481.854704235175 -381.03823813967665 4971.826249361638
39633399089989171 -2791.432072727327 -387.47227490322217 5072.652518422597
39633410666267900 -2120.5870517402996 -243.37411262481407 3996.7162090829115
39633413551950552 -2438.094207699435 -551.6596209561263 4749.899882867141
39633410704018750 -2244.40432722721 -462.60584316331654 4305.01599772443
39633410704018696 -2118.836688642517 -436.5146651129762 4064.187833480843
39633396141393476 -2507.9123669528776 -391.82105125779606 4519.259239345548
39633424650076894 -1678.0648577809689 -263.52875050206694 3352.741158617428
39633416328580754 -2722.3754359304244 -386.2000199375698 5256.686588386737
39633413522589765 -2611.3201883137713 -407.76752721334725 4999.809628390368
39633399106766461 -2015.81136690386 -353.552069996588 3681.4688368429584
39633419138762008 -2305.3575427711794 -404.885018719702 4568.650998490903
39633419130373362 -2025.27051147582 -317.0659199299369 3966.405086225522
39633413522589508 -2061.4650675042076 -320.3283644708176 3947.2755581579754
39633416336966985 -2790.1453964333714 -432.4519391248872 5395.7629795860075
39633402034392617 -2321.1157247797914 -400.4177725747394 4288.798424335874
39633419126180605 -2010.3903636294049 -302.9457052199818 3949.6598992546797
39633407818337899 -2087.6803363830722 -326.7852316785933 3942.6798950392536
39633419147149631 -2530.2369386612468 -487.1204047151848 5026.867731685632
39633410691432845 -3113.6070326041936 -526.0887212877172 5924.292583695109
39633399098378966 -2185.8249414451266 -349.6319736068287 3980.175883700351
39633404920071169 -2405.9713826315233 -291.6651996835322 4446.354870085335
39633402030197607 -1353.183788839539 -220.22224760834482 2491.439779158806
39633402059558275 -1919.9182011273383 -440.01154702258225 3602.078040838197
39633396158170127 -3129.5594946023193 -598.4213085349013 5708.488460577052
