create_files/QSO_18_clustering_data.ecsv
# %ECSV 1.0
# ---
# datatype:
# - {name: TARGETID, datatype: int64}
# - {name: X, unit: Mpc, datatype: float64}
# - {name: Y, unit: Mpc, datatype: float64}
# - {name: Z, unit: Mpc, datatype: float64}
# schema: astropy-2.0
TARGETID X Y Z
[from data line 1501]
39633402697089180 53.46706725606979 -2926.007240836163 5320.019569287623
39633416966113656 -10.603853891995012 -2453.64734708684 4733.460868214393
39633402667730796 -88.82379244743568 -2166.393661348124 3963.6538008387497
39633399748493470 -103.93058921727389 -3343.450920214915 6063.3607358076315
39633425283419735 49.64229251162473 -1054.9987976436903 2090.5053534168023
39633405565996497 -87.89134357929424 -2067.002634343719 3807.986900574135
39633425283418786 60.68807028638805 -1354.5235268752604 2698.2540876534586
39633433336480643 -39.684824372767196 -2244.125067753839 4616.3272963050385
39633433336480397 -37.17228592765235 -2037.7399997990433 4187.169288212685
39633430652125817 -133.4783019257233 -2780.715581804296 5654.621809000225
39633430652126901 -64.76019316272591 -1413.9467208679448 2880.9642642403674
39633430652127133 -93.31285660185777 -2059.3429971774344 4197.037302485986
39633425237281003 -130.9157835595368 -2097.498398410673 4171.037264523992
39633425258253817 -31.390497798736124 -2678.4528278684484 5340.498529542448
39633433332288432 -46.45916970764805 -2064.104256763062 4245.0141070361715
39633422494206259 -140.5115985555042 -2126.6136922504247 4165.414009540662
39633422494207338 -139.0709014848109 -2195.4374217335217 4305.158975661948
39633416940947818 -164.393835976744 -2679.407247345727 5173.977849525383
39633425237280124 -113.93958827037993 -1774.8558738520094 3515.4344852907248
39633419725966256 -169.39176687179614 -2456.141885206542 4759.280891109969
39633419725966085 -164.61029455572242 -2372.691262235335 4596.638227466933
39633433332286561 -61.43050365693319 -2282.426981240434 4686.024531739172
39633414130763385 -167.9183043181534 -2532.101017056632 4825.973330600473
39633433332288300 -50.627279908580505 -2220.990905806663 4571.828653050221
39633433332289359 -23.70428463940228 -1165.7210015248581 2394.258528747183
39633411299607046 -134.2730313282076 -2102.9770138872814 3976.0914815018973
39633422494207311 -174.60840459615846 -2754.0477908092284 5437.251093900763
39633425237280381 -90.36436406582442 -1419.7337714627934 2811.062887032028
39633396816676108 25.595949929120206 -2267.960285053407 4068.7834456861215
39633399752688057 -48.09545623517541 -2229.537424700662 4010.8297046037956
39633405561802338 -140.93139787555427 -2758.678870891356 5080.493766727397
39633396808288172 -11.876721075750327 -2636.3710133751024 4717.888545096813
39633399769468157 63.71752960585864 -3131.742443264945 5658.529298860617
39633408489426205 124.70914910562362 -2653.0140978191175 4918.016506769823
39633399773661910 65.5850589663981 -2414.410324395844 4364.995515852273
39633422544539608 101.31671809581346 -1962.8859426600727 3865.9600576703874
39633408489425272 120.59732999099117 -2659.8170906298083 4931.116644092748
39633427997133100 111.93487448846697 -2808.3131804948603 5630.363997008084
39633416961920547 -30.031033612379794 -2519.3266147917802 4837.395067007118
39633419780490832 108.90980509853102 -2149.5061747259674 4180.394813538778
39633419755326357 -9.318746023696727 -3142.500654176005 6083.033356786287
39633396812481716 6.653755487823936 -2689.1744961667923 4822.7505042243165
39633399769468958 72.95365256462455 -3305.78770991404 5966.002092070661
39633408489425491 72.13186807662976 -1575.7561072249496 2925.8449059953527
39633399748497584 -59.30814204606143 -2606.065375721606 4710.889145446732
39633419780491761 144.3967833136582 -2739.590601771629 5301.23080895341
39633402667731282 -98.8130968267098 -2475.8693243113944 4500.037294251761
39633419755325980 -10.076679793715236 -2649.1945798944644 5140.5076849976585
39633405561802214 -128.45590588046815 -2501.927192443063 4622.485203431568
39633408489425753 139.58336322025747 -3018.1067758557483 5622.521842781358
39633396812482814 10.656584860572424 -2233.713013936287 4006.713763644704
39633399765273670 18.77735035449803 -1708.618950783274 3068.585021394371
39633399765273759 20.085451414294766 -1804.078455534781 3239.597149564914
39633396808288903 -5.412632213960921 -1872.3301266420935 3354.6207898581306
39633399765273579 29.104527727511595 -2693.5299209239347 4858.2548807125595
39633419780491820 118.6503564370811 -2244.687981415495 4364.2339614053335
39633402697089740 40.16628445938157 -2065.198703727332 3746.830671526536
39633399752688448 -43.38451468017617 -2089.647160158858 3774.798421099203
39633399773662324 79.43560649866805 -2848.4986936337505 5153.610532449398
39633399752687990 -62.96727266311131 -2902.239191087545 5244.839690277054
39633399773662650 85.6573754088598 -3000.4450974961887 5438.693375669212
39633402701287308 100.0539332672171 -2905.4436182392215 5282.304879065755
39633399773659950 45.1369384200542 -1900.4808809898223 3431.232817648939
39633399765273916 25.613562136223123 -2236.183592727195 4018.091269133895
39633408489426758 127.1554907531414 -2650.9001689628926 4932.581770355307
39633430689874182 87.81062572343025 -2205.9881306380294 4485.398015183131
39633416995471419 142.35839127995936 -2516.285445806661 4852.050852846106
39633435987280021 -37.54579718566395 -2539.682658618898 5252.670179811375
39633435987281299 -19.36435204741123 -1662.783159505147 3437.2305287533236
39633425241473345 -132.4423553910169 -2308.189801106209 4585.701149233604
39633435983089209 -41.932521501935625 -2505.1270070866776 5176.723502088817
39633416961921461 -16.48703626699446 -1674.421270367467 3215.9889974764355
39633433332285992 -53.84147411142899 -1908.3045716961733 3904.112937469722
39633416991280178 140.5543968721533 -2646.8945545859256 5084.450423165435
39633419780491393 110.31219482437261 -2123.6637896358707 4138.16472955442
39633430689875133 99.5720425986417 -2370.7911173112993 4800.752352243764
39633435991476543 0.717432072509915 -1788.8256853572984 3694.645701702651
39633428001326788 87.11239245616527 -1823.2227894873197 3650.4025286261917
39633435991476403 0.1124239028203984 -1832.879385290812 3785.2573842987563
39633433357451918 58.593004990650044 -1886.5420368800576 3853.212492005018
39633419780493348 98.21201917353135 -1747.8753361677161 3415.8774096159127
39633419780491661 95.87418579469501 -1826.103826108587 3536.960060717108
39633419780491811 113.88334020816579 -2155.363123823867 4193.9943563773195
39633433332286086 -73.6382992662215 -2634.6545706141246 5410.062681269529
39633433323901226 -59.910143108211386 -1489.1155673329692 3050.6735036799605
39633414130763978 -171.85556351310825 -2639.2617565936466 5047.86339060995
39633425237282884 -90.9109280499488 -1552.9861407176322 3090.0611131391347
39633425237282823 -146.55228946262264 -2499.712714858661 4966.945542353244
39633425237282594 -173.33151707956665 -2936.5374389875874 5810.079770072543
39633428001325315 96.75132165924617 -2183.4259309675786 4384.415798649325
39633416940945529 -130.08984750984314 -1979.9748106140064 3794.763724688135
39633433332286003 -58.30714787935078 -2069.2575902844906 4235.37456626287
39633427997134180 97.9337908852097 -2288.616904405533 4591.853839534495
39633419725967425 -106.6939251500005 -1599.9441880294987 3129.5829149117635
39633414130764593 -136.47903645594678 -2138.248034550868 4075.074889412742
39633399769466807 34.61940736525608 -1959.4796277637945 3534.3511594198526
39633405561800843 -165.19608864768094 -3060.304934215475 5639.847141379494
39633396812480992 2.1281422692471437 -2256.778122289915 4041.945616809349
39633399744300364 -81.4357227932561 -2175.749694565728 3937.441133847364
39633396808286724 -16.69347481724021 -2164.1541938238356 3872.1124570620655
39633396804094764 -23.598348744948463 -1968.7142376961965 3526.2000947681972
39633402663537690 -135.02187348326586 -2855.686868517503 5227.252731962135
39633402667729022 -94.19424282808008 -2096.448721194654 3822.2734473453756
39633408439095064 -145.07256149329865 -2356.4957198017682 4405.506127260568
39633408489425739 108.93725662626964 -2357.028699264921 4379.854173983676
39633399748496889 -54.20840016551034 -2241.9003444518276 4049.5788706872486
39633425287612797 81.6629947339105 -1507.7360694038637 3005.757692130053
39633425287613482 112.33708369181645 -2009.3062604976835 3983.2842100565545
39633430685682294 104.31964168040763 -2899.8308358482004 5916.169195854043
39633422548731112 70.96677726384634 -1277.6281268572425 2500.7087204263994
39633422548732366 123.63616401526913 -2128.7521737128327 4188.442510877869
39633414185290829 142.7455175378099 -2478.9878006518434 4736.363285595351
39633414185290091 118.79297392981405 -2120.941805954983 4054.6906004657735
39633411354133264 180.57202747741962 -3152.614400258108 5965.842837239682
39633405565994662 -55.15605237355295 -1187.3406525723865 2180.8979986435997
39633419725966588 -142.3985885244652 -2086.484942802652 4068.986921884152
39633416936754120 -129.08390503591744 -1897.352335130172 3657.6305436366547
39633416936753417 -146.24725167895477 -2097.089949329508 4039.4647247821845
39633422548732277 123.73782650240206 -2137.508499523182 4186.819151631317
39633399752688496 -66.19728178364416 -3202.507022637451 5760.960944953769
39633402705480407 112.58095978093584 -2665.1093160986115 4880.730524016436
39633402705477797 117.97378444810354 -3240.034199085778 5897.262303086669
39633408489427354 108.2408182636616 -2207.14566983815 4091.773596960591
