create_files/QSO_2_clustering_data.ecsv
# %ECSV 1.0
# ---
# datatype:
# - {name: TARGETID, datatype: int64}
# - {name: X, unit: Mpc, datatype: float64}
# - {name: Y, unit: Mpc, datatype: float64}
# - {name: Z, unit: Mpc, datatype: float64}
# schema: astropy-2.0
TARGETID X Y Z
[from data line 1695]
39627781784473459 -4358.669118872922 -357.68093033535365 -19.405438073340566
39627793864068195 -4779.501045871539 -390.10608896752694 22.119754377508578
39627793864068487 -4464.61079396726 -365.47099775847306 24.777703210382978
39627763660882646 -5598.865054799759 -419.4124966634271 -107.06336589116657
39627775744674912 -6364.2825526657325 -519.1409456529826 -53.090193942387565
39627775744675291 -4486.5995828691575 -367.52270035451767 -29.527061713542643
39627781784472602 -4586.57459292307 -373.1099482235669 -27.795091282606297
39627751568705379 -2735.032196638634 -172.02541953904952 -72.19240804297647
39627775744675394 -4424.627733691904 -362.836312524256 -41.6364694910967
39627763660885526 -3290.972099217313 -254.32316144743538 -56.59057795149996
39627793864069637 -5662.106325459739 -469.14299135243454 24.037334621285222
39627775744675879 -4779.874479137843 -393.81720248150936 -39.279591702822266
39627763660886143 -5202.1676623762305 -404.699675894196 -91.32324087520757
39627751568706911 -6683.898663011731 -427.69561139120333 -181.639039418036
39627824029500426 -5006.977581042867 -223.00531822996282 136.54818366988238
39627805897523347 -3455.2514972370163 -105.8868579723259 47.63285251981677
39627817977120488 -5154.400880196215 -164.47512711119583 101.35356027113002
39627799853535215 -4454.707618983633 -128.62214011868716 44.50494163977868
39627799853535369 -5680.55523609329 -164.6248642139234 59.08214854199835
39627818002287661 -4409.068994096527 -261.86554738301373 88.55591073788098
39627775740481796 -5041.406112895102 -391.1412895559409 -37.90440609427111
39627775727896372 -5822.546901624999 -362.6874746712233 -49.155792058461486
39627793855679770 -2488.821535323479 -181.53539288319203 10.344533584447568
39627793813735680 -2556.8720877747423 -71.53516664538498 9.00226250573444
39627805931082856 -2570.127969653971 -179.58687177438551 29.18269050517073
39627787778134418 -3475.735867241353 -117.30588668135601 -2.2574659066682545
39627793826318151 -5477.516177685745 -223.63434403942688 30.214161054280066
39627799899670059 -4195.413213070836 -317.68558596088985 34.68193785234116
39627763652495940 -4338.473311514238 -293.23424587005553 -76.5055372160962
39627763652493506 -4467.02319566464 -293.30310447180216 -68.80542375364533
39627775740482149 -5308.3716945289025 -413.60875122810046 -39.89799230061727
39627757608503869 -4525.085456200048 -287.41053560227687 -93.6044350287494
39627769692296612 -3159.6322196981782 -219.36331673061812 -34.745068159971815
39627805939469477 -3498.9336761925547 -270.47068968048677 45.84485270422668
39627793855681347 -3809.158228038325 -282.77861814658513 13.217959694534285
39627805905915685 -3978.702420441575 -167.3181835518227 43.812459627428176
39627805905915622 -5206.115451507326 -218.63526416238463 57.70355572249182
39627805931082688 -4576.4196489703345 -319.1622929286778 51.19593463804252
39627769654547732 -5909.328283043199 -179.41368983871965 -76.32997932148835
39627763623134176 -5860.285103779123 -208.75502089385756 -108.36318343598197
39627769654547212 -4363.615832595326 -130.740499828564 -60.75699597759989
39627793843098340 -6494.837178316808 -396.82730254168763 33.174573813163335
39627751547733689 -5161.602985314858 -210.27382326227325 -125.32133438610549
39627787799104333 -3861.968255769955 -211.12489294706367 5.44223411404684
39627824037890733 -4712.971062184481 -258.02374620694616 132.40020555709407
39627830073491655 -5005.217705858897 -240.94408410281773 144.02248112124428
39627817981314713 -4985.060102117401 -181.8475397575754 107.22744893054418
39627799857725745 -3426.8551736300446 -105.45037297260612 29.73563980502009
39627824033694907 -4960.90296912917 -243.0021781882989 133.91621927301424
39627787824268497 -4671.154803923425 -372.2655285208381 -5.667682920496152
39627817981314380 -5502.746204374753 -198.93861405115248 119.41550595493153
39627824037890414 -5182.605618764572 -282.24386512670964 145.23106407713877
39627818014870017 -5319.034638393944 -385.12859192257497 104.80128908763663
39627824029502009 -4088.5423742297794 -187.1087968481598 114.0292577955866
39627824029501576 -5939.953688069459 -269.9711547637506 167.0281367176493
39627824021114379 -5283.947574269185 -201.71921443591611 132.32511121218266
39627817981314818 -5600.685371848172 -204.93775708871763 129.84998169950424
39627763627331150 -5014.956685422931 -211.08819599087155 -97.99490895533651
39627787803298291 -5228.59090633863 -308.15032398085685 10.63134918311533
39627793809543919 -5067.858943202533 -130.11005108298198 25.804183248579722
39627824029502010 -4284.898701134822 -196.09758717022308 112.11545799223812
39627817977123987 -5546.568804503686 -191.9498590739454 117.10926721508424
39627811937323293 -4185.141699798723 -136.9215656846146 71.43508418584823
39627824029502044 -4931.609919300372 -225.80361509727783 132.49867255668445
39627781729948531 -3103.768456837995 -80.50745318791974 -13.202222775720356
39627793809543533 -5181.735622712585 -131.5896581635196 19.733316708452136
39627799853533580 -6131.961253316871 -170.7514173630815 66.12402498797196
39627811937323249 -6264.84125923283 -204.71254105228186 106.28955533245332
39627775690150744 -5691.916132825923 -146.112209705315 -40.098044893203785
39627811937321923 -5116.186605884441 -160.95768206011283 89.58213881180522
39627769654543559 -5361.918057716169 -145.77815281031624 -61.57836769276052
39627799853533515 -5987.765859910313 -166.4357031968847 59.58907263923624
39627799853534234 -5470.719780830301 -154.54092716793056 52.29963791396433
39627781729947928 -6209.516869783039 -157.75753974132815 -22.302208540454835
39627793813733712 -6277.768349531834 -165.78292968463722 38.77452492490757
39627787799105143 -5436.056272125922 -300.4628219690436 4.985003763633148
39627763618939691 -5174.183056087618 -161.23253761222844 -90.42212248551134
39627763618940708 -5709.307288643468 -182.0533301343394 -104.56350741881838
39627751572899646 -4257.268496612101 -284.84400515890786 -114.25348907304887
39627745512131304 -2681.9065023027456 -123.05935948234745 -76.51472984105934
39627745520520373 -4612.13243344857 -254.17820240082034 -132.11578989406397
39627751551929290 -2447.6636880916785 -112.50677220860196 -65.04920659582194
39627751547732168 -5891.546768155421 -232.25362268243174 -150.8248764386055
39627775694344000 -5671.473767177634 -165.81125349047295 -38.240226515459355
39627793864066931 -5027.8751939323 -403.9498372129739 13.61269553156631
39627769700683095 -4118.522857972298 -315.05005004548605 -56.78924701557571
39627793864066322 -3923.740372119515 -312.8710037010984 17.368467230397478
39627781784473974 -4375.568810215023 -361.0087744544886 -20.018886582994405
39627787815880782 -4542.0029218822465 -325.0749794140424 3.833437379965334
39627787794910710 -5047.1846285684205 -257.9463389135465 -2.223837418670202
39627787773940271 -4623.972291754302 -138.88120211062227 4.3175256322375075
39627793838902718 -4983.026916737295 -275.634617408616 12.537733602925382
39627751543542517 -3711.7481725734538 -144.43955484619616 -92.87862816636978
39627793864066076 -5297.2502820214995 -421.26568376802464 24.48493043742144
39627787799103385 -4690.001810799043 -252.94944198017765 4.476787575187206
39627757583338395 -6928.812923764101 -259.21457004917403 -161.06089842423006
39627757583336466 -5986.58128986153 -213.8399281244091 -132.93065482587127
39627751547732194 -2866.7694880567665 -113.05909644308804 -70.20379877415927
39627751572900942 -4229.902777441096 -288.25065394754597 -108.23147821764982
39627769700683382 -2966.4924061874926 -227.53061721871757 -40.91869012557949
39627751572900913 -5965.849151324976 -406.3976987636338 -152.38815571597527
39627751572900041 -5326.27038176945 -358.4477826243271 -134.86315178093784
39627745520520375 -4890.923013444312 -269.544901260056 -144.83803588542804
39627763618941587 -5981.012373729735 -195.2323952683786 -101.21847130415304
39627751572900695 -3908.709111703005 -265.4801229061083 -98.73012868652569
39627787799103766 -4907.572556769175 -266.07578745513433 6.3530650083230515
39627787824270335 -3197.3892543022966 -260.29744051470465 6.868712442581885
39627787799104392 -5023.700300452555 -274.8572642905318 4.022232446046583
39627751551927811 -4953.512319018819 -221.9412192320863 -132.40570376388752
39627751572901817 -3409.562468196716 -234.95644349423856 -87.18897490030247
39627769704874046 -4651.115023230281 -366.13776568600696 -64.97757042915175
39627751572900576 -5545.68589182425 -375.9995441600993 -145.86024278145905
39627745528906455 -5281.883802973655 -325.6140536840873 -153.91299284628363
39627745528908137 -5433.454755693593 -341.9748197735822 -154.69075931419422
39627751568704855 -6569.9407309359 -410.2110696639208 -186.12404012344814
39627811979266428 -3989.921140008651 -305.54632111196014 66.79626461857279
39627824046277210 -5944.373640413578 -366.69168453441733 154.02200406931172
39627830077687932 -6616.858312515627 -357.02110767727606 192.91613467263755
39627824025308155 -5706.673271885453 -238.35767093579923 146.31927296952583
39627824046278778 -4333.319447085612 -273.4645777497528 106.38313051684759
39627818014870693 -4808.686407994784 -351.9671045833726 110.47383061361082
39627830081885361 -3609.7474908950608 -219.5861094248875 103.9550602290628
39627811979266891 -3132.9564122278925 -241.28332416942942 50.62184555467948
39627811979267933 -2996.942444252285 -233.7693925884302 50.898553650252275
39627787824271930 -5387.474373747714 -446.25737178125075 7.742030843300052
39627824042083810 -5034.520826096878 -292.80508946000367 136.4807668364016
39627769675514061 -3859.0052886018952 -185.77294203138294 -49.20954988282954
39627799903864726 -4142.5847648747385 -331.94994709100547 44.761566263686966
39627799903864712 -5126.217542822698 -410.71360298841176 56.092320711057276
39627824021114852 -5079.0822449827365 -195.72349602359122 122.13573471644774
39627824025306911 -4495.565131716826 -183.0486103797904 110.9143847436429
39627769700684430 -5219.8353939378285 -404.37740516609875 -77.75702152608775
39627769700684638 -4066.542527586597 -315.68870068667746 -61.58653560796051
39627824054665789 -4778.114263256451 -337.17212212568705 115.41370198696856
39627805943662253 -5595.019047215355 -447.8507259837437 74.46303970566875
39627787824272111 -3240.442427688009 -269.01840490877674 -1.0193552390244802
39627787824271949 -5037.601830843252 -417.37977358257893 0.01915042007708323
39627805943662003 -6290.555948803423 -502.2437811972583 81.02096887943746
39627824025310091 -5058.901648061033 -220.01618434275912 134.44081283045904
39627824029499430 -4994.175308702547 -218.05234321097754 130.31480614245058
39627787824271894 -4952.658311384359 -410.07990272095697 -7.937660694012909
39627805943661997 -4043.4281584540054 -322.8155072554211 45.28878780232536
39627830073492811 -5565.530518745574 -271.8906827119275 161.01473546563625
39627805893332929 -4926.092827376746 -143.45455156240942 72.99984611343595
39627811937321962 -5700.070129243693 -179.53719747763583 107.96673628117706
39627787769745823 -4837.563837084683 -124.49518576998739 -7.243196980221417
39627787773935842 -4451.146682066759 -117.36174172856641 -4.687295781692004
39627751543540249 -4712.636888445957 -174.78589068000622 -117.71241929551746
39627751543541737 -5303.293552867642 -203.112623530579 -134.85423384300972
39627763660886163 -4330.573003019263 -336.95815806570033 -67.14860570774549
39627769654545352 -2526.3738473472645 -72.07866786307697 -36.468060754566096
39627751551927381 -5134.3356487349665 -228.5095250092742 -140.42968811736804
39627751572901863 -3096.1489288660887 -213.48602165911277 -75.3080436836306
39627751568708525 -5528.581800661257 -360.53047649701557 -137.8247528939724
39627799903866410 -2993.3857922092316 -243.6649862696137 28.826722939179508
39627787828462704 -3968.4739579730035 -333.8701250626489 -3.38967888038084
39627811979268236 -3795.3032112281567 -297.0831796735121 62.88260797105405
39627824046277011 -3929.987230411643 -241.65720908938306 109.92236630495997
39627799903867025 -4546.612574938987 -372.3971892552136 33.92182311627615
39627781788664181 -3313.718107389729 -276.27488098188076 -14.0591052619923
39627799853532069 -5747.985867223166 -154.20324516299098 52.25956366168911
39627787769744313 -5321.074086611437 -130.16352190979924 1.483282320693232
39627799853533566 -5390.565579082704 -150.05362903687535 51.08904630229721
39627799853532342 -4787.055284563621 -129.31046990765103 48.44087269045671
39627793809543271 -5088.277442667594 -128.1609605358495 29.648482015483932
39627811933131047 -4946.003044226034 -148.55211935913292 79.46281105730367
39627793809542655 -3668.158672740447 -90.58316099289264 18.80427260867113
39627763618943538 -6323.685527757457 -215.95100393641434 -120.62879102294464
39627763618942246 -4508.077146758848 -149.50585894388368 -87.3119217797845
39627751556120706 -4850.760449017665 -233.26546342743185 -129.6863539674181
39627787824271707 -5005.493833712023 -413.66203208660716 9.660958296404193
39627793864069203 -6414.966271511567 -529.1410032861056 30.938577316239048
39627751568706687 -4575.5211896850315 -292.07852131771403 -129.83067708869305
39627751547734616 -6076.193719438957 -252.58766785042312 -149.62093339744538
39627793864069015 -4773.049999475235 -392.8556576074869 14.731891606573122
39627751551929571 -4693.990450578039 -217.03821776894839 -122.75322228056139
39627751568705823 -5418.170494606025 -342.39100400630537 -152.8484726437203
