create_files/QSO_4_clustering_data.ecsv
# %ECSV 1.0
# ---
# datatype:
# - {name: TARGETID, datatype: int64}
# - {name: X, unit: Mpc, datatype: float64}
# - {name: Y, unit: Mpc, datatype: float64}
# - {name: Z, unit: Mpc, datatype: float64}
# schema: astropy-2.0
TARGETID X Y Z
[from data line 426]
39628438637643373 -2004.2894242864868 -583.1643175597461 1114.0186958144732
39628438608285008 -5006.516514779221 -1280.572089765282 2755.7551923002657
39628465162420797 -3616.415528829862 -943.4041592498642 2097.748219302427
39628417141836047 -3216.71599976867 -810.7131045983044 1698.3415903916919
39628438608285334 -3827.724686450202 -980.73743789772 2102.4267112791667
39628443939243841 -4598.065261332725 -1146.9408649955176 2550.181695632957
39628459873406372 -5562.8958780992025 -1432.626449686592 3170.4703304157574
39628454575998729 -4735.404932299965 -1210.8973857338992 2683.4903775676344
39628454563419192 -3625.6430252467094 -878.4534881074574 2041.1811235834334
39628427929584946 -3632.7282485118076 -1048.8617992902307 1976.1686045268848
39628417141836777 -5035.587764808735 -1273.5360549289069 2656.4304724951503
39628454563415400 -4123.709200576366 -986.2389379307076 2323.252675263585
39628465175004620 -5228.161663762659 -1452.1385218303371 3053.3565571484874
39628438599893765 -5879.718199115722 -1424.320130422026 3230.0672719421304
39628459869213172 -4270.83398937029 -1081.1414916031893 2430.8543274542353
39628427896029233 -4847.858572111502 -1189.2373387781106 2589.950598743122
39628449282785855 -3191.4116241755946 -877.2319992384834 1805.2072068848306
39628427896033965 -3573.9310680506514 -893.3066762824178 1913.0593758550137
39628438625063486 -4817.35824366419 -1337.8447989425395 2646.428707308723
39628459865017040 -4214.615326006193 -1037.9393132511382 2401.483428558989
39628454575997098 -3093.549672800524 -785.6022966202461 1744.9466205374904
39628417146030849 -3186.3823885737415 -820.5105783887136 1685.0848719563958
39628449261818024 -4533.154705097612 -1142.9760068717173 2531.705762192422
39628459865019433 -4818.440002845484 -1197.6777021755615 2760.4405955537413
39628422539905522 -4626.94311451989 -1243.47551397616 2476.5288141313845
39628449270207303 -4023.0826012895877 -1057.6675372803545 2267.358810054682
39628454563418471 -4223.163166607832 -1020.4186098003935 2381.0676939094615
39628449270203490 -5584.86895423672 -1447.4979308905224 3130.692068090316
39628417167000694 -4030.8300557938323 -1136.1352441754234 2143.421580354958
39628417167001048 -2828.18300631528 -798.2561763471402 1504.2845633640352
39628459877597742 -3568.3065777659235 -927.9225959692425 2044.7367315758381
39628438629254105 -4906.307234469941 -1370.2904194280702 2722.4161368180526
39628449270206367 -4544.8761853996575 -1190.2559884801851 2564.0842182664533
39628443947632333 -4065.1453569238947 -1054.339712469396 2259.931946081203
39628449261816696 -3831.9484150174403 -960.4286734680825 2136.3205774191965
39628465154033508 -3442.7769665009123 -865.4951992888931 1980.069491400304
39628438595702145 -2837.4601984296983 -680.5386666846665 1552.1475266425243
39628443960216142 -4584.531039893232 -1269.0380523588333 2559.018202807803
39628465145646187 -4100.450627945723 -994.1992164808106 2360.1657473593395
39628417154416688 -5579.395214636489 -1478.2010531684832 2932.547942365018
39628454563416765 -4159.405601651681 -999.3170330628941 2338.530322664167
39628422548294831 -5228.657452296143 -1462.9466374812841 2800.0169545248136
39628459865018960 -4532.181043437761 -1124.390750129312 2578.133205665772
39628459869213469 -2433.10503454681 -616.749018983943 1389.4955188391207
39628422544098418 -5737.025094240045 -1562.0756355412398 3077.6783266345406
39628422544098787 -3152.925615011536 -859.679508746607 1691.1807669321474
39628427917001316 -3631.902096041199 -987.9285468253213 1949.0428113898743
39628449249233055 -5862.105296473356 -1373.4424010379778 3264.1413331716917
39628427917001351 -4560.173128379173 -1240.540029963901 2447.4552343447754
39628417154420794 -5182.35016021352 -1398.0800444033514 2741.2802556142115
39628417154420694 -4940.493506082089 -1332.247030183538 2615.3167470789026
39628433277324668 -4354.362286011331 -1202.1087364897164 2379.909428531224
39628433281517144 -3090.445241173144 -864.6535071226432 1680.6071143864426
39628454567612930 -5113.3260878445335 -1264.5276218750919 2887.208736101178
39628465170813827 -4295.727394679728 -1180.8449498513996 2495.0733354553713
39628422552486733 -3774.085114752346 -1066.0957920823616 2013.7269484985163
39628454584389379 -4268.824980809931 -1149.940369679307 2437.427119474639
39628443939243123 -4569.9074440248905 -1136.0464568230552 2529.8885904483827
39628454567613856 -4332.181219873458 -1075.3647053084635 2438.7926622596665
39628459865014757 -4602.396766590657 -1123.1044695719468 2636.1593021502263
39628427896033172 -3458.8828452990783 -861.7277010303195 1864.1718862825364
39628438629256978 -4029.538531567547 -1138.808902595335 2221.6676098963944
39628443968603259 -2427.093585982062 -693.6163257369135 1357.776185106139
39628417162809265 -4139.877469482538 -1153.6329998611866 2200.751541955057
39628443947631630 -3040.4938796002552 -786.779562413203 1693.4645732326521
39628449253427792 -3695.864266813586 -886.6852219717046 2069.1754772523673
39628465158228184 -2417.958825806941 -622.558648471314 1404.0621862442895
39628449261816736 -3224.7891808166414 -808.3575940957858 1813.0269906660644
39628443964410404 -4815.010952557527 -1358.6189829499426 2685.8094771491865
39628438625061924 -3221.851178978789 -889.0669272262026 1784.8741064108885
39628417154418452 -5579.181408987612 -1490.2737141880425 2955.5090738796525
39628454576001032 -5597.722881066597 -1444.0584349659277 3165.50222613267
39628433247961750 -5239.8182539327845 -1237.8445025254691 2823.109619254428
39628427921196877 -2276.4867671231377 -634.9359956087502 1231.3974730896189
39628454567612679 -3251.0968532772363 -803.3475448223636 1835.8099887881472
39628449257621387 -5142.874240533354 -1256.3587950919705 2867.459758289965
39628454571804754 -2866.1694795485405 -719.204232015752 1612.9367942033316
39628422556681127 -4442.680465037383 -1278.9931268843911 2372.970886955786
39628417141837814 -5350.8186692457175 -1359.4211241691976 2819.5483586792025
39628449274397229 -3639.9676116092446 -961.7227786936979 2048.9389901000277
39628422552489564 -5040.929465000447 -1441.8666525668039 2686.1224721696353
39628417162808999 -2288.8251476627725 -637.2463835607166 1211.1469893489707
39628433264738418 -3019.7918009434366 -774.9891531372749 1635.6099619158185
39628443968602859 -2110.6243068853623 -602.1437337236293 1176.2018022448406
39628438595701197 -3778.2421083380755 -901.8741084745528 2066.3858274682225
39628443972796803 -3497.8006220268953 -1015.2744970886126 1952.8875915210206
39628465162421252 -2168.2613689164973 -566.6481630910245 1254.119455607666
39628443935052120 -3455.42798195155 -853.5771905696635 1905.1400505810557
39628422556680647 -4483.3938301314765 -1288.1749722684206 2393.000158546378
39628459890185140 -5160.0727917023805 -1444.9010193719853 2960.0186707474486
39628427921197129 -4638.943170314642 -1295.1391994264075 2496.7813848452934
39628465158227905 -3595.8618180296307 -924.7592690010383 2069.545595308035
39628438625061080 -2995.2686652076386 -823.8893133021292 1645.2923142441916
39628433281519258 -4617.828377350593 -1303.8907002806945 2516.94134146648
39628454584386446 -4271.488649857093 -1134.5519570738127 2412.2283373787
39628443960217104 -4928.647263554403 -1369.8848630259934 2755.8676514411372
39628454576001383 -4280.505231277989 -1105.5537614315144 2423.109593144543
39628454584385717 -4219.166789215238 -1116.5453819990535 2402.480899172014
39628422552488982 -5250.704112706457 -1497.836049436782 2799.5110416304315
39628449286982425 -4269.093846827004 -1209.8582048189362 2402.62146412775
39628443935050023 -3510.943229469824 -858.6617420404281 1943.4832998649763
39628443943439108 -4403.241047278586 -1123.3083922744909 2443.0783236437305
39628443964408126 -3407.4506178961524 -952.1365007459988 1895.5718604853116
39628443935048748 -3614.818751095444 -879.1127807412076 2000.060725042653
39628422548296121 -3136.674751384493 -882.0154886097929 1680.4468292145816
39628443947631110 -3672.2866849556453 -948.3867168612255 2048.11893452452
39628417146030875 -5328.179947623704 -1372.2146464573027 2815.1445207490547
39628433285713400 -4977.446069217926 -1426.6924579241368 2718.1669325269163
39628449266013373 -2731.8249750669347 -704.8641442739884 1524.2529360396154
39628454584389172 -4213.9093367451605 -1134.1740481839897 2404.8713682835196
39628433281517668 -5557.852216069314 -1558.580472864231 3041.7708597132105
39628443935051336 -3781.9152430941695 -930.4711627978097 2095.5341494579234
39628465154037134 -4662.9565017489185 -1187.5560405723024 2685.3161682988866
39628417167000084 -3755.9147331823688 -1056.1754465197496 1986.7040567724346
39628465175007043 -3475.4655019223324 -973.4369815780954 2011.3834973409312
39628422523130853 -5644.952283088229 -1409.6835988589748 3002.351703312819
39628470422083453 -5031.607813242972 -1254.8816438392384 2932.841134172363
39628459873406274 -3733.6951744568173 -961.0969129894277 2135.1863832640006
39628443964410737 -4338.923176419753 -1226.1257524955229 2427.9904958050583
39628438637644281 -4067.410214470035 -1188.6980707225982 2258.843004454533
39628443930856561 -5492.850853415634 -1322.792950124145 3036.0948434800966
39628433289908511 -4703.582972088812 -1379.1598799142753 2575.8545790578273
39628454571806192 -3528.883016249582 -891.0429238176033 2000.6323981629134
39628454571806242 -4920.600142742387 -1242.7316284487488 2789.3787439955886
39628459890182573 -4188.2043516994545 -1162.0539561267644 2402.346221284427
39628454571805804 -5208.185210443101 -1312.7533584030946 2955.3011669602224
39628433285714455 -3574.262249454567 -1028.5442171256475 1959.979875595794
39628427896029792 -5038.251708191416 -1239.2291566277763 2707.1334631602967
39628454571805770 -5246.592014543106 -1322.1192908407593 2982.0406149440228
39628465175008183 -4177.781867079312 -1174.647984486559 2428.2446290112885
39628422527324063 -3244.9529889178584 -824.060892035404 1731.895936378646
39628465158230423 -3139.486947608737 -815.0920287900223 1811.6577869636242
39628465166616770 -5588.064794431458 -1496.7361711116262 3244.29145037875
39628438608284684 -3526.4737452024933 -900.5814083846424 1933.54584622538
39628459890181503 -5559.231233612902 -1537.4590168494371 3199.003179789838
39628459890182186 -4947.251366802915 -1370.9330066550606 2846.5519754184775
39628449295370927 -2611.0674200590593 -765.2318860210876 1470.1072149425563
39628449249232967 -4156.782057358085 -973.4549874437863 2308.271123737441
39628465158226838 -4674.487635206637 -1196.7653807631634 2688.478889798368
39628454584385628 -5246.429051070806 -1387.7193013649417 2990.2349872953764
39628470422081732 -4776.4072379955405 -1185.2651968059188 2775.23144356218
39628443943438460 -3694.776372883191 -940.7145762719625 2059.177971670031
39628411756351368 -5187.536154232813 -1394.7945844962014 2719.3912576847274
39628454567609708 -3820.980125997585 -933.9741752076459 2166.1617013829573
39628470422083151 -4055.009897583342 -1010.5086853087662 2355.731003391124
39628454576001986 -5046.873536999474 -1306.1775851793095 2846.532458573463
39628470426274362 -4277.920744295442 -1079.9024279985174 2494.381457538555
39628443926660172 -4398.263467653282 -1023.4596308963012 2435.005620787236
39628417167002437 -5555.048505604531 -1575.7466925620863 2950.6572169789006
39628454567612925 -4504.585699940967 -1113.9612811334434 2540.859807657239
39628470438856572 -2184.945140395826 -585.5029272272373 1279.4276897932175
39628454567611932 -3535.960958810502 -871.4290600794261 1994.4250633002396
39628427904417848 -3527.7858007399063 -902.1300025227945 1892.5622099710788
39628427912808748 -4599.160080886719 -1235.5999033756802 2466.141409048706
39628433260545867 -2828.178266864481 -716.7714355436174 1536.6353077515798
39628449270207327 -4833.05559335195 -1270.7012265764124 2720.2507075066874
39628433243772020 -4584.4548677245375 -1078.7775048483832 2479.1149884711185
39628443964410197 -4122.575085868404 -1162.1991984497674 2306.027041182331
39628454571804765 -5177.009721208635 -1299.1335451462342 2934.7868230342683
39628459865016887 -3492.5994452088253 -859.6101057528659 1987.9318657677604
39628459898570840 -5021.6548762762395 -1449.9471200495514 2906.2682313250352
39628433273127985 -4903.605016323062 -1315.1325095050906 2678.3076649561153
39628449286979644 -3043.7316062992527 -850.9475658932992 1714.3512525917733
39628438604090871 -5263.582545751684 -1319.4239170210972 2884.722768030992
39628427887645648 -2775.7360955537633 -664.6408223250886 1489.6791849864073
39628459873403771 -3755.6902496409116 -957.7209467645397 2143.1339741119227
39628411752157139 -4582.206184330233 -1208.2426053837657 2392.62647196425
39628411752157112 -4280.452070891572 -1128.5565285715895 2235.3565849608312
39628465154033869 -4428.968108277431 -1114.8629469738307 2561.8211017057956
39628465154033874 -4100.743822708224 -1032.2513958259156 2373.0194036090074
39628449282788625 -4104.731101438953 -1141.582428519412 2323.743102822802
39628470434665019 -5346.789364082829 -1420.0731625734406 3141.383612537717
39628470434665118 -5293.263570255468 -1406.2762855423844 3110.9903944356124
39628459877599207 -3734.14518861683 -976.7383672242389 2141.8447592110315
39628438637643349 -4898.04625038715 -1424.9395650252457 2714.7585581785543
39628459890185233 -4489.0128121921125 -1257.4123826056355 2581.922696529781
39628454588583769 -3170.222489660271 -867.390681469316 1801.794657025054
39628433252157730 -2523.64258244387 -614.1919167467748 1373.6999705033973
39628454567611679 -4392.619656753457 -1081.355335307887 2490.1953693754244
39628438637642991 -4901.353117012063 -1423.9037045510338 2720.446821551617
39628465149842698 -4273.361390931254 -1064.5485485656025 2458.307933895492
39628449266010534 -3689.3543903672235 -942.5638496855124 2067.319436961501
39628465179198783 -4053.5703739653336 -1148.0350539234298 2363.451924796398
39628443939245984 -4809.79721563279 -1211.614888327058 2677.321676604851
39628443939245781 -3643.038278342459 -916.9492000005009 2015.686602598924
39628422527321952 -4253.796327018244 -1071.6711346255818 2269.4400973973147
39628465145643724 -3305.2032794181664 -793.0279959225169 1899.283662628845
39628438599894667 -4012.005344266066 -976.4572461150183 2185.1575026938153
39628427900227714 -5279.256353276057 -1343.6723711804207 2821.7171137140404
39628459865018621 -5267.332290511415 -1304.9281598807415 3008.40531855145
39628422552487864 -3665.772722945447 -1040.3624897451102 1958.8897398825231
39628459885987817 -3738.15272605842 -1017.1669583260565 2154.944294656916
39628449286981381 -3830.8998215856227 -1079.958452683035 2168.1105015516423
39628422535708764 -3177.685776209076 -828.0245355547147 1698.932687666884
39628438595703041 -5933.986635086109 -1429.5749641617049 3232.710155230053
39628433289905311 -3445.1352432588187 -997.5323140931832 1893.4559038493485
39628427908615850 -3385.3421034397143 -896.2965831810818 1819.7517644980564
39628454596969005 -4104.719345721801 -1154.067336979952 2350.408304587347
39628443943438052 -2752.1801594533335 -699.8069774778489 1527.4574095830403
39628438591508990 -4530.640390147642 -1064.326583848888 2476.0007675831375
39628459885987450 -2871.033751363204 -780.1883064916784 1652.6670012999366
39628459865018166 -3498.111669319048 -865.3284312809441 1998.1779687885262
39628449261814947 -3630.852556650985 -903.7835391033088 2023.8420627011028
39628465145645494 -3226.434526445096 -779.9328626621179 1858.6903278246823
39628427904422503 -5642.365774870742 -1465.7641029832662 3022.9791654916157
39628427908616188 -4548.097336031393 -1205.6849819724555 2444.7620706089747
39628427887644067 -4286.973171347426 -1019.8190687557967 2301.4845733664374
39628427912807228 -5225.909091800721 -1395.5392110609619 2829.236761800452
39628443939242243 -4642.372829758758 -1149.2986404089213 2569.5324966271523
39628443930853932 -5441.983668244502 -1292.183588444986 3001.222903222359
39628422531517956 -4237.8700846026695 -1096.7949589393734 2250.338101402542
