create_files/QSO_2_clustering_data.ecsv
# %ECSV 1.0
# ---
# datatype:
# - {name: TARGETID, datatype: int64}
# - {name: X, unit: Mpc, datatype: float64}
# - {name: Y, unit: Mpc, datatype: float64}
# - {name: Z, unit: Mpc, datatype: float64}
# schema: astropy-2.0
TARGETID X Y Z
[from data line 1272]
39627799895477482 -6066.506253681055 -442.0558237241987 47.285567526545115
39627781771887102 -6152.222269062572 -405.71076345153983 -36.54148706406723
39627811958292804 -5602.924695682933 -295.07479353268303 87.07186429381181
39627775698537814 -5814.674750942174 -194.73930546752624 -47.27150620653476
39627775740479411 -4965.792415649968 -375.998870141862 -36.227885065827046
39627781776085311 -4692.898377887217 -343.1126335256573 -10.959690409737233
39627787786518900 -4604.278864538947 -182.43058511075083 -3.0521357366921062
39627769692296505 -4689.024119859168 -325.19730032314595 -69.45806365889332
39627763635721846 -3551.7726815904816 -183.48784066583877 -60.40751219974519
39627781746725457 -3316.5318243987604 -143.62831767297914 -18.40773585657807
39627818002288790 -4950.5941921810045 -298.43650721189 102.86832586487041
39627793826317111 -5918.387803855628 -236.0671655673945 25.072513718232035
39627793822126126 -4119.713239440045 -159.60703825771478 15.629111520810754
39627793859874622 -3624.1532768881143 -280.6887239889785 10.372395598197691
39627775736285233 -4073.840837963633 -290.7954731370631 -33.2760473996241
39627757591729536 -4370.48530984034 -207.96120926295526 -93.97743511677942
39627775702730393 -3289.636729078092 -119.45099844250507 -21.674813980938115
39627787786519702 -5240.751503525664 -211.6427853558293 6.555232535537798
39627757600117625 -4486.393072530965 -254.32098883637488 -96.23309625085108
39627757604307194 -5503.148490137769 -313.6333001625183 -118.52456260884655
39627811958292591 -4951.344465886468 -259.84104440197154 89.17482019781878
39627781742526688 -4045.5514357321767 -142.040443337778 -25.397448271417453
39627805914304248 -5555.941199224269 -281.69038113931754 74.20276938659923
39627781738332425 -3997.0874051291294 -122.87127814959024 -14.256322106067266
39627799882891419 -5604.680673622121 -318.9381711304649 42.72417312113351
39627781738332303 -5675.3114973682805 -173.9287111982531 -21.306615702509188
39627817993899735 -5426.3043335513585 -276.46420801489904 112.92168203015997
39627763627332551 -4260.211951998362 -184.0810532628014 -66.9785159526781
39627805931082113 -2556.2912442127245 -176.98974633446142 33.6962639026357
39627769688098140 -4890.471051472111 -302.98076274791447 -74.43752406960024
39627751560318729 -2504.0070842219184 -138.13135154558998 -64.82502864298631
39627769688098683 -6233.658060101933 -388.3718435726759 -85.42426212401148
39627805935275421 -4443.095303944251 -323.76339185113585 54.878038744130926
39627817985511731 -6534.16544923379 -281.190220396607 145.84377023202052
39627811966684926 -4377.2294965253495 -283.6692860389249 82.35255361388216
39627781755111010 -4678.515367445645 -231.0380026262794 -14.638068192999878
39627781755110777 -3890.9198083621723 -191.4354158086155 -11.756162737545873
39627787786523032 -5775.628591509592 -249.86885741482135 -5.274908078536043
39627811962491389 -5600.457565496509 -340.0788666703657 106.7732717924145
39627781738335654 -5771.000690789367 -193.35513395996932 -14.010445204862776
39627763652495841 -4911.57047879426 -331.5281584294907 -95.96402029731732
39627805922690776 -5574.865765617035 -323.3197419448783 81.24063500227622
39627757612698340 -6601.980081753758 -448.59199077697934 -134.16117988474488
39627757587534118 -5257.683865926761 -223.85445749583906 -110.63892106279599
39627787820073952 -6532.857189800081 -490.2275420098747 3.049195875163351
39627793855680785 -5378.140738785302 -396.61984845655195 18.67037907122057
39627811945710965 -3551.9846313762714 -143.20175066239167 60.8125233981376
39627787803297340 -5075.354121601473 -294.9995615699068 -2.5014791702071393
39627793822125764 -3407.4945968812967 -130.93615162803076 8.540324530556033
39627793843097978 -4419.694894921273 -268.7392322604195 26.973238446805485
39627799891281248 -5618.722577601429 -373.52565505683697 47.828199241940126
39627769692296528 -4779.743950772914 -331.5372030427911 -68.65414202029129
39627763644107945 -6016.435812030712 -357.7890709772909 -107.18916239827392
39627775736284162 -5975.523144031107 -422.24171197369606 -50.78398186643452
39627811958293676 -5766.936195233317 -308.54460133467285 88.40579732238864
39627751556120859 -3476.952455391641 -167.57710977290694 -83.57035924367473
39627757587529845 -4795.042520351459 -188.7270157717376 -110.25459407993323
39627799882892324 -5598.893467301919 -322.8793303115842 39.70062924898145
39627769683905250 -5749.275394461903 -336.67097174249983 -84.66731273445215
39627775711118856 -3850.6035342787145 -172.10639789110283 -37.135052843526495
39627799866118738 -3388.896355388078 -144.02916537434965 30.01386755205431
39627751564511386 -4158.591187811327 -242.70654167252164 -109.39589928846402
39627757587532818 -4852.00156651214 -202.0757775932921 -115.58077334575863
39627793813739212 -5287.434223780851 -161.14299847384228 16.69659602548769
39627799887089158 -2437.6432762123513 -155.43482088529294 22.370918343249233
39627781759303769 -5511.603877943679 -289.0230940757723 -21.97799657221399
39627775711120468 -4553.149605402001 -208.57905380579547 -33.76670366039503
39627769675515766 -4450.891872184419 -219.41703023519347 -60.3537739908699
39627799861923102 -6783.9782401713055 -252.21444553020046 58.23982301477106
39627757604307784 -3701.8651892301687 -212.9957317686585 -77.38164066916148
39627793851483969 -5055.870314145636 -337.85926217118737 15.938279367870734
39627757608504314 -4501.430868365647 -287.6446794342701 -96.70711058647053
39627793859874234 -4726.549454876245 -364.82705108599555 11.807361455740025
39627805939469318 -3502.186075411303 -270.18038858213487 39.661376687130875
39627787815882075 -4951.229765316543 -359.47001704956807 -8.818018171716256
39627793843098354 -2799.71178157678 -171.1024560379643 6.600245408036075
39627799899669515 -4480.447546602974 -337.00175680312793 32.663972218706526
39627811949908477 -4256.61305625306 -199.285093217858 80.4636754886455
39627805914304173 -6173.7202908027 -312.70949394057294 78.76516591795377
39627817993901612 -3361.878891624149 -175.8997640572144 79.95484796460656
39627775727895626 -4643.919233170899 -287.1187170044543 -32.94719354884227
39627775711121457 -4397.549063827382 -204.4752298000317 -45.1081111011588
39627793851483236 -5026.56218172704 -333.3366035069864 16.77343599723001
39627793855678277 -4641.2455374067395 -332.6847799260905 13.49263623424155
39627799866118466 -4973.023891462463 -210.45046436623852 46.170316565685155
39627811949909407 -4198.225136216393 -199.75276471943383 78.05062251383579
39627757595918509 -2517.372287641235 -121.17625867093099 -57.01916270005963
39627751551931148 -4194.896992013903 -198.6238438705946 -109.45019558254955
39627793859872484 -5136.709529655454 -389.7721627860166 30.564523967156347
39627769692295165 -6439.355388014735 -440.184817283355 -83.62566454799656
39627751564512918 -5128.974873443753 -305.34959098675756 -123.90626134499276
39627763648299096 -3765.4782652197537 -230.52909609506162 -70.87449067044759
39627769671320818 -3428.261171462947 -152.37938330256873 -39.08188384764597
39627793838900495 -5670.452764939527 -303.0311971488782 23.722558680908513
39627757587531077 -4317.183144325455 -174.3069210160285 -93.41524767908332
39627781750918412 -5197.748134895834 -239.2479734421233 -30.262107425032394
39627787790717898 -4533.882337235287 -217.09347217251693 3.3021426591977723
39627799891283649 -4764.543481741968 -325.94075473314524 36.37146851128294
39627787815882825 -4756.604329956468 -348.51254101620555 5.540404261876432
39627775702731887 -5893.621144327615 -220.87411365099175 -59.13838393333339
39627787786522134 -5896.96856052786 -250.00719295160945 4.784480406601741
39627775702729745 -4923.416798747132 -176.26503301272717 -42.10203253084213
39627787794907883 -4216.034344243019 -205.0231829732261 -8.387852952333636
39627793859872459 -3769.5191230168343 -285.9747596939343 10.44648409309013
39627769683903435 -6837.046467817677 -392.3936039669978 -96.42255737979949
39627751551930537 -2732.5722446061936 -128.31185859456906 -66.23740476921961
39627751560318116 -4275.33567677335 -233.95774515700532 -113.20290225829565
39627805935273871 -5071.025561497705 -363.11707434370544 76.49379236039059
39627763652494432 -5025.233230125976 -333.38374875165425 -98.39275566200062
39627757608503931 -5400.614744765729 -343.2924514314884 -128.20384575082397
39627793838903207 -2344.2485802764063 -130.5497705288741 11.179317082563463
39627763656691519 -6119.431535126466 -448.86091402276753 -114.47988253557072
39627757612698227 -3299.1915264044096 -223.81899615979688 -74.68375667665434
39627793838903546 -3162.1910178083685 -176.8948820786599 20.54129482085113
39627793838903307 -5057.115041838216 -282.02493943070675 27.15718393246153
39627799899674031 -5861.430931935029 -460.6107393383855 46.407433445666406
39627811975071245 -5144.471220494432 -368.1650369180453 96.20735481939676
39627757595919370 -6883.214370980928 -335.4241533373971 -156.8165046784372
39627769658741161 -4887.191375322861 -165.7940695202406 -71.55777098832074
39627751564513904 -5436.317037756772 -327.5021867361378 -142.28330938708675
39627757608504030 -4559.702743300654 -290.2102968581174 -108.71870922969701
39627793838904430 -6888.873345499441 -390.24960635782645 40.78375015288645
39627793838900658 -5425.455713851782 -290.81045950599486 21.102994902365786
39627757616891315 -4294.78904854058 -305.93054257543486 -93.85162563048613
39627787799101758 -5032.4409589962115 -264.8971877674315 8.223352826661351
39627751560316769 -2859.0329524882363 -153.70918436404753 -80.38623497895374
39627757595921192 -5031.811704555403 -251.0007208689683 -118.05268075305159
39627751564511547 -5861.941643752469 -342.8788083831337 -161.83987963263755
39627751551927901 -4403.676467755145 -197.62468074434386 -108.82240678320366
39627787815882802 -4733.947586606006 -346.7664524235557 10.291351181345123
39627769671321187 -4191.187844607861 -187.2723788874868 -47.45501744735027
39627769692294862 -3685.4197593463687 -251.19761111115943 -47.67440726415538
39627769688099372 -5467.459444036731 -343.35104564958147 -74.98892299689803
39627781734140681 -4323.666361917745 -123.78830609595637 -16.12354021702983
39627793843095971 -3814.943552667076 -225.0073388296182 21.89658218353085
39627787782325495 -4058.21807347353 -146.0432571150057 5.475876673149015
39627751560318265 -6315.150277984869 -346.20755975476305 -174.21640354398488
39627751560318086 -5076.991078769941 -277.7157864952036 -139.02081569489366
39627775715314701 -6021.24985974424 -304.2624813171709 -60.476358633989925
39627757612698182 -3539.987886641555 -239.9899282221503 -84.22639662075784
39627757612698017 -4346.703024496324 -294.0876248932662 -103.25420398361774
39627751572900262 -6586.655743482115 -444.6508491666408 -161.46550125590065
39627787815882044 -5363.038649347668 -389.2309824032304 -0.5639619155636892
39627757587535282 -4851.536902997684 -211.00814043515118 -111.93101466206463
39627811958295419 -5402.676980793993 -298.62794632749706 83.25606656722687
39627817989705827 -5210.548950713505 -245.55163493532353 115.9028640179354
39627811954100228 -2765.0581111609217 -137.8110664353569 46.41298530413446
39627775732089355 -5513.9515110426555 -363.48503743327234 -41.462806393768666
39627787794909877 -5035.046672015402 -253.31842196318462 -6.378829812370771
39627793851487101 -4756.3050803952565 -330.20675243637083 13.690512037499845
39627781776086124 -3145.9562568717115 -232.21946202948274 -18.548462944003226
39627781776086051 -4735.322725911169 -349.24526941010157 -28.238729230885486
39627799895477270 -5871.354908420391 -426.6020687214099 38.60597834409256
39627769688103247 -3861.1767549562182 -252.2757483328625 -47.39330292116252
39627817998090852 -6119.338691538076 -323.6449803686231 128.6828094251302
39627763656689166 -4288.073285363772 -305.8333996919836 -74.59358131161818
39627769688103314 -5276.4567956753135 -344.9737614592966 -80.5448267212248
39627763631522428 -3722.3822554239327 -164.23005564869715 -64.3556628920971
39627763635721741 -5604.43389434172 -289.16198288090783 -88.64795861426622
39627793830512641 -4606.630554606643 -208.34951522033563 12.23907393199092
39627805935272373 -5954.884301392813 -418.44764119432836 68.54801900397497
39627805897527553 -3458.099658497619 -117.31434720072265 48.43874598263149
39627763648304199 -4641.738355217978 -301.5579481109501 -80.13150140566992
39627787773940407 -4498.611846621149 -135.55193120159825 -1.8148208768212728
39627787803296426 -5008.493440976845 -287.3460883855724 -2.0025877731200623
39627751560320331 -5769.804499341576 -324.6881532571464 -150.19488830116953
39627775736283812 -5031.008305966145 -354.08769787753357 -40.409460011074785
39627805901718725 -5815.898382068225 -208.03593478007792 81.73797435972885
39627805901718798 -4794.061028170733 -171.6895463073452 67.88904072612955
39627781776086023 -4809.069113590328 -354.5494176648523 -28.571670333273293
39627799899671164 -3669.4476574269265 -280.75856154611256 30.643451285305638
39627805935272183 -4325.184049295999 -303.1930903324411 52.628737686205305
39627775715316475 -5756.934818902241 -299.6496476446643 -46.597354173270965
39627817985511159 -4999.727583589466 -212.7064696534851 109.91595334293378
39627793843095058 -4091.649250648001 -238.0566378196839 19.152132448787174
39627763635719876 -3548.9524628250865 -178.98031676490714 -63.854166657984926
39627787820075530 -4066.906702845024 -311.2094393369463 -0.8567451795953662
39627763623134581 -4322.537038292494 -155.46909634929492 -83.43591511277907
39627757583338781 -4667.906919279712 -176.3958074469714 -100.5513418343657
39627775694342899 -5256.047560176815 -148.68002713528568 -47.65748371363061
39627799882893219 -6213.322798370635 -363.00274637861514 44.86263257361174
39627775732091705 -5289.418722188762 -357.6169067226056 -37.61311965333377
39627793843095150 -4274.4910337872325 -249.06448508813423 21.86656494308885
39627775711122350 -3160.992021526204 -149.10170817558998 -22.013179269438584
39627757583337153 -3803.2267075607915 -138.0269113435083 -77.38875936271374
39627757583336345 -5332.011962554737 -189.94934755526597 -112.82429655426131
39627787811685493 -6018.824579179859 -399.605083053813 12.941347504845197
39627757583336099 -4592.522621698529 -162.7761230531824 -99.28357647414518
39627769654545387 -5614.066266859558 -160.33041735725627 -70.77019025835774
39627769654546110 -5327.112722501644 -154.9363681180991 -68.01560632585188
39627757583336128 -3805.0022961540076 -134.93685274044978 -81.99340363899871
39627757587532636 -5866.753052314311 -243.51409178830198 -139.80019571951348
39627818010675626 -3833.9358681236613 -260.7436815886704 84.29139249032636
39627805905914378 -4901.012654824772 -201.61833228813543 62.53991207382347
39627793813737861 -5555.520340978055 -164.20865888904856 33.41488087208817
39627799891284109 -6361.519828111988 -437.4833296631289 45.70988476956367
39627817985508276 -5917.957042115059 -237.28753337450019 136.48414167038112
39627787782326649 -3958.534427465952 -146.71405390041448 -7.700199462119562
39627824029502434 -5488.364641035313 -253.137824360116 139.46142347077426
39627817981317994 -5847.853874184747 -228.41031372890498 132.73425159537862
39627781759307568 -5352.350963239001 -298.40317490474786 -12.396871384427941
39627793851484408 -4104.417833406366 -275.62505424886757 9.956464534556899
39627817985512265 -3802.248369072849 -165.41168537775636 83.27682163289033
39627824029501421 -4381.557352407998 -198.619050326726 109.83982998107666
39627763618942511 -6612.34238804055 -220.60910859675664 -116.20893204187101
39627775694341575 -4851.749813930051 -132.23205753148065 -43.63136071003692
39627799882891459 -6203.138850615746 -353.17545566972416 67.36629203021887
39627775740479702 -6079.577164746463 -461.6386142274102 -48.47117973302479
39627775694341798 -5918.645426835585 -162.32015802610687 -43.96526853731369
39627775694342550 -5065.964873127143 -141.88048318920565 -40.45922664474236
