create_files/QSO_11_clustering_data.ecsv
# %ECSV 1.0
# ---
# datatype:
# - {name: TARGETID, datatype: int64}
# - {name: X, unit: Mpc, datatype: float64}
# - {name: Y, unit: Mpc, datatype: float64}
# - {name: Z, unit: Mpc, datatype: float64}
# schema: astropy-2.0
TARGETID X Y Z
[from data line 213]
39633322489415014 -1004.4523644219505 -2013.06191959355 3201.4469205170026
39633308404944228 -1561.6208112975626 -2963.4692760013186 4591.29446699819
39633315489120685 -1250.331997242322 -2414.6838129589237 3798.2369690545015
39633339589594520 -1073.5855667612816 -2110.4027004091295 3544.977027175735
39633311957518521 -1590.977461925534 -3056.505634929308 4808.499556184503
39633319012335685 -1468.8479729797698 -3054.7600684412396 4801.143780332706
39633332815793144 -1279.7193619546754 -2528.4045946564297 4151.761827651829
39633329401630516 -1454.8411912808594 -2994.0973025399717 4839.707897302897
39633311974297496 -1494.0613910847069 -3114.662085416084 4815.376669259055
39633332828373781 -1155.8903577756396 -2390.9935823237324 3898.250546629441
39633332828373818 -1154.244015230482 -2388.0247238859724 3893.4364008369485
39633318982978360 -1095.9782534104208 -2023.356573529788 3243.3029020766503
39633308404940911 -1532.0510804279966 -2862.4650265200003 4458.69931435235
39633315476538414 -1278.5315361412452 -2343.7209622289847 3731.2087218951247
39633319012338136 -1360.619033329499 -2863.1597177791255 4485.991233626113
39633315489120373 -767.0068639785678 -1478.7363552922861 2335.8580320646565
39633332799015043 -1690.337158762259 -3083.2108208775458 5178.68937407771
39633311940741469 -1759.0754248104681 -3149.787683780901 5024.381582895033
39633336221567565 -944.111346578467 -1937.0537800252607 3201.0834663919777
39633308417524374 -1534.6826441255707 -3034.2003233164755 4681.777349321291
39633336225759278 -1624.6594798368533 -3354.703857718999 5515.8039256823895
39633311940741916 -1233.7314077488322 -2213.1295695043123 3515.958825179477
39633311940741952 -1374.080997274219 -2465.357420648047 3916.535839105829
39633339589593681 -1258.0480961624241 -2463.2077817193895 4130.921064486982
39633322464248147 -1463.8330512545983 -2614.690186325099 4268.24012383574
39633311944934233 -1251.1049985637085 -2264.4191507963583 3594.5409297798737
39633311944934326 -1270.4115014305337 -2300.384251525774 3651.788482420245
39633322464248170 -1247.071410789749 -2227.618027205765 3636.216844907319
39633332811599552 -1050.8298617374517 -2043.3344580246062 3366.363027348993
39633332824179435 -1614.8867559889504 -3275.602007695809 5369.8754128147575
39633311944933771 -1368.8061650744644 -2472.553519781518 3932.566579705041
39633319012339671 -1012.7241235849252 -2146.161816073918 3353.8058842736095
39633329401627430 -1558.688497773633 -3159.264881401656 5116.596524780437
39633304823007886 -1623.639491843618 -2963.4246497024315 4629.01906213361
39633311961713445 -1090.680114410344 -2135.899564279693 3332.7620393161023
39633315468151454 -940.3317766191493 -1679.400966872057 2695.79557253144
39633332807402907 -1592.4822306780159 -3004.837555255737 4988.712215882258
39633308400748976 -859.5447545567733 -1593.286822792342 2500.1930367318982
39633332819986219 -1467.771474774574 -2933.3925655849316 4820.548613631447
39633304839785088 -1588.027282965199 -3107.529645339305 4739.277780222246
39633304839782507 -1357.9826377107297 -2627.539794368837 4041.0450302906447
39633336225761308 -1206.9139884999215 -2516.6335357382427 4148.837487285574
39633315468150453 -1177.941988041728 -2092.6586267325465 3381.142736027291
39633325928743942 -1319.431234432791 -2364.6015776421837 3918.1361726871237
39633325932940883 -1175.6160317058777 -2169.3627792673956 3551.312309771465
39633308413329706 -1656.6964347290107 -3211.4795215900226 4963.645139001554
39633318978781895 -989.8729248580935 -1781.5487639528208 2876.7434522001436
39633329372268442 -811.5394120081359 -1452.2850635906168 2416.4108435275934
39633315510094779 -1416.6344179175846 -3041.5980088982124 4723.517323340961
39633318974590666 -1170.62704472701 -2099.4583174175623 3408.85722840288
39633318978781834 -1339.7819484525176 -2410.671842944236 3892.731566698938
39633315497513706 -1168.7053880769251 -2380.204526056335 3730.8544476291904
39633329380658615 -618.9875944074183 -1155.5331569078544 1898.991317447404
39633315476540013 -1547.5806918508692 -2856.0443225218546 4539.501904049581
39633318999755299 -1070.4821768616525 -2126.212716229504 3376.4916187352287
39633332828374386 -1225.4361263157616 -2542.989169267214 4126.58421304226
39633308417524947 -1098.2547499363825 -2175.8449515378475 3362.915028450227
39633308421721472 -1284.704775274906 -2618.1204000570674 4025.2673054700467
39633329393242180 -1270.8011667303106 -2517.840213512402 4105.8327619292095
39633329389045674 -1026.7924287402361 -1976.569646530881 3236.918664663485
39633329368074776 -803.045641034826 -1415.4197121165228 2359.7286173051675
39633339581204863 -1361.9410311472027 -2570.7906804458758 4351.122883199274
39633325924551652 -1697.472973207415 -3012.448495757564 5000.516454004879
39633319016533461 -1381.198010272564 -2977.7937144218977 4644.845794997655
39633318999754143 -1229.6484818713432 -2430.4579599370963 3855.179864226683
39633325924551314 -1470.1454002921198 -2605.2700130504213 4307.783962965033
39633322468442727 -1295.2932047299264 -2357.776877931766 3835.8805871418185
39633318970395954 -759.182567427882 -1334.7163719556113 2173.1892842344632
39633318970396036 -1652.9792899586969 -2906.9746755176966 4733.598279298017
39633308396555787 -886.1947524655279 -1620.5804017209418 2542.796413065268
39633342945037528 -1370.436999054656 -2697.695900246683 4552.956589584262
39633329372267514 -1287.6442498952495 -2293.4607276058614 3843.8395796116156
39633318987170503 -846.2734120259896 -1578.2598611844724 2534.4198287919207
39633311978489810 -1146.8144894007564 -2415.0713966719254 3716.735127670742
39633325962301397 -1397.6740793603644 -2941.6623569151275 4713.121097106289
39633332828373780 -890.1697657363411 -1841.3341225240438 3013.8227740561283
39633315489123111 -1765.6586292818433 -3447.9981905105883 5408.167501451112
39633311957518657 -1401.0142165010795 -2693.3064534834093 4213.63901212862
39633322506191228 -947.1675767988073 -2039.9906917257792 3208.885806506834
39633325937132587 -1108.678128146928 -2060.104089045162 3383.396628950243
39633329389046299 -1027.7104851355355 -1983.4038202273005 3247.6824659291974
39633308409137817 -1591.828579930875 -3064.708747324495 4733.316142262018
39633329372267758 -1593.4720483912088 -2841.7805757120705 4726.868529564024
39633339589591945 -1284.3471776229264 -2496.5146713482736 4187.99948820988
39633332828373648 -818.7528049833362 -1692.6297897482868 2764.3686087206966
39633329372267598 -1702.1377328760607 -3033.1219731495735 5043.091647695457
39633332811597282 -1155.8172930327867 -2224.077212307407 3674.203457864805
39633332811597263 -1155.8394716140801 -2223.9180554036548 3673.7701281489844
39633322468444916 -1090.777889359042 -2005.046659695574 3265.275432887056
39633304843978578 -1138.1289573490521 -2262.047205398968 3466.867902421655
39633311978487843 -783.1587770231519 -1635.1647554710687 2528.2957754467216
39633315489121557 -1070.2341497336329 -2075.1424782122613 3273.181157350128
39633325924549674 -1312.2815575469242 -2309.8091574182663 3824.892624311227
39633308409136700 -1337.927281530077 -2562.5879436743826 3973.2166526961346
39633315497512265 -1232.7909677207729 -2496.013929749762 3889.3358937453977
39633322460055077 -1308.3331258928179 -2307.1466161594803 3778.4374809313335
39633336204790464 -1056.013403574086 -2008.2552672214917 3367.1283116337486
39633319003951406 -1236.2255430178652 -2519.8795994356915 3971.1136339317577
39633315505897732 -1060.7798399242988 -2205.2744943878033 3435.0408154782394
39633319003950800 -1491.334655276523 -3031.494230014071 4795.316057143044
39633336225761543 -1304.7714766561364 -2724.2720671928832 4459.854550110781
39633301245264402 -1646.2470637473502 -3209.686456750546 4883.638306666608
39633322464247924 -1006.9165923777194 -1796.7899965676058 2930.677001159563
39633339585398404 -1470.527612115095 -2819.1577942070385 4775.58218050926
39633319003950498 -1098.7676913556306 -2230.875319762797 3528.164240595148
39633319008142164 -1581.1509746674187 -3236.1346118352276 5106.762047452793
39633315468149898 -1616.3020047883208 -2863.0135188842287 4625.274773500619
39633319003950500 -1566.9042534796693 -3181.3629260650564 5021.636990798851
39633329410016620 -1296.5713994931007 -2738.56861210046 4408.026464719236
39633339589595528 -913.5326987651764 -1803.2065306474824 3011.1655393692063
39633319003949297 -1574.9016315514853 -3178.936779694405 5030.704551470124
39633308413332924 -1293.9905485087781 -2544.476436053558 3918.158654059657
39633322460056529 -1658.227470313213 -2942.2774297037554 4845.613329688597
39633308413331362 -1602.7842053463098 -3130.8330468053377 4837.339305469443
39633336213177805 -1215.6821416820344 -2382.791566246115 3971.1824121983805
39633308413331153 -1731.9134265816062 -3379.8880397604516 5221.309786176677
39633315468150719 -1378.7125337733187 -2453.1980523400834 3928.7163988962216
39633315480732880 -1651.5174985932665 -3084.340613886019 4906.625363287026
39633332807403502 -1372.4104352841393 -2598.3368105541467 4316.022036928666
39633332803209233 -1516.3703894335197 -2820.220831377077 4695.207263483873
39633308404943270 -1301.8049490451049 -2459.0741367867217 3823.547327118354
39633315497511031 -1074.66273194279 -2165.9278891015592 3387.1613951857007
39633315468148992 -1448.4489559641795 -2555.330553801854 4114.625635100652
39633329401628652 -1002.6456407692194 -2045.1593785311138 3310.699998577395
39633308413332272 -1522.533984720376 -2986.1025663707733 4604.236425571803
39633336200594201 -1245.7807996597237 -2302.222376119323 3870.205307597408
39633319016533472 -1388.293944524743 -2993.248240631561 4658.035789961096
39633311953325621 -1396.873605094671 -2653.0206226711302 4162.994503575667
39633322489413956 -1268.5654670786657 -2528.7672053095803 4041.492893476948
39633318999755032 -1267.2181697297724 -2514.5197976645213 3987.908773824938
39633318999755346 -1073.9933160189316 -2133.6131424171513 3382.4379725407634
39633319008141889 -1223.9759161425613 -2501.9109862256387 3949.523518412749
39633315501705242 -984.5953800451126 -2024.2586303973644 3168.697503040847
39633332815793630 -1502.0881311415012 -2974.5120381788824 4905.045344849956
39633308417524676 -1581.8351791459288 -3130.834695235564 4829.085428490001
39633325962300021 -1226.0667936899633 -2565.9716454391732 4108.759726822575
39633311957518002 -1760.363204752209 -3373.7692535142337 5286.7598549535915
39633322464249195 -1540.196458077623 -2763.7535928547563 4510.896825572387
39633311940741412 -1110.5572090769545 -1988.0277235738554 3177.68331184336
39633308430108865 -956.0648017436771 -2012.224375054147 3075.121695075686
39633332832568483 -1217.1394889317721 -2573.770105152518 4200.560405557214
39633308396555605 -1256.3912324857113 -2295.8793398388248 3599.9828550874327
39633304843977959 -1844.3348239536745 -3653.7842581916057 5585.880544564244
39633311953323382 -1076.598816562955 -2023.7438676095503 3170.6736307872598
39633322464249393 -1523.6300909875358 -2736.459526748897 4457.609349303236
39633315489120407 -1397.3794488305502 -2694.726301223878 4258.396288493095
39633308396556624 -1267.4117254539535 -2325.324818220722 3655.998254185247
39633336204790780 -1220.6083399714632 -2325.031798735451 3887.5595701592515
39633308409136760 -1253.5459962004045 -2401.6823445733176 3736.3806442948653
39633322464249050 -1133.6850078942616 -2033.2051997397086 3310.6359853939757
39633325958106242 -1461.0211814125867 -3011.426041293106 4834.687213846448
39633318987172506 -1299.726147842206 -2447.3764079948696 3917.869421139867
39633311965906508 -1424.7274596689645 -2829.331810857285 4420.359839898075
39633332807403186 -1561.9140292106968 -2951.966880711206 4888.405048213113
39633329389047171 -710.9047846035517 -1377.0219210241778 2263.498456434933
39633311961711048 -967.0130980635047 -1877.4755855378496 2946.010420347921
39633308396553824 -1728.811919167239 -3137.9197991602164 4917.4461892346235
39633339589591789 -1666.1075599551891 -3236.208849524986 5438.6607833917515
39633315510094955 -1416.8259874929831 -3044.9006505777925 4726.19291665119
39633311961710779 -1067.7612343059457 -2070.494942581834 3250.7345608862856
39633339597980081 -779.6503661257494 -1572.6185964552717 2617.580075144264
39633322476831282 -1099.9705630328367 -2075.2534469608117 3367.723851736771
39633311957518568 -1490.068066102043 -2863.4422774487043 4468.332666841057
39633336192206950 -1357.9518724650009 -2432.689959904598 4132.28763043642
39633325932940842 -1010.0626298896632 -1863.5729208240946 3063.833943817944
39633325932941031 -1419.3026225578126 -2620.534850093593 4306.990758659043
39633319012336496 -1209.4928741057668 -2525.4905230342592 3951.7971331624894
39633332832568340 -954.3769038593693 -2017.1589225733562 3268.0540398228645
39633315472346138 -1661.324860960243 -3019.050976826054 4809.356474751842
39633339602176011 -910.173993039114 -1886.4004484242894 3131.653477306044
39633332811597136 -1009.3933588075995 -1940.9930013525177 3221.7646761635133
39633329389047497 -831.043293642958 -1611.7733952478338 2648.8409766440536
39633311965908446 -1220.9774003992814 -2441.705521421381 3785.959278207739
39633336213178619 -1057.4318882199416 -2079.5986152356713 3467.947264297881
39633336192207575 -1258.7508044651101 -2261.022075092591 3827.6041387801447
39633336213179632 -1198.887329838406 -2367.7361343425823 3947.793888906189
39633315480733527 -1207.5388962735692 -2262.396195564897 3611.8649848144564
39633336221567140 -896.2967554455915 -1834.7642312503317 3023.4131261619646
39633336221565196 -1374.4519931926593 -2785.661343890189 4617.820191806392
39633318974590225 -1175.0720495620526 -2103.1480766872064 3398.267853334023
39633332807403840 -1318.5917904222554 -2501.0333023594753 4145.7291440588615
39633336208984470 -1002.4087877564243 -1939.3717198160607 3240.033525212207
39633325941328636 -1497.4152254232097 -2854.150274290544 4645.939432697188
39633319012337049 -1122.096720984146 -2349.345670817618 3684.819146211505
39633332819986811 -1032.5973041849115 -2069.3480795581845 3392.9916104716103
39633336213177843 -1237.4295954679292 -2425.750616641081 4050.0755273481263
39633308404944073 -919.6240281151399 -1743.9190266860198 2720.7877975450333
39633339585399151 -1478.6292760094714 -2847.0371422382173 4807.72395179341
39633336208985132 -1069.027500491579 -2075.0310848025083 3468.601394862479
39633308400750105 -1401.379973654612 -2610.6652133875536 4095.5304044091777
39633308409137316 -1014.9719421532019 -1950.2129110809701 3027.8573272927038
39633332815792526 -1170.417108418349 -2304.798889696277 3789.1318140790145
39633322489413672 -1184.2572000617995 -2357.3004079173047 3760.785730220804
39633315472344043 -1354.629600435623 -2441.565856249698 3919.016826195341
39633304848171394 -1508.410804731745 -3031.664126913335 4612.871803048502
39633329380656450 -1232.5186407207952 -2278.4093124761484 3766.971209036181
39633315484929154 -833.7977701368357 -1602.30514390015 2525.198095150447
39633301241073417 -1254.6377897146647 -2432.5538846906634 3703.1921938839273
39633325941327475 -1389.907580569583 -2635.6677025043755 4286.766573859535
39633311982683981 -1500.2050121662414 -3217.1792943058445 4943.630256898996
39633329389045206 -1306.1879987790878 -2509.5928660414797 4107.103183036823
39633339572817439 -1105.1113939856727 -2022.1370961535642 3433.942071211507
39633332819985600 -1469.378420164606 -2929.3560844160816 4804.846626248667
39633329389045518 -1029.6419054994005 -1980.841044060279 3244.2432844300174
39633329397433819 -753.2912506242568 -1503.502252040244 2452.439130708765
39633329389045558 -1040.9922248164253 -2003.0401119214396 3277.7336291929046
39633322502000062 -1489.9878730032642 -3194.3668560452043 5014.257558458051
39633308421719432 -1072.4150332430443 -2165.551655459992 3315.8399502645284
39633318987170993 -1662.036489046658 -3107.522602560758 4976.484291442058
39633329393239936 -1139.293925131393 -2232.462084246371 3634.781392536718
39633308421719323 -1264.633902162113 -2552.4192839695697 3917.3335613724257
