create_files/QSO_11_clustering_data.ecsv
# %ECSV 1.0
# ---
# datatype:
# - {name: TARGETID, datatype: int64}
# - {name: X, unit: Mpc, datatype: float64}
# - {name: Y, unit: Mpc, datatype: float64}
# - {name: Z, unit: Mpc, datatype: float64}
# schema: astropy-2.0
TARGETID X Y Z
[from data line 1273]
39633339602174298 -1555.6786808478103 -3198.8483649970112 5329.826700978079
39633339602174167 -1402.3377714687738 -2881.740598813597 4801.682302051503
39633329414211559 -1177.664398548739 -2547.191662926705 4088.7167689288635
39633342928259335 -722.344624328514 -1312.127768234179 2252.5746074065123
39633342936648683 -1547.9487430779698 -2936.525818164354 5034.826161922727
39633339572815635 -1193.0026028395212 -2161.7554792769924 3712.522397776606
39633339568622501 -919.6864598699963 -1644.4492076857628 2811.1301680471333
39633342936647339 -1452.7179764909229 -2735.147829408749 4690.945515455744
39633315468151636 -1704.3471823751051 -3046.9302839337024 4881.946284210447
39633342936646562 -1006.2513582811143 -1886.75555040204 3235.181950303073
39633332790626314 -1114.5201304506375 -1960.2466291021892 3308.2942864767624
39633329368072477 -1043.7446622882558 -1820.5400473445102 3063.414307094246
39633342928260386 -974.2128784384466 -1779.3448897315216 3057.118630254256
39633342928259927 -1598.4095682356126 -2912.0956106983585 4999.146865039768
39633329368073660 -1348.6773766391816 -2366.1674516111634 3979.2088834062506
39633329368073468 -885.4909156419069 -1552.159153866156 2611.175251694779
39633339568622930 -1556.7490302029355 -2790.142060830076 4768.048576034945
39633332790626726 -940.1025428186398 -1657.1803693886375 2792.687957872962
39633339568623138 -1171.1561865731433 -2102.069084404052 3600.3658919536456
39633342945035360 -1437.9955655487906 -2801.6445794447345 4762.190894912043
39633339568621165 -1131.1019042569144 -2009.2562939890934 3434.6359077220513
39633318966202145 -1783.1820422318776 -3082.5052523836894 5028.705218528708
39633322472637421 -1390.9156802626649 -2581.9888770349735 4202.458438925069
39633311940742918 -1855.4762953187317 -3343.4778688989322 5287.693088004962
39633301245266622 -1572.4529659577513 -3096.661961175923 4693.662068790354
39633339577010135 -1622.7685455332048 -3001.4158968577 5099.497249012256
39633325970686406 -676.9374451503696 -1460.904260234999 2331.259259005608
39633315497509421 -1170.0670706569783 -2343.405500808619 3685.6366884535505
39633315505899731 -1460.7639853418427 -3064.211146473032 4752.6279418158665
39633325928744397 -778.5879897662063 -1398.199233225075 2311.7709339533703
39633301241071570 -1074.7027613236128 -2069.425619748028 3144.5027012195155
39633322455861991 -1365.554430518688 -2381.883614718349 3917.902070567738
39633332803207912 -1386.2635770148672 -2560.0342045489474 4285.9300522453705
39633325920355280 -1428.1034110851904 -2470.1805437284816 4099.776023052844
39633301232682262 -1360.7632324474732 -2523.1753518718733 3886.43559449968
39633301241069644 -1871.320371444121 -3576.178907810198 5440.877805073364
39633315459764540 -1152.3140713143446 -1994.322502718764 3226.017341373418
39633301241070436 -1667.1138748078101 -3195.553161637757 4869.10063861418
39633301241070571 -1337.466192397791 -2565.021330818771 3907.364364395558
39633301236876751 -1454.676109772706 -2749.575644455467 4208.139716733473
39633315463954993 -1097.5334588324265 -1904.7087002123762 3090.2272995033277
39633342936645929 -1465.9129050896956 -2738.9589497653433 4683.624318797122
39633311936546102 -977.6021659993978 -1712.3843042311078 2732.2627532323627
39633322455860195 -1295.5102841339328 -2241.212571195808 3706.3048504640096
39633311932355089 -1734.7563121732426 -3019.3572217033347 4848.74045961159
39633322455861082 -815.5164607607306 -1416.717245943281 2327.6067083767384
39633311957519028 -1563.8944971216192 -3011.48479907037 4716.701423744713
39633322493611175 -1295.2016352610462 -2666.034738349403 4221.780756662892
39633318995559779 -1288.23549613707 -2501.0960398976263 3976.297077076987
39633342945037661 -1509.9403257608478 -2974.4357258238883 5043.1210709618745
39633322455861977 -1526.942534024855 -2663.2380759576436 4375.556208871554
39633332836761700 -1601.2999939588678 -3436.84447428286 5572.649292100794
39633332836761663 -1413.3440224237934 -3033.0008451626923 4913.408678785583
39633339572816346 -1570.9866600216562 -2857.659849839258 4888.380975200903
39633342945036209 -1398.6737949883393 -2735.5898930432986 4642.110286256656
39633322485220535 -1472.1689165683515 -2890.9446975163287 4631.953906908275
39633336188013047 -1360.5755598087196 -2398.5864061136404 4077.789272001208
39633336188013361 -1073.61026882422 -1895.3667014375094 3216.6306134483793
39633336188012019 -1418.3325755510361 -2488.1830745342804 4233.647172290431
39633308392361015 -1496.1136727643025 -2683.7609075662276 4218.073353321516
39633342936645648 -1289.3687483788128 -2405.1319909207623 4121.6311078930285
39633342932454718 -1325.4517203300873 -2471.150261840695 4239.870556290592
39633325920356576 -1853.9799669318497 -3226.6469457591206 5349.931582778678
39633339568620769 -1137.7771092625958 -2017.7476982905134 3454.434818253841
39633339568623020 -1305.4170749184264 -2340.990160832479 4021.436379813772
39633336188011827 -1670.563349120887 -2927.8820895306685 4987.764299228071
39633342932454357 -1589.3335853207561 -2956.5724208348424 5069.301825709215
39633301262041971 -685.5392787826331 -1439.5458418458325 2163.878402396143
39633301232684632 -1571.6234391081532 -2948.9755167537614 4501.84285478892
39633308434304920 -1212.1976760499047 -2620.9752964475756 3989.816784685167
39633308434304604 -1029.8668192271475 -2223.5546051975757 3379.6498683247196
39633308430109227 -788.1523050977406 -1661.520960848134 2524.170265284747
39633322468443395 -1596.2509635349277 -2914.61726908111 4751.501108786775
39633318974588303 -1529.621860910569 -2713.584648415268 4398.85998054046
39633322464251705 -1466.5042198187052 -2661.460242430084 4334.848966043972
39633308396555919 -1245.413783146183 -2278.720108648029 3580.1200383396917
39633322493609020 -1343.7741877424705 -2738.659873932182 4367.709711792968
39633308396553650 -1286.0021035722502 -2332.4668816833682 3669.6140756545437
39633315497513055 -1162.6887370382763 -2361.75587877856 3691.2896709387255
39633318974588430 -1376.2160204867255 -2442.790129280376 3963.9899798622723
39633332824182397 -1246.4227421155824 -2569.7784679274796 4212.754506249713
39633315480733214 -1599.087866948266 -2991.7492964836224 4739.464457073287
39633315497513347 -1414.3837422556167 -2876.721154462993 4496.126499198643
39633332815791417 -1350.7050491745083 -2644.325096051609 4350.510547571293
39633332799014286 -907.0428187224918 -1648.916547076425 2753.786685958613
39633332799015648 -900.8957354046843 -1648.5032550846786 2755.2271663047145
39633319008145023 -1346.4089393702272 -2792.0263779999536 4377.03645430797
39633315468151890 -1625.8975493994967 -2910.161949862508 4668.7265937930315
39633322501997633 -991.669559538459 -2102.130525372924 3312.7819792023874
39633329397434631 -1198.2330305554158 -2402.2448792562705 3894.862962377335
39633336213178870 -990.457386058885 -1949.8719843653053 3231.7499525810276
39633329410019851 -979.9041411114014 -2098.7613229589883 3370.9306480851665
39633315501706362 -1035.2803602220101 -2139.0920311268974 3336.019584242198
39633311957517445 -1559.1630572434708 -2981.3509446207836 4665.46519911415
39633332811597843 -1151.7461247844728 -2221.8483312976773 3666.851832802087
39633322493612135 -768.0176776495244 -1587.5473035242323 2526.179942423507
39633325945521576 -1007.9128206947961 -1946.4408133345419 3150.0486565777774
39633308417525935 -1665.7317096411803 -3315.7542395121272 5087.838924731617
39633329410016628 -1022.5108384453192 -2159.8446114372223 3492.244309314379
39633304835589397 -1339.2279362915517 -2557.3832608846556 3949.37377407163
39633336200595597 -1259.132332388057 -2345.1509088867997 3945.7289500577053
39633308430107270 -753.6289442070406 -1575.4270458872224 2409.3485967868587
39633329405821178 -1122.9254902036248 -2314.524145919472 3736.8727960716305
39633304852369399 -1013.587319842012 -2105.2028519803594 3188.639996244971
39633308396553239 -1379.8379272921375 -2498.389471871276 3935.842693078614
39633325953908912 -1460.014176540516 -2911.1224989110447 4686.760401026755
39633336213178718 -1213.8136840975892 -2388.1933496426623 3957.3623922822917
39633318991366539 -1220.7708418210398 -2340.29469356034 3730.5213502532756
39633315510094596 -1543.0413874434503 -3310.2439398283245 5112.094906461046
39633301236878692 -1505.7336699058108 -2872.1465482150666 4400.939562240475
39633329410015383 -687.150068005196 -1443.9387945811106 2326.137549496327
39633301236878387 -1109.9191068340724 -2113.846963509731 3235.983065153066
39633329393242117 -1221.2806659921266 -2419.0187326822374 3957.0609062772305
39633322460054133 -1332.5225497748727 -2341.2083351605997 3846.5894785450996
39633329405822416 -1272.0149566789482 -2637.09128929693 4273.841904268188
39633311974296601 -1295.5464009315945 -2690.1420174411232 4153.925326045716
39633304835588909 -1522.618904590498 -2901.3491843530696 4480.848771944131
39633325966492914 -1111.4128175973606 -2360.3812014430146 3748.486492597967
39633308425913150 -1178.6060184360865 -2418.2493248527962 3706.9888499853496
39633322506192137 -1491.1287240844115 -3224.974360319563 5082.541244641291
39633319020727258 -1296.6775891472773 -2844.428134683186 4432.162879368125
39633325920357831 -1093.4198070170612 -1913.1445921173251 3171.627837048881
39633322493610644 -1495.9282064848921 -3071.906044628428 4888.450293970521
39633315497511594 -1104.2048381322656 -2229.825576129384 3483.554987603101
39633339577009584 -822.5679388482696 -1516.8154565644081 2576.2210477941208
39633322476834082 -1846.3215439299925 -3530.515836695295 5690.8411024615525
39633325949717593 -714.6903710960128 -1417.5744016110684 2284.8995422802636
39633318970392734 -961.0903149070132 -1665.8243350363216 2731.750170647279
39633311978489888 -1334.0906741499791 -2810.1570804120406 4307.6736858746035
39633336204790065 -962.1325855376062 -1825.923216492889 3056.5331880557947
39633315501704147 -1182.520146461644 -2418.909550010538 3788.5580646199746
39633311965905417 -1502.5820244990875 -2971.6361725993947 4604.519959422813
39633311965905251 -1231.5270547008786 -2434.1481695613234 3775.097823314424
39633322468445850 -1674.2700773381773 -3089.9529083544107 5016.332062247035
39633325966494722 -905.570444127342 -1937.4722619098359 3087.9399937374105
39633301241073028 -1038.6844054632927 -2010.4694399770224 3045.4207404372933
39633318974587687 -1435.9244997284757 -2540.301795666972 4129.902257680993
39633304827201616 -1034.3846912986653 -1915.1531265948106 2955.865839861735
39633301236877031 -1632.787834147715 -3090.1069290658966 4742.274580882222
39633301245265906 -1633.7452745373766 -3206.7980424091156 4846.465223822299
39633304831397141 -1055.231763350517 -1998.5194194478822 3068.559939178191
39633325949717153 -1354.974465238808 -2682.10168144351 4346.072185352859
39633311982683410 -1157.0194104396335 -2475.1977190070616 3791.700273684151
39633308425913489 -1221.1166336920196 -2508.8003195727856 3854.23086632861
39633297629774986 -1066.3198870561987 -2081.1486177001743 3145.0910683890065
39633301245266598 -1604.5442523852803 -3159.5289725221646 4767.284356907995
39633308392359702 -1496.3397327246566 -2669.1135364123184 4215.663853212514
39633301236877463 -1587.7684157379902 -3011.452459326679 4619.359434311499
39633311982685012 -1580.6518344597962 -3405.517345703174 5213.20727472133
39633304852369023 -1099.999775630233 -2281.1412505065523 3439.0292661159315
39633339577009494 -1779.2052759731055 -3279.0899746940977 5567.4848163409115
39633332828375212 -1319.4170277382814 -2749.707058788797 4465.104118629341
39633301228489284 -878.7016447846893 -1609.9876651573952 2480.3203106128485
39633304823006009 -1137.396713331988 -2057.880041145269 3204.323391770302
39633311936546346 -1192.6482334612806 -2091.3392209578583 3346.7048835580704
39633311936545846 -1615.605993822639 -2826.7314605100814 4527.256177222287
39633332790627593 -1399.7425119858542 -2478.0581114232436 4187.908072357198
39633301228490526 -1355.299255423237 -2496.674023600401 3842.112356543648
39633301236875839 -1371.469077879391 -2580.559380273869 3951.739635861657
39633301253655990 -880.2793974110677 -1801.7274660285736 2715.908363922186
39633301253655856 -1267.4925101836839 -2593.3925441174365 3909.110687795305
39633297629774701 -1198.0197556459916 -2335.7624820096325 3525.3756947156517
39633304852369921 -779.5070062242844 -1622.5237196998546 2450.724386707344
39633297625583361 -1425.1043865652352 -2762.5013468800385 4177.817469090218
39633297625583625 -1262.6494856059637 -2450.583231046594 3702.434505215697
39633304823006592 -1280.0206963804503 -2323.086745269953 3606.244025090281
39633301228487351 -1621.6534969612196 -2947.79800082036 4566.77886581236
39633297625582296 -736.8341040164469 -1421.9468007903984 2152.966390936208
39633322455861773 -1145.112014206149 -1995.3862864253051 3286.003008506386
39633311982686818 -1115.811456888506 -2421.094270606939 3694.936768828789
39633311986877828 -1038.2909432904553 -2267.910481597285 3473.572108724263
39633332824179910 -1266.6678939316446 -2575.3183879971484 4212.495206010561
39633319020726517 -1074.394281574793 -2348.2347483160797 3637.339840109248
39633304827202675 -1466.5443248181618 -2730.5913545723943 4223.158856466828
39633322506195033 -930.4257360847552 -2037.109024942123 3200.7775243583956
39633332811596185 -1022.9100472412099 -1956.8527966075458 3229.119388426229
39633304827200158 -1713.7158816532701 -3151.9029090870613 4878.9169202737985
39633336204788443 -974.0977881096555 -1832.9507632849393 3067.482826870585
39633304823008788 -1085.276379096981 -1987.382330994637 3082.2844082158963
39633301241073976 -1518.043020996463 -2950.1282530016715 4463.687350008134
39633308434302712 -720.968315347675 -1542.9351785390647 2337.354184300287
39633301257849581 -633.7383762575039 -1317.3947230801534 1981.855870225614
39633304856563725 -1693.0445505288737 -3586.8684128325754 5426.68781081011
39633304856561876 -1554.1539954041375 -3264.9675550335714 4924.621966979989
39633311982685723 -1050.4880679961482 -2269.371393732213 3474.0261895166354
39633301249460650 -1450.6111656066935 -2906.312578101318 4375.839981353695
39633322510385396 -1043.7188200632456 -2291.946357750344 3611.4142027888797
39633301228490188 -1542.7096199439507 -2837.804916855587 4374.696231622993
39633304818815289 -1513.191364949114 -2727.761104391347 4265.002060703628
39633319020728060 -1258.7341550176798 -2772.982861681293 4298.081732209439
39633304860755224 -1548.6940928027477 -3304.351870046217 4990.269067187392
39633301253656534 -949.6473231225847 -1947.6419109350602 2927.625083585106
39633301232683147 -1681.511432582383 -3130.9605677404666 4793.233724860482
39633297625582948 -1338.2622226011945 -2589.562890595952 3906.6163885531855
39633301253655349 -1293.8455648435393 -2643.2097051636138 3971.7854309945533
39633311982686186 -1428.0151945524606 -3091.052070339887 4722.433424228039
39633297633970282 -931.1289494249573 -1858.7660293189067 2789.994406697378
39633322455862110 -1283.6596970047244 -2240.2470985845716 3687.071396276556
39633339597981940 -1599.729434731491 -3258.1172338701513 5452.805351583879
39633315505902073 -839.4870364737251 -1777.0808984415758 2744.4031715454994
39633311957517105 -1047.7996410601586 -2000.9742636063488 3128.9274887871306
39633304827199921 -1704.9665421312855 -3132.5341900358303 4866.248287118734
39633315468148867 -1647.2803295354593 -2904.590979684655 4695.34939651605
39633329401628070 -1508.9259641699832 -3069.0596783698625 4960.931350741722
39633311949129198 -1325.903518669831 -2451.247608877002 3880.7647240110573
39633325924552453 -1684.0795249801329 -3000.0350555923674 4955.380064195739
39633315484928485 -1569.7253236015665 -3006.1437166420924 4739.586742691206
39633325924552728 -1375.3402536558058 -2453.224450370433 4051.414354960498
39633308409135174 -627.9369852133207 -1194.0660672364706 1858.9952641121006
39633332807404500 -1473.156924381141 -2805.3157783246734 4650.115790410023
39633336204788690 -1419.2463093474212 -2673.8281233229723 4486.003281659687
39633311974297738 -1703.0641372281825 -3554.022241211494 5471.381107279149
