create_files/QSO_6_clustering_data.ecsv
# %ECSV 1.0
# ---
# datatype:
# - {name: TARGETID, datatype: int64}
# - {name: X, unit: Mpc, datatype: float64}
# - {name: Y, unit: Mpc, datatype: float64}
# - {name: Z, unit: Mpc, datatype: float64}
# schema: astropy-2.0
TARGETID X Y Z
39633300955858715 -1824.814687834994 -1235.9778440990117 2985.9828682544585
39633267661475257 -3543.1056281995134 -2478.5573310145114 5394.648587373807
39633297348757427 -3107.837828002545 -2190.5472004588773 5105.88800472674
39633293720683131 -1513.4769999121688 -1102.5033453800283 2488.0771770745523
39633293724877579 -1664.7665474484231 -1231.8238694889137 2749.7406289918663
39633275215413846 -2599.4033240716853 -1883.1202415481548 4078.393273668117
39633282689663138 -1987.7877269025294 -1497.198521831528 3201.7448907372177
39633293716488654 -2694.0354927005333 -1931.8414187432088 4395.637276090023
39633282660303815 -2683.363771846783 -1824.5692190426516 4177.249471286258
39633297340367084 -2904.472712124917 -1967.4075499622709 4711.220143168757
39633271448931268 -1416.9282343813234 -1012.6284077149372 2188.0185060159165
39633267669861008 -2851.8573439594934 -2035.7273162733493 4368.0143988761365
39633263869821004 -1825.2977669612303 -1307.2092698636898 2775.903316081834
39633263865628814 -1489.0869437977306 -1060.4786451611194 2258.5074512833808
39633271448930973 -2489.765815339032 -1777.2241180486808 3849.4001889269093
39633275190249923 -3375.2570886689787 -2246.667114006381 5157.414636456118
39633282681277040 -2116.1716644757116 -1564.2233134385615 3407.2763190270744
39633297361340333 -1531.6330614101628 -1129.2318152550083 2544.913859355415
39633297361340340 -1527.9889910653446 -1126.5830797906126 2538.8823344238513
39633271457319559 -1794.4594674377913 -1318.1039534963306 2807.4627421268456
39633282689663433 -2826.0635635142517 -2130.5503432939176 4570.385589567508
39633282677082764 -2395.1669517675177 -1746.7329733119261 3831.7070602169897
39633271457317325 -2249.911935893214 -1637.8908322035752 3502.394139422169
39633293699713178 -2566.2728452927518 -1742.100075072507 4133.498709228176
39633293733266510 -2203.2774277473827 -1682.8758284921855 3687.895378946579
39633293733266789 -1840.5814731903497 -1407.5953004684156 3078.7033425927434
39633282677082887 -2838.0391758995443 -2070.7527002647007 4553.0263933231545
39633304567153891 -1668.8810833839261 -1190.3730018303565 2783.4809923091084
39633282685471567 -1990.1128248024593 -1494.1099230984294 3218.2808347666282
39633275211220613 -2310.4161394110156 -1655.31887444521 3611.16494002081
39633275211220602 -2052.7127491453716 -1470.5779062323484 3189.7489160810346
39633275198639994 -2054.0007524685557 -1418.049818236565 3173.2408370084686
39633275198636091 -2774.9013929045595 -1888.1622496945417 4245.789836618703
39633275211220791 -1471.7406478434934 -1055.2655073181895 2296.3746940992305
39633275211220828 -1813.437324787801 -1300.466430927129 2834.466220267056
39633304575541351 -1605.1174621119924 -1173.7836045807655 2704.9870431374843
39633275215413529 -2406.324806009194 -1740.2792412850952 3778.63330494966
39633275215415188 -3376.0490050888525 -2460.3829905668863 5312.767111217635
39633304562961504 -2764.1933399724603 -1954.1930165265874 4602.044197531249
39633282685470501 -2712.2482681631254 -2027.3735298845506 4374.797361070624
39633304562962009 -2531.1327035905424 -1793.6476126561372 4236.182132604352
39633297357146909 -1893.2935806207106 -1378.7748139737269 3123.024281329726
39633278952538744 -2836.497325385715 -2035.8764870715238 4480.167485973151
39633278927374702 -3030.000913997874 -2001.6986280451858 4633.3071930563165
39633300972635069 -2215.870614721032 -1592.0560265460635 3695.4576155002305
39633300972634906 -2557.500550748722 -1836.1008374088824 4262.170378488183
39633300972634650 -2217.499351463833 -1590.0572281718403 3694.847438060719
39633300964249243 -2264.7605210956617 -1595.2399478554266 3746.4872249311
39633282660303617 -2800.379453098338 -1902.9018447670098 4362.900728896415
39633282660305915 -2725.8034137907166 -1868.1568560127548 4273.320370388334
39633286380651486 -2136.162154848968 -1558.4187866306104 3439.7316799108858
39633290033891257 -2630.358051997358 -1741.028614763042 4149.087111095371
39633297352952262 -2351.1952729391746 -1684.3344856719664 3875.7281983454363
39633290038085962 -2138.6712912060007 -1438.727586117309 3401.871681951667
39633300955857551 -2097.751043279109 -1413.4923669941613 3423.5922935774015
39633300951665294 -3307.7026416140907 -2213.1195681968447 5376.037790801592
39633297365536284 -2825.468791926443 -2127.378275335996 4734.1037283374
39633297361340067 -2519.9680482355316 -1855.6106472845374 4196.476370552347
39633297361339645 -2448.170564621203 -1799.3007088655281 4059.6984163500183
39633300976828683 -2353.965269733728 -1711.5901169234191 3938.282375130228
39633282647723220 -2466.930116555883 -1618.314734091823 3798.0528590722774
39633282689664592 -2940.759519479846 -2226.8088705919295 4764.151714631749
39633282698052108 -3268.3569034304815 -2538.98931065925 5366.2001791441235
39633286363873610 -1688.4978895537154 -1156.1294640511849 2667.688513057901
39633286363875163 -2342.132287995111 -1613.7803184245083 3706.0051917403543
39633278935761786 -2774.6759275854974 -1876.784894675272 4306.379340334289
39633278944151036 -2172.0222170653255 -1518.1356202544932 3395.8842260363153
39633278948345004 -1582.2772105515003 -1120.7079568708739 2477.5283391680414
39633278948347009 -3423.3764530254807 -2442.6079238276893 5378.67401857082
39633278952539675 -1600.3788303749845 -1153.2348830820952 2534.6818122446234
39633286363876071 -1801.8969922698936 -1246.7011565122612 2854.3727870073276
39633278956733593 -2533.386615540165 -1849.925691003482 4029.781274209686
39633300976830276 -2123.834920408088 -1554.653905212962 3541.821841206254
39633278973511075 -1729.63909104916 -1339.9004486562192 2805.019016063918
39633300976829131 -2228.8319917942786 -1623.7008964085242 3716.14095293844
39633267669863548 -2849.287505529581 -2056.886738570523 4392.212191105257
39633267665667808 -3086.9926245359466 -2177.4930019029916 4718.16772357114
39633271444735560 -2657.322062746501 -1857.2949077720796 4088.2906989650273
39633271448930861 -2915.6130049606318 -2079.978902441515 4521.815036664614
39633271448930715 -2598.5921842682637 -1852.0766938017211 3995.238940857313
39633271453123318 -1514.8179410936295 -1087.847502001894 2351.131066091148
39633271453123195 -1483.5897393564792 -1064.8256621395426 2301.358440556396
39633271448930970 -2484.849737615179 -1773.6973799666875 3840.832475079264
39633271453122615 -2236.497439501383 -1601.452456704268 3469.1164568309873
39633267665668236 -1634.9646739234047 -1155.2423537623863 2504.614009877746
39633267665668159 -2081.140093444951 -1470.048853386423 3164.5236918815135
39633271440542350 -2720.6733048823126 -1882.5165704106862 4164.100969903655
39633271440541121 -1985.7831699952608 -1367.8143933321085 3032.9509857224775
39633267669860985 -2250.3602008760968 -1606.2059596551906 3460.1108873420226
39633267674054970 -1704.1995408611967 -1232.8267801292673 2628.2129297148717
39633271448928574 -2572.2239909277178 -1816.5718800020038 3943.759260241961
39633271448928974 -2932.8926251302173 -2074.5111663231783 4513.735502050944
39633275211219690 -2637.0045311498816 -1881.6315657561704 4097.385646476736
39633275207027158 -2590.0441590107835 -1832.7221229686138 4035.3562463708513
39633297361341790 -2296.7390856966445 -1702.0800081559312 3839.519900828881
39633271448929792 -3027.5797805546326 -2149.5623251797983 4673.731255032091
39633297357145770 -1497.3169593113669 -1085.5956778532648 2481.414930386861
39633297340366930 -1949.8076883414128 -1319.8789963612378 3159.631117619366
39633267661475674 -1745.3105497543281 -1222.7247877912266 2662.475164575312
39633293716489163 -2294.288319538453 -1649.2301620608123 3759.3531067638905
39633282681275972 -2797.466203970154 -2058.894767202591 4503.7138251764345
39633271457319945 -2487.6213798756908 -1829.6215120716274 3875.4604902029278
39633267674056869 -2714.2993108241826 -1980.9294628889952 4173.792471318687
39633286389042008 -2540.997241286054 -1925.633186220375 4146.1220595201485
39633290067444497 -2868.8524293658566 -2135.619697628277 4719.450237625113
39633290038085430 -2599.1930051422605 -1744.8553592826308 4134.548356428974
39633271457317293 -3083.7976530488886 -2244.6331709956407 4806.329343981667
39633293712296461 -3153.47428258921 -2247.5469075684855 5134.870733843284
39633278956733704 -3044.504159475616 -2224.035061373512 4826.618967211737
39633275227998211 -2284.6549662177526 -1739.5221756546916 3638.5311711019185
39633282689666383 -2065.377885029483 -1573.8488167118692 3345.92645073266
39633290033891905 -2391.3054498233087 -1587.6397672944981 3778.944552751918
39633282698051922 -2568.2483838593084 -1993.6495426665458 4206.555616594369
39633293695520002 -2696.4954754299747 -1811.4589380838806 4304.903765942693
39633300964247760 -2377.2344262449515 -1663.6069405005767 3907.0065378815525
39633293695519899 -2331.5425146546054 -1565.7339327953405 3722.462358651572
39633278965123684 -2633.900230813253 -1995.6599029730817 4239.594132797655
39633271461512712 -2513.3319634312074 -1864.6019238326771 3939.4905394233033
39633282685472130 -2414.714476906058 -1817.104563286902 3900.9301912597184
39633297357145764 -1208.7070395112842 -876.3262607744639 2008.0796541538684
39633271436345987 -3173.9545014320965 -2145.983957691835 4813.085660768888
39633282677082515 -2565.4722379149075 -1868.9411940866055 4111.81940675618
39633271444735280 -1913.1033042041017 -1335.725338716332 2934.1793312615687
39633304567153719 -2873.652756628787 -2048.0555282233922 4814.8856606000945
39633263865628791 -3313.7317972533506 -2359.5878663432345 5039.083045335806
39633282693860284 -2920.517943808497 -2260.5391549274304 4771.349871088878
39633290046472916 -2686.7809170954806 -1853.2211031911615 4282.745975807506
39633286368068329 -3185.9678723906773 -2218.4803858436285 5078.64466484946
39633271448930430 -2222.9295543398516 -1582.3732313370795 3424.1823087768416
39633308140699874 -1555.4898717340789 -1096.385677263807 2610.0671460973995
39633286389040551 -2346.5723224470657 -1767.1089288622595 3830.7513388021503
39633300968441303 -2111.895627422284 -1497.7754666343515 3487.8370144562546
39633286389040094 -2290.955155203052 -1721.8096152491448 3736.972312664956
39633286351292939 -2984.4659886206146 -1969.2898367810383 4677.598530054529
39633304562961665 -2467.560641185304 -1745.7479136861896 4104.221805426335
39633275219609304 -2425.864187801923 -1793.474431985379 3827.616564026966
39633290050666573 -1894.396566848019 -1323.495932718144 3042.326619242608
39633282677081984 -1719.3529184375323 -1249.5631854765386 2752.5701010413786
39633267665667016 -2106.110556004486 -1481.7109750156608 3211.7875363417857
39633300976831115 -3054.2159744962655 -2243.13146655517 5099.882660332885
39633271457319406 -2314.694621491851 -1699.565225808876 3620.2645898743854
39633271465708749 -2924.6310386737746 -2212.2516260496664 4623.473160832667
39633300981023149 -1862.3537811786696 -1376.339412306209 3127.729169689547
39633293699711385 -2536.2198237166544 -1708.5809139780083 4072.537018529013
39633271444737865 -3332.002146850017 -2346.9641585425047 5145.9593921449
39633267674056599 -3007.4243975640616 -2191.7316811346022 4652.929512538492
39633300976831340 -1222.992918502921 -898.9707230716324 2042.693524453927
39633304562959222 -2987.27489101715 -2091.9644701087964 4956.198866080415
39633300985217895 -2445.666727759151 -1837.9171992075646 4118.126998478873
39633278931569957 -1968.9897267091587 -1325.619778870665 3026.491990596513
39633300976831635 -2666.630216734551 -1962.2523264054744 4473.639409013605
39633290042280366 -1727.2327395342168 -1182.901329698508 2749.0783291119874
39633304554570917 -2531.0109276248995 -1722.1563995640836 4162.951765639795
39633275202832884 -2219.5730769712814 -1548.586487135068 3434.308957419129
39633290038086636 -2560.9024918310106 -1727.2500124407925 4062.5710686953284
39633304562960956 -2475.382169355066 -1746.0516051866218 4138.910902383279
39633271440540042 -1342.451826797673 -920.765162526679 2042.6740820984273
39633297336174108 -2483.0248356025418 -1664.6134613075426 4019.2527124776548
39633282660302955 -1838.953680154917 -1246.8899602369004 2860.9451973566333
39633297352953540 -1897.962946066354 -1366.360857573884 3135.4457754507343
39633304571348902 -2474.6119034542216 -1799.202571298347 4166.654111901259
39633304571349004 -2916.4589210108434 -2121.622659783435 4916.83268863819
39633297361341063 -1521.8181406781734 -1125.035669310432 2536.521176615387
39633282685469084 -2374.886821094174 -1764.5347628697455 3834.0551189186326
39633304554571031 -1901.1222834953733 -1294.2801994828562 3138.415089399671
39633282681276951 -2064.0771681507845 -1525.1319632664279 3306.270565412868
39633275219610212 -3051.4198097629537 -2265.55196915297 4809.686493979873
39633293708100828 -3313.3244190011965 -2311.2575182245523 5351.858951231919
39633300985219598 -2864.3747389335103 -2168.0190547148986 4858.5244520204815
39633304571349588 -1844.8031153400382 -1345.5090919069867 3114.4107596582357
39633297369729247 -2383.200090138039 -1812.8937946290673 4014.9974301393236
39633286355486827 -3046.736720335456 -2036.4990446795894 4762.648665509157
39633278960927249 -2850.6811325949293 -2106.518971470862 4550.846103652931
39633290050667559 -2317.222762413847 -1626.5491516357513 3736.6636557647157
39633304571349190 -2292.4438966898856 -1669.0698184212324 3860.7364690340755
39633300972634851 -1916.8408840715902 -1375.7823119893146 3198.8340845933576
39633278948347652 -2973.1957391780857 -2126.9329456130163 4679.699373892997
39633297352950822 -1845.5346073921771 -1314.6378562359528 3039.9147962249435
39633267674054693 -3407.1221799959385 -2461.1047645994845 5241.98118378024
39633282689664039 -2422.2977422371214 -1830.3761682963761 3937.8311980590493
39633278935764105 -3194.876259073434 -2181.069398138723 4938.819787126088
39633282656111093 -2163.63877168418 -1458.67925001366 3372.3830873837196
39633300955860064 -3142.449865468213 -2141.1751344934723 5137.768803074662
39633286355485546 -2595.9596742979315 -1727.0572227532114 4068.0938985393254
39633282664499135 -2789.892009507643 -1934.5885064352333 4393.667017952242
39633293695519905 -2834.3577472600277 -1903.4392501903528 4533.381653801096
39633267661474735 -2243.15384461963 -1566.0253614930568 3414.0057864805826
39633267661474623 -2786.586872570329 -1944.7228775252097 4239.79401405778
39633300981025390 -1697.1970698627379 -1266.5807151522781 2851.511936008554
39633278927373101 -1352.5536354501237 -887.383955146973 2079.2194674610746
39633300976831848 -2663.363692589759 -1961.206258350032 4478.11547952995
39633300976830530 -2124.4600394094296 -1556.7958417728269 3547.3787903628822
39633293733268958 -3237.8899903545075 -2497.7805844999266 5436.649246459369
39633300985217683 -1135.6865069795829 -852.7800633241828 1921.9898207885442
39633263865627500 -3420.0118539191094 -2421.9042629913065 5193.67401309804
39633278969318032 -3118.6696547677766 -2392.952195422311 5028.952959286966
39633286368069220 -1986.1131126725866 -1387.7539294731082 3162.8811039045263
39633278935764200 -2241.7983389435144 -1530.9806904605828 3484.4134651298127
39633275198637039 -2166.8927410197102 -1479.8524823480757 3315.8072155724403
39633297369727486 -3020.1206531801063 -2281.2353433595727 5073.265143795608
39633278948344557 -2209.393530911432 -1562.2279549408784 3472.6723357133737
39633293733266952 -1896.752700389455 -1451.646254141562 3171.7992084160696
39633293733266880 -2036.237764273339 -1557.8786071382328 3402.5035962615825
39633271440540175 -2911.0217779794502 -1997.67304607044 4423.981246242105
39633290042281281 -2401.1096865854493 -1651.1025710846154 3823.951522524491
39633300968439910 -2848.5706718325328 -2007.3588619251982 4720.6956226460725
39633300972635229 -2617.080112018468 -1881.8392074871692 4374.306262398577
39633304562961170 -2374.427873055579 -1676.4397153262548 3956.2685673664414
39633293720685930 -2555.3927709330283 -1884.0182367364043 4227.661110838177
39633278935762495 -1718.6348842505408 -1165.4936540007068 2655.9920484758063
39633271448929175 -1947.4580270106119 -1378.6045314547305 2999.1397147386956
