create_files/QSO_3_clustering_data.ecsv
# %ECSV 1.0
# ---
# datatype:
# - {name: TARGETID, datatype: int64}
# - {name: X, unit: Mpc, datatype: float64}
# - {name: Y, unit: Mpc, datatype: float64}
# - {name: Z, unit: Mpc, datatype: float64}
# schema: astropy-2.0
TARGETID X Y Z
[from data line 1491]
39633396133005501 -1519.2439910352768 -211.75619290997813 2725.980065536942
39633402013418341 -1233.4309653830499 -148.05052890730232 2260.287202535735
39633410695628841 -2090.9970302118722 -383.36511156824434 4014.360304370182
39633402013418858 -1713.6086335695738 -207.8254605022935 3141.005423057648
39633393167631728 -2660.051144272732 -435.68518266585284 4749.586008978673
39633399098378143 -1504.6999597505242 -237.4491430658362 2753.107386266042
39633407830919268 -2183.9579849868337 -394.87317364151437 4122.248706897593
39633419134567365 -2498.1826831517224 -412.64399283538984 4922.373643106787
39633410695628963 -2641.4861128673056 -485.3770982841975 5067.022650714705
39633413535171767 -1731.1680093687742 -316.076159853617 3340.208872512019
39633402026003587 -2822.655533675254 -436.4886796261825 5208.222762858682
39633404924265839 -2613.8184186346543 -343.23288766662546 4844.601100700876
39633402009226766 -2208.0042040438598 -259.3700114424059 4046.439369959962
39633416324384090 -1187.9060301879244 -149.48947552658046 2312.1798678692676
39633402013417631 -1982.1037877661072 -234.53754790514083 3633.1187204648472
39633399081601684 -1898.364381652142 -234.69113530814064 3441.1777329872793
39633393155047803 -2734.612899235645 -366.5273080968687 4900.816027795837
39633402013417692 -1791.1147397695263 -212.22046478588388 3270.703887250703
39633393155049348 -2883.861655608837 -397.1702462910847 5159.372058462624
39633393155049807 -2714.605661516161 -376.58372362316 4852.879644691278
39633407830919197 -1657.00499183068 -299.3684974215952 3141.6348205296185
39633413518396474 -2141.5933104979276 -321.12361760467945 4095.0581196438525
39633413535172726 -1489.7125582634721 -276.3029937952372 2893.295709552862
39633410704017660 -2569.948638083068 -521.2759497406132 4944.886333106179
39633396137201187 -1505.808929729852 -227.2069034090044 2711.6134243020397
39633407830919576 -2108.919738152073 -382.9568927625199 3995.5166196472833
39633407830918098 -2764.7816478047444 -491.5641420788338 5239.642044569466
39633413505812562 -2439.9328076345473 -285.72274881516296 4668.206912310281
39633413505812566 -2447.8447203319756 -286.6579800905525 4683.498123277065
39633404953626673 -1124.747808917082 -223.99066769226454 2112.416985929097
39633410699822986 -2108.0849762670687 -405.9393445514987 4042.1965479149376
39633393184407875 -2775.2032343906194 -547.7759273561137 5011.347519470573
39633404915878730 -1375.806397876711 -159.5822031483159 2542.536473030692
39633416320191510 -1555.2544193781164 -186.15449522902236 2998.317736484283
39633407801559597 -2402.7695795551904 -280.65383831445826 4506.597102856674
39633404915878183 -2405.585814838843 -276.00336849871087 4444.182758434054
39633390168703738 -1719.2278884719633 -276.5125163912306 3055.1114856997783
39633404920072886 -1372.2153520458223 -172.0934485321613 2555.7491507972454
39633393180215415 -2427.693026634662 -469.9377979844686 4383.8308193813655
39633396128812254 -2043.5779738132765 -271.8532691556071 3662.8783895547026
39633402009226566 -2825.442215856939 -330.5713135573014 5192.645923367064
39633402013418106 -2921.2623473185668 -349.1365972369625 5374.543000243505
39633390164509377 -2178.1943532380055 -330.02393600803555 3871.434178020043
39633390164509350 -2232.4823921574452 -338.0990698618566 3969.798301100455
39633399081599798 -2355.3015546601714 -280.14722288751966 4290.217609425643
39633424645885435 -1332.5302809694115 -206.44692637081508 2680.308981953407
39633419117789634 -1795.2296398105698 -223.9335453589382 3506.9847370714883
39633402009225484 -1985.4054985472153 -226.97160579575032 3658.9644065257035
39633396128812352 -2339.511617765128 -311.7591831920409 4197.937957713012
39633410666267088 -2237.834855476417 -251.94394435966197 4235.279289464894
39633402009226163 -2275.897161641811 -264.03779468354395 4181.145618166612
39633413530976981 -1791.1904909517734 -307.1293577803855 3440.761210651004
39633404920073366 -2202.757208796732 -278.93723433677394 4106.285348351912
39633424658465799 -1594.023047701092 -283.58986608993655 3209.149979140137
39633402021807094 -1974.0413075513331 -274.1677594500609 3617.7985657372337
39633416324385758 -2989.961552357117 -387.27767501630626 5820.277988389753
39633396145586423 -2924.8853570914953 -472.94012736550826 5289.793970846647
39633402034391094 -1894.7519503492329 -320.5693728828197 3510.7518646243607
39633393163439690 -2076.212130737134 -330.767350377109 3705.5856945341825
39633410691433425 -2010.1498513541271 -343.09142093470564 3818.69757582978
39633399127737951 -2994.277220513159 -668.2567437947512 5527.154651309708
39633410716600144 -2155.367417432972 -497.6206243859256 4168.913517531927
39633410678852587 -2456.882841107369 -363.2933155088347 4650.622671829995
39633413551948355 -2273.5403635495154 -499.2900743996416 4412.005372758222
39633413556143042 -1425.4210732625977 -328.0547276008303 2773.4416636769834
39633407843501307 -2090.003511538223 -434.6289175332544 3977.684614698079
39633413510005775 -1739.5171029534692 -215.586621791407 3346.577471555012
39633402034390959 -1504.4909499549888 -254.03724195657045 2789.7753295530442
39633407801559373 -2283.6838458740453 -265.4025897202137 4288.422097682136
39633396124618239 -2043.7754529371423 -254.7000876028778 3690.8198995415296
39633393155049726 -2346.7103156767403 -325.0772771387629 4174.966130808328
39633393155049623 -2704.310737779152 -373.98557131151506 4811.539439487688
39633399081602374 -1430.6039245056827 -179.66415243623584 2589.408723378264
39633416357939426 -2931.3735353440106 -609.6487262682207 5738.268782675115
39633410691432711 -1572.7684380413666 -265.087785804062 3004.163613075037
39633393163439965 -2245.9130838501524 -359.48716308550274 4010.147955151067
39633393155047618 -1745.5676702787603 -233.22059459462753 3126.9854919798468
39633390168704969 -2182.204073634411 -358.1366924042587 3872.7959185896502
39633413535171970 -2188.0843899903166 -400.93956816478953 4210.060926962997
39633399081601844 -1670.2179434951925 -207.29943523493057 3030.919423205976
39633393159243923 -2341.4783628610844 -343.43541299203565 4161.861535381461
39633393155049973 -1950.940893645866 -271.44368716672074 3480.658825133556
39633410695628743 -2464.7623402967793 -451.1446082536479 4734.280437598257
39633390172898702 -2504.616157325429 -429.38273712492787 4433.070153898933
39633390185482119 -1120.7875571279808 -224.36438355761513 2008.9235108911855
39633399085793801 -2866.5553224685004 -364.465180310236 5187.681758287146
39633390172899134 -3002.330144092191 -517.8973367325266 5315.64561622892
39633390168705866 -2419.5931498577834 -404.18966899536974 4275.181452141012
39633413551950028 -2049.5750785590585 -460.557512214977 3980.9841282663892
39633424645885536 -1072.3965047874008 -166.4058151828441 2147.261310004134
39633410716598756 -2238.2128418876505 -507.3936228136535 4304.503061342791
39633393155047502 -2501.0937743064783 -333.406876306826 4460.138457130796
39633393155047827 -2224.0657277729742 -298.23093458910165 3965.8067046667225
39633390168704921 -2299.6447361492005 -377.08098247732113 4071.23236150391
39633407801558626 -2106.977195609535 -241.06581863625604 3948.780016495675
39633393150856366 -1869.4972695961376 -247.54796926986324 3339.25780335471
39633390172897463 -1613.3825564083336 -271.47158168961437 2848.4787286807464
39633396128811956 -2722.564613066615 -360.4648162635534 4898.241397552625
39633396128812007 -2521.4085264966307 -334.11682119154926 4537.26571823149
39633410666267366 -2684.887256042995 -304.33638222080015 5055.625779623038
39633399081599302 -2510.4223942587573 -295.1159113945526 4571.50779253381
39633393150856609 -2168.2345956995237 -288.16717145639814 3885.5950929165065
39633399081599761 -1534.1332281741534 -182.34326010527352 2790.769195474364
39633393150856599 -1609.3731843573614 -213.849868673263 2882.199726036072
39633399081599800 -2885.1137521496835 -343.17580795440387 5239.106358513983
39633402009225917 -2833.3153288418416 -326.9165615588106 5186.105157183138
39633390164509337 -2481.225679402979 -375.70170904741474 4408.2349070785585
39633393184411113 -2789.029467129852 -572.6097777552172 5036.740323736779
39633410695629108 -1499.2753838866001 -276.0758728750996 2882.241409849343
39633424645884784 -1453.2572021578096 -222.83784367776215 2918.60885416112
39633407801557634 -1594.4491878902954 -178.3041093430385 2993.7168011560857
39633413505811849 -2117.199443628313 -244.46411162555466 4063.8152029406974
39633390168703910 -2771.7062337864945 -447.0372519629317 4913.757810537446
39633419117789819 -2451.770303945995 -307.2295630759578 4785.3279482507505
39633390168705867 -1356.7094172846603 -226.63673393315406 2406.7838013030473
39633399081599738 -1902.7768843554416 -226.0855923513825 3465.554386107428
39633404915878604 -2913.495324290608 -337.13244368745063 5399.168863683717
39633390185480460 -2753.134293089849 -538.8430862827197 4905.321475260409
39633410720793352 -2163.6344376369148 -513.359672900168 4175.421499605881
39633410720794130 -2103.3361039141 -503.8008986331319 4081.698399512773
39633413560336665 -2018.304624888294 -480.5770306551813 3938.3487224457585
39633410720793967 -2979.105366610825 -712.0454182422516 5761.22655527237
39633413560336524 -2459.5295919439927 -584.7684446449374 4814.322983271605
39633402063751324 -1901.2668763106606 -447.75335600746763 3554.084094999765
39633390185480232 -2736.476260772986 -533.673236671183 4881.747776393048
39633410720793249 -2000.4701725822092 -474.13508084932295 3863.978705104245
39633419159732888 -2635.787490661573 -588.5273869790027 5261.180895094103
39633416324385066 -2354.706453745547 -301.57796751709685 4536.400832589064
39633396153978193 -2007.5450753675796 -375.8662930355198 3649.2708711493383
39633419155538500 -1609.5373184257105 -342.03469712256475 3209.961465107234
39633419155538476 -2163.1227023066876 -459.5439821704263 4311.61616436807
39633419138762617 -1501.877497817405 -266.26085372071367 2946.387717035458
39633421911197728 -1892.3845055089387 -340.208703584107 3759.9387521751023
39633396149783403 -2137.4011436672035 -378.68989415836705 3858.082517412651
39633404936847622 -2086.96047404407 -327.04572578937973 3884.418787494685
39633402046972632 -2399.068658926575 -465.15745279176423 4472.733424862851
39633416357937602 -2199.39720564201 -443.64125001164354 4294.023476628682
39633396137199760 -1519.0172670667794 -224.2898106391058 2736.0523498009206
39633413551948891 -2785.32765169068 -616.3720083887598 5401.311124051975
39633399102572729 -1965.5848179288073 -329.7769427994442 3579.5197179576544
39633421911198070 -1722.6862588641673 -311.4430353004627 3424.060530241189
39633416332773746 -2925.0673983871825 -433.23796820340385 5670.1688534218165
39633413518395178 -2441.4137930611337 -355.8493205550189 4667.452628997419
39633410670461218 -2215.241161228508 -268.81225526339676 4181.333652016247
39633410670461055 -2716.4287446569288 -328.5835954822383 5124.4277390834495
39633407818334737 -2319.0661774638743 -344.9183577714563 4369.879781696426
39633419142955879 -2101.1452566113066 -387.1957099264125 4128.299783710599
39633410712406486 -1874.7251165512475 -418.3944208287539 3627.1401228584314
39633399110959139 -1198.218704390385 -216.87452107033226 2195.6530311846223
39633402026002964 -2842.6677089800096 -434.3682451511215 5247.490722650101
39633396166558712 -2891.4212228137767 -605.7376671468587 5282.631178792891
39633399098377646 -2658.069197631754 -415.840117022622 4865.719871435181
39633396137199903 -1903.2379282897666 -281.45904112875417 3426.579547680673
39633410678851880 -2366.5578617144174 -345.23935831827123 4487.1486776975025
39633402034389684 -2161.570764060093 -357.8462986184066 3995.684248204909
39633413547755920 -1903.6286137328843 -412.44364836826435 3689.123473794626
39633413543560875 -3046.6735719519957 -618.6913301412618 5892.893160434593
39633413526783407 -2571.146381110544 -420.6264272142967 4927.592103427419
39633402021809744 -3070.1609685542016 -445.8597848404477 5647.232903580628
39633402055361348 -2177.9527857415087 -463.45543479471223 4062.878629236802
39633419155539339 -1949.888481994099 -419.1128285626105 3865.352415794105
39633393184407842 -2651.634358850484 -523.2284166503216 4783.599506406513
39633416362131553 -2250.9484592117483 -473.2170842989374 4402.9367791918685
39633419134566623 -2017.6796853893918 -328.5600672295467 3983.275907353869
39633410704016184 -3014.8601197116295 -599.005599565309 5787.93221177149
39633410704016154 -2575.3393629328166 -511.4883286166389 4940.938941944639
39633390177094255 -1557.731513349115 -285.67192755381905 2775.5263430231907
39633421898613646 -2385.6030026290387 -349.5289309783293 4707.876709998129
39633399127737512 -1538.1879871921312 -341.21362050844556 2849.6946342217716
39633410704015955 -2714.8112595964853 -537.722558034999 5212.428507946317
39633407826723417 -2236.0787563734584 -374.9456789575148 4201.686400180455
39633396162366914 -1767.8371102703125 -365.14735076897 3220.8626557986295
39633393176020234 -2579.108787256421 -469.3594351280819 4648.801948483026
39633413547754299 -1892.300489209803 -398.99250894071827 3694.3645017676154
39633413539366250 -2624.5739464033863 -504.4314241505995 5082.139695624862
39633413539366202 -2624.3339184177803 -504.1169548351434 5081.428986491133
39633410704017739 -3015.7220154388283 -612.399849560857 5775.619775282942
39633416366327857 -1412.3598249173651 -319.6942211148151 2778.6089805290444
39633421898615588 -2155.3399128241945 -327.3846506150095 4291.770031617447
39633424662660327 -1672.0819093036464 -314.907381910467 3360.261662503204
39633421923781781 -2754.3754164128695 -586.2782366393204 5530.964545669814
39633399089987909 -1444.2399323195052 -196.17290163678388 2640.7038638118374
39633399123545161 -2122.551710552918 -462.677707284228 3901.861330849767
39633410670461622 -2636.9519069454054 -322.4672814199866 4971.509269965947
39633416328579145 -1960.5511431703483 -270.2172656287577 3807.8337136125483
39633407826724699 -1372.3637255720007 -234.64505768954854 2589.175331197758
39633410691433342 -2728.425015782262 -464.95420350463 5212.082495168962
39633399102571567 -2560.806302984876 -422.12081383114577 4693.822686262288
39633402046972674 -1431.3899898608195 -277.697649371173 2665.1073708810522
39633416328580058 -1260.2108533122682 -176.54928364910162 2454.6172125059807
39633393163436215 -2543.676798305824 -385.358034159362 4532.842977506147
39633390164511744 -1688.3892548903589 -265.25957245163426 3000.5278000278863
39633416366326172 -1612.9190431178636 -356.7241068269041 3174.1578627866693
39633416366326368 -1937.3361565066486 -429.6934457755273 3812.4731024703256
39633413530978366 -2947.978397884435 -518.3176272461097 5685.782858825031
39633413518394977 -2344.4404567847237 -340.5383692358342 4484.641722514235
39633404936848212 -2654.3828104461195 -420.1013193567036 4967.496590739819
39633410716599073 -1412.0476698697366 -321.3494797862294 2713.0595358286923
39633410691433962 -2180.989107667568 -375.3116931232901 4148.977126232855
39633410691432632 -1520.5672781030144 -255.9902309025797 2887.221905089053
39633410716600291 -1393.371832016107 -322.3384428559585 2679.6354462429767
39633416366327198 -2405.1595002707118 -539.9261733984699 4732.60048845743
39633402063750075 -2615.6269527757504 -606.9961635940587 4897.155666928225
39633402063750855 -2965.156776212708 -694.8244759777709 5573.1930365896205
39633402063750908 -1928.6109762959488 -452.2911163279282 3623.3144006904145
39633407805752480 -1656.2552671360231 -202.72693395002582 3115.4401601238505
39633393184407958 -2843.286702819855 -561.7713982878898 5125.70335010187
39633407830920638 -2284.803544904626 -422.0272460651313 4320.803055597115
39633410708209947 -2377.2770169685864 -491.8697454906521 4549.409918766893
39633393159243524 -3284.483702687903 -479.3902850477025 5871.066836508034
39633390181287007 -2507.172670952831 -473.71301786656545 4457.935575412813
39633390177094457 -2582.0508644746997 -474.5719990609801 4600.916942134731
