create_files/QSO_7_clustering_data.ecsv
# %ECSV 1.0
# ---
# datatype:
# - {name: TARGETID, datatype: int64}
# - {name: X, unit: Mpc, datatype: float64}
# - {name: Y, unit: Mpc, datatype: float64}
# - {name: Z, unit: Mpc, datatype: float64}
# schema: astropy-2.0
TARGETID X Y Z
[from data line 636]
39632956381202251 -3060.8952040895942 -2334.125459236649 2580.6009540968103
39632976392227675 -4295.402779242417 -3265.3192982247974 3735.7180609669613
39632976388032614 -2890.1331939410056 -2170.2030336581875 2498.644365894144
39632961397590204 -2522.540222219889 -1893.9235069231568 2130.4134648587387
39632981349892766 -2356.810543663043 -1749.9129939061638 2057.595215509539
39632966434948137 -3773.908648701985 -3021.3944608669 3276.852984795232
39632976375450538 -4136.280873360178 -3008.4923569491907 3535.713510337289
39632946281317163 -3025.6344634534958 -2261.0490005710826 2485.6133651636023
39632966434948735 -2814.2409758309173 -2256.96293545692 2446.293568717856
39632961410172925 -2197.7723228425257 -1704.0813276462557 1873.940083883491
39632976392225612 -2605.6182619706165 -1969.661874238464 2266.8225050492233
39632961401782422 -3621.0885502897804 -2731.997788574019 3073.700226027908
39632986299173762 -3633.209966116194 -2728.8714820016944 3202.8086413496453
39632956389589281 -3806.6406187171006 -2954.6487443917567 3214.623454573522
39632951364813997 -3368.048295568128 -2723.3696170221674 2860.989514682428
39632956385398283 -3832.2768653880294 -2969.3080078247326 3232.0938330563595
39632956385398693 -3799.176744375748 -2946.707054717641 3207.5567632019865
39632951331260012 -2739.997301877435 -2035.9440393840914 2261.8742381206257
39632966430754348 -2997.2809530877566 -2375.8223699572827 2615.993620897094
39632976392225741 -3222.449365990485 -2436.7627295431203 2806.9200367070443
39632976417392510 -2369.738511105848 -1918.7212836328188 2115.350697668232
39632981366671400 -2421.6321522723247 -1885.4786590476315 2144.0699593280365
39632961426949607 -2662.781153042197 -2152.370181878244 2310.9055101373997
39632996176757869 -2129.428086157244 -1673.693170154024 1942.5046604107683
39632981370865884 -3390.0561414765743 -2671.753514304727 3015.3944539931144
39632981370865753 -2548.021147908583 -2007.4331210416306 2266.64218844874
39632951352234268 -2640.542670975252 -2082.9968446970856 2220.5401478104527
39632966401392752 -3629.293916826309 -2655.038234429037 3066.489564679384
39632966401392754 -3224.619914388187 -2359.0177144401473 2724.4387084576915
39632961422755484 -2970.014490347049 -2374.7956618730605 2556.6033648670314
39632961401785522 -2489.9714358035417 -1894.3080053117092 2119.944629113304
39632966413977910 -3364.123084872961 -2560.0605677131 2886.5450495121618
39632961435337136 -3263.6332725754114 -2686.9262645817053 2863.5167871418053
39632986320145614 -3268.8867060577913 -2595.9604611305717 2944.044812130803
39632946281318113 -3844.6189737906216 -2879.9070411405337 3160.1531321296693
39632981345699588 -2340.7967832310806 -1723.422287781224 2034.3231641255868
39632976396420118 -3824.56991757705 -2924.9672843780245 3349.866797919813
39632946298097352 -3069.614773931714 -2412.2767018391805 2552.3487625525395
39632986315949703 -1898.7572607367813 -1484.675595461207 1699.6252297827427
39632956377007515 -3300.1572572513314 -2488.849065459222 2766.0616795018937
39632981383446780 -4123.89960132224 -3339.962792112954 3712.770073631385
39632966405589288 -3694.4907897476 -2750.0233179740976 3143.270982949663
39632976396421865 -4383.915653315949 -3368.4104128625745 3840.6107480601545
39632996176757473 -3101.2619122758438 -2435.1317020331935 2828.6576897318846
39632981362475610 -3181.977006628382 -2442.153162431343 2807.850915295063
39632971426170123 -2344.982599452316 -1845.2102192203417 2047.9065344371104
39632981349893431 -2357.0255418524685 -1752.9577794131585 2059.280799069596
39632991235867951 -2463.326284405384 -1844.846194353798 2204.32368248502
39632966405589811 -2892.4940940032734 -2155.94434327168 2462.1635982659022
39632971438755791 -3645.637771784121 -2985.626583910685 3251.4407196974303
39632986307563287 -3088.694780227071 -2374.229831741606 2746.1544941582397
39632986307562576 -3496.277433146322 -2683.249117265624 3119.825935705727
39632976400614408 -3007.5079870660365 -2326.0239639359343 2633.668712057764
39632986303366742 -3181.357789002674 -2406.9094232702582 2818.5247530120714
39632986324339353 -2979.668891825131 -2390.5155663850833 2688.930416392603
39632946289708299 -2209.9988209730377 -1701.238841961471 1823.408555270158
39632951343844632 -3130.003835326732 -2413.1935225118127 2618.3464019389085
39632966426561653 -3704.834136256117 -2915.055164491649 3195.051515414412
39632996164175530 -3090.032748673267 -2354.844641548255 2790.7184362306402
39632986303367031 -2707.0733291273787 -2049.875093373025 2399.644378731402
39632966397200878 -2682.975373583424 -1952.9867727855387 2253.0597619839023
39632966397200892 -4161.294936002435 -3029.1938564943857 3494.2467171784874
39632991235869842 -3594.430911131495 -2705.4179554387224 3210.0236555123493
39632956381203709 -4104.3693869237595 -3141.211498188482 3443.564650085591
39632946285513096 -1961.3354112716606 -1488.6998634046017 1621.6303238876467
39632971438754437 -4290.251881650258 -3501.920695230067 3797.8456372148216
39632991256839508 -4096.387889725822 -3243.498628478784 3729.6589249638328
39632966434948955 -4285.032213238801 -3438.7252722085914 3740.3132786196074
39632966418171229 -3192.999481281864 -2450.0586190668323 2730.4260052980353
39632976392226479 -3147.320514107791 -2384.610190061705 2738.607177097861
39632986307561832 -2630.142449055531 -2015.111855534903 2343.0265832728937
39632981366669378 -3638.0778473948085 -2818.718121356132 3231.396075845494
39632991235869203 -3326.5665151830954 -2499.7799483633034 2980.0543309795726
39632971434559732 -3538.5326647232814 -2856.045080743733 3121.1227778687266
39632966397201813 -3743.115562910748 -2731.4031965312706 3159.0435658868055
39632956406366491 -3421.2290248932413 -2772.5443647223556 2938.158281264517
39632986320142905 -2048.3022058845495 -1613.9015497160847 1845.9259931828492
39632956364425613 -3340.5446342366477 -2442.9894162824307 2769.6689226660155
39632971430363550 -3158.666365197404 -2508.420620782679 2766.915440521991
39632986332727155 -1955.0356668190398 -1597.6397668062027 1776.9501829860137
39632996164174969 -2986.701220885629 -2272.5746465874295 2701.14624039494
39632976375450268 -3544.468773818308 -2576.1146893299233 3028.8291728827703
39632976375450266 -3543.6126848248646 -2575.464156283575 3028.144798944756
39632986290785007 -2632.2187412737885 -1928.7551722937194 2304.721204926926
39632971434560730 -2114.8737465577406 -1711.8541058431533 1867.572036484237
39632966422366140 -3055.6292929879196 -2374.7192684951383 2623.977470567313
39632981387641996 -2941.610511239598 -2414.83866996923 2670.9970046569156
39632951339650848 -3033.504648920006 -2317.1543833828428 2523.40962021029
39632966439143228 -2783.488750924342 -2257.598060569622 2445.481090628626
39632991235867523 -3463.2765125614683 -2590.5148940229005 3094.5856940926838
39632976392228091 -4208.177490752288 -3202.432411293668 3662.502129458872
39632956389589870 -3508.1804965144497 -2726.744937150646 2969.232039847165
39632956368617651 -2694.346135036352 -1980.0181299084527 2242.7768288414813
39632991252647396 -2229.067473577993 -1755.8891981072754 2022.6259379566252
39632981354087555 -3931.331159908688 -2956.4214585894947 3442.6083931705602
39632981349892412 -3258.612139010462 -2417.369335788659 2838.0303750945272
39632981383446708 -3121.667868831513 -2527.7565641676033 2809.0985108285145
39633001075703880 -2060.1929694915934 -1587.0084925324895 1883.8997868173815
39632971413589349 -2725.607987259618 -2087.6659884581704 2363.8618598967723
39632941235570772 -2232.903286986179 -1758.8739050553627 1850.8636218023178
39632971442947302 -3197.28546728954 -2627.5014637428612 2851.9395156097908
39632956402172207 -2984.4424768306494 -2392.7110552356617 2565.866907497041
39632996159982917 -3381.264994015155 -2561.6216719846257 3055.4092230530264
39633001075704460 -3959.6307281189775 -3055.6412571749183 3623.657817782947
39632956389589574 -2883.4515142942237 -2239.612038271544 2438.372387817262
39632956385397377 -3047.390170699731 -2355.812924592843 2571.418250184444
39632991231675943 -2657.554979226272 -1978.035756404135 2368.5446690771555
39632981379254771 -4323.26331197524 -3485.3962525491816 3887.0194404233953
39632966434950412 -1475.822253275083 -1189.9097984173757 1293.378678810101
39632981366672504 -3449.1275253111276 -2693.0304511202276 3053.2836254886847
39632981366672608 -2072.687253589356 -1618.8928704769094 1834.593148157729
39632981349894223 -4208.7495217378855 -3135.791816730497 3659.4756052172606
39632961410171156 -4006.538924195962 -3090.3143417280203 3417.076648416222
39632976425779981 -3407.034095933826 -2810.776381917851 3060.2749789745426
39632991256840839 -3511.624013088626 -2791.3860669667206 3210.6017001098685
39632966443340154 -3194.6270849437738 -2632.8206420396505 2827.16854846931
39632966426561434 -3936.303184631385 -3095.5669926859728 3398.767466819114
39633001079899919 -1880.2240081653201 -1471.8224788251312 1730.136261302005
39633001071511477 -3611.367038979339 -2767.491728821832 3302.221159962392
39633001071510252 -3468.239474682529 -2647.811812264478 3164.6067587007938
39632956381203552 -3929.929125081563 -3006.4354145292086 3293.150855147743
39632991261035592 -2105.3719577912807 -1695.0850013953532 1936.8622705077792
39632991261033159 -3902.073710036429 -3118.346611379468 3578.885903033193
39632976425780347 -2768.8526981166156 -2286.6192086268884 2489.279653686907
39632961414365977 -3021.009306556977 -2358.4799528445437 2597.141590737624
39632971430364130 -3369.00924089642 -2679.7370434808145 2951.8110393704837
39632991261034545 -2976.2161426659586 -2388.090928565636 2730.425205603944
39632976413198261 -2108.7934786815845 -1688.5773035241639 1873.30525360929
39632946289705321 -2770.3314079231236 -2113.7069842436676 2278.258138453919
39632981341507805 -2650.248641649821 -1940.4715453524377 2298.3355694415686
39632966443338448 -1950.0891918416314 -1600.5356715008206 1722.168746699245
39633001071511121 -4008.8489301663003 -3069.0521789642066 3661.1330049821113
39632971413587698 -2639.716553590258 -2012.8504660676385 2276.7808933851584
39632996164175972 -1657.7778159501413 -1265.154519401841 1499.4819984769256
39632961401784889 -3319.1198408506293 -2520.4050228417614 2803.0606856650284
39632976375451097 -2108.2129761995748 -1535.472433841418 1807.1367122616034
39632971421974857 -4002.763385999548 -3108.894539078852 3471.294504448065
39632986307560186 -2045.9194282081098 -1561.1468023961147 1819.112066489308
39632986290786756 -3285.8143193556 -2417.1493865483026 2869.895034954607
39632951364814014 -4270.084483706444 -3452.9147421570046 3643.0758126556325
39632991227481154 -3528.9504786397774 -2595.977525616301 3116.4710804973806
39632996155787676 -2569.7769287689653 -1919.5715272657794 2308.9789948505895
39632996185146315 -1702.325596053859 -1367.354499101637 1568.656367803429
39632991231673430 -4437.022579862679 -3282.0517270243013 3948.194126009664
39632991227481327 -3549.87412388066 -2612.551843531264 3135.5902510906403
39632996155786557 -3793.638958624241 -2824.027066721864 3401.3752002031074
39633001071512558 -4447.093300987884 -3418.494464528228 4068.736252769915
39632971421978448 -3240.944709728117 -2539.196043649783 2832.8857543099784
39632976413199256 -4378.34379229547 -3515.6345158277977 3882.7986988524563
39632991252645904 -1871.230042120929 -1467.9815537290144 1694.7734121578424
39632961422753838 -3872.6267897738476 -3083.748170856441 3335.613616766305
39632991265226944 -3696.2269014552185 -2981.8517928281967 3379.08220981398
39632991231675988 -3052.96850435085 -2272.631884414602 2707.0320756097694
39632981362476397 -3724.1329932838726 -2863.382024663978 3277.257722964894
39632986324337131 -2957.3674368759334 -2356.2835590299173 2676.8556768943367
39632946289707294 -2683.3041817679286 -2060.01860312039 2227.721087045345
39632961397591419 -3514.4055419534425 -2648.1860317112237 2977.440184321178
39632946285512522 -3035.476859048345 -2299.974654245913 2494.293961317085
39632956372815301 -3943.800872192554 -2958.637454705238 3285.1931196592463
39632981354087251 -3013.309563114005 -2264.1569905386327 2627.1541808196584
39632941227182720 -2399.464077811216 -1855.0562130234073 1963.9110522660624
39632986299173744 -2538.7464235747266 -1906.7836044246444 2239.1233330587547
39632976379644136 -3096.4289708438464 -2274.325133048126 2661.4962384064997
39632966397201169 -2674.2813420135003 -1948.1395144808155 2251.0599579444347
39632981379253275 -3510.7990747244025 -2819.340854879297 3151.233016274267
39632966430756391 -3813.092289182536 -3038.5978280488007 3332.400520528525
39632956410560815 -1913.1757732891301 -1567.0604327667563 1649.6916540711384
39632981362476617 -2989.4399864998127 -2299.5798917115985 2651.158950874603
39632996164174705 -3017.1107720596574 -2293.864198663265 2720.7066537333403
39632946302290302 -1544.087607939557 -1223.1452388803255 1285.9377612086262
39632961401783262 -2854.6396153434753 -2158.6683870964207 2421.2489904241697
39632991240063841 -3638.57802405958 -2771.1103983604194 3261.9165025737084
39632996164175544 -2775.801909965771 -2115.4748923632937 2514.3730394379004
39632966430756507 -3535.3881197633964 -2818.1137553015797 3089.864098049327
39632946306484390 -2525.462679312132 -2021.4479445597392 2128.187679147184
39632981370865078 -3973.966623337335 -3125.0716627154684 3549.4124247212044
39632991240063915 -2508.51121966691 -1911.0059796454625 2251.926019913858
39632981383448141 -3018.373232531147 -2453.903177149207 2725.9441135407214
39632956377008249 -3184.6486769285366 -2406.9319671166463 2673.8434389126337
39632961401786191 -3604.5553408254514 -2746.917998984407 3050.1284229495805
39632956377007959 -3738.5199997340796 -2823.122665399284 3136.1314628437503
39632991240062251 -2676.7247370708715 -2028.0002165569663 2385.4681911318844
39632981341506320 -4198.802816490297 -3063.0112580867794 3627.6861547273334
39632996164175028 -3584.575572705412 -2727.9481362752063 3247.965613034543
39632981379254020 -3084.467437642334 -2481.7643999567777 2775.0251732070133
39632971392618439 -4235.086841732361 -3071.5766796553653 3594.481830490086
39632981341507526 -1874.161035298828 -1371.157657963391 1629.572702327375
39632986294978101 -2817.19378098231 -2081.707563693443 2464.6852504185977
39632996159981646 -1867.9873608902901 -1409.8265305617156 1678.357852955649
39632961401782432 -2975.2677850163777 -2244.8338052086624 2521.3595748389607
39632966409782456 -2542.979918669092 -1907.1039351887987 2173.034415393359
39632996172564930 -3200.7282535572785 -2498.94592086068 2911.623612792274
39632966397200804 -4160.015041280774 -3027.5981709002813 3500.081276290828
39632981362475738 -3395.5810283692717 -2606.9833635305095 2989.041857447361
39632981345699999 -3746.327219869141 -2760.7586577710385 3252.1907100797343
39632966413979173 -3494.38334868144 -2668.115584096563 3000.288667599708
39632976425780260 -3489.9429117544682 -2881.4652324302956 3136.233481733874
39632956410561140 -2880.5370645427074 -2361.6135003037984 2486.283650250572
39632991252647159 -3226.013698002779 -2539.6570176452224 2926.248591266351
39632981362476645 -3151.363741343659 -2424.294855222594 2775.7465122710055
39632991240063130 -3063.5486106462754 -2327.9793850227843 2741.6771120681074
39632941239763205 -3690.5722278607054 -2924.4454175413784 3065.123896764385
39632971438755500 -1817.012899422048 -1486.861294684229 1617.8946658240066
39632991231673331 -3301.2662118478884 -2441.3128527664135 2933.5305618733764
39632996155786655 -3751.2305023977965 -2793.2261536097603 3356.109415144137
39632971413587166 -3498.5260920821124 -2664.338455492482 3014.68409055017
39632956406368122 -3979.6997191537303 -3238.6327731603183 3423.8895142080955
39632981349893399 -3416.3131772084894 -2540.5508232377797 2978.7948876597407
39632966443339636 -3733.55509793319 -3073.007783256772 3278.117006247714
39632951356426618 -3065.7004322510147 -2433.2208000554992 2583.7491806961493
39632961410171764 -4336.988055772196 -3351.0190451188105 3698.919827863138
