create_files/QSO_18_clustering_data.ecsv
# %ECSV 1.0
# ---
# datatype:
# - {name: TARGETID, datatype: int64}
# - {name: X, unit: Mpc, datatype: float64}
# - {name: Y, unit: Mpc, datatype: float64}
# - {name: Z, unit: Mpc, datatype: float64}
# schema: astropy-2.0
TARGETID X Y Z
[from data line 859]
39633416991277456 89.96614763703228 -1886.9708409547447 3632.3706186593713
39633399765272847 22.088584704263884 -2354.2282221963583 4263.820803769714
39633422544539412 134.3654995857495 -2626.0073261919674 5179.88922289871
39633419772103905 99.85732942546313 -2720.770847371608 5307.692625639249
39633419772103953 100.25835199118612 -2721.8216147878693 5310.177122211956
39633427997131361 89.82084341120661 -2533.4942787601185 5068.099399026517
39633430660516046 -40.47743183824673 -1661.1317652677485 3365.931666254847
39633416945143899 -70.85854090801267 -1482.9591629716692 2853.7292125937083
39633402692896444 32.99799919813933 -2662.876288994704 4833.4797842786065
39633419780492029 100.06249242283708 -1876.1180465282512 3658.772043539912
39633427967771001 -73.58174956125798 -2212.0765063930835 4440.099792983123
39633419730162071 -103.78411444740317 -1824.6525965141816 3530.909640656722
39633419776298317 109.09379864710884 -2393.3764305797763 4641.363321337799
39633414151735153 -49.761794526973006 -2564.265218603756 4882.313299278522
39633422540345017 122.5409990216524 -2898.8000804668413 5713.779987843696
39633430677291594 30.23713053482951 -2698.758275986071 5468.795962533908
39633425283419521 82.08869957957637 -1761.670975045955 3503.792649595001
39633425283419664 118.04663970497506 -2516.272716666808 5006.747317383786
39633427997131546 72.0929164451508 -2008.7459613636206 4042.770874485
39633416957723146 -64.35715733618905 -2353.008380588083 4535.039142216909
39633416966114053 -4.760395645166446 -1344.9169954032354 2579.947667167703
39633430660515728 -52.1019001200009 -2071.3054036966096 4218.911573798183
39633430677292837 15.439396006691242 -1123.9940682003983 2288.428255065511
39633430677292050 27.568489320424376 -2278.6346292810113 4640.977613353847
39633414185287776 134.6354002083966 -2618.302395780431 4966.761278313081
39633425258253310 -23.0569048709571 -1777.2318325560693 3540.472285448761
39633430685682616 80.37339420932769 -2186.807143770772 4441.3111278592205
39633433344871633 10.59543026911026 -1558.5859616208709 3204.327515980805
39633425283416526 53.64819331438823 -1354.7339536116065 2700.8291294750197
39633416966113368 -12.774700698951385 -2575.255117600092 4950.142658946054
39633425287610946 126.59318761877525 -2556.615430697199 5092.08552392425
39633427997134056 68.11468092746246 -1602.851253128854 3215.055277745072
39633416991280618 118.9478455689282 -2199.9551340413964 4220.266413560571
39633425287610730 80.60579091444957 -1646.6177762317677 3253.5909429598623
39633427959384657 -115.25300166972599 -2425.6568146766144 4879.606807850103
39633414160122152 -9.664606796940959 -2270.2783046009417 4297.289227439695
39633408460064667 -51.508926697481755 -2763.4168047825 5164.7765248588485
39633414134957976 -119.34443243893385 -2124.205575050697 4023.1797246176648
39633425283419022 100.4077691434639 -2213.0210483673163 4391.835202536529
39633422519370561 -22.40484154293222 -1780.6341090399485 3507.750127254462
39633405570188201 -94.35770042189021 -2411.1983124867693 4441.439479836875
39633416953530883 -70.65308449185183 -2175.2246042058846 4178.6129544449
39633408455870386 -60.58836673421896 -2183.034410332167 4052.7224549686316
39633425270833553 27.863181151111597 -2646.652628201886 5226.135531717692
39633422506789263 -82.49523603454867 -2190.931094226151 4280.945945846004
39633416945140500 -153.92057991381782 -2789.470544494425 5343.714513793149
39633419730160083 -113.89276869731951 -1862.2985317100201 3625.4695177855647
39633416982891850 76.88067220883336 -2136.2814601969044 4119.179591796264
39633419738550262 -59.757951677760985 -1557.0538031085803 3040.1656292169787
39633422515177650 -32.77850688159598 -1691.5849747435204 3324.7954906322566
39633405574383933 -66.2852601393558 -2469.8235642087693 4564.668606417648
39633416949338183 -99.40691390006955 -2592.312968069756 4989.144552913395
39633419734355688 -100.68605127238094 -2041.1803332878212 3947.023009248811
39633416966112986 -16.92945317918852 -2919.3883149560893 5608.450306199165
39633408460065787 -33.949336399808544 -2100.6781729241397 3915.8467468693816
39633422540342037 72.45341451654625 -2069.0908862744823 4051.6890912286844
39633411333164601 35.127219340045336 -2082.192757818218 3908.734841960185
39633419742743812 -54.434444461125096 -1777.7294310919012 3469.9382316030374
39633419742743719 -61.71536037913326 -2003.2509846908779 3905.7484042874976
39633414155929803 -24.418362386800332 -2389.0537892796306 4531.515046859441
39633430664708139 -41.84028020603232 -2135.490914712919 4352.463626893363
39633408447483666 -73.2872556443794 -1747.4023825177085 3239.471363779975
39633416949338304 -59.936403393318535 -1573.6288801635285 3029.6271839489987
39633416940947631 -140.69981375805477 -2279.212258540942 4371.5958342171825
39633425245670889 -73.34275455225499 -1796.9688579657202 3569.103909873841
39633433328092852 -54.096561263115184 -1504.3656134390021 3081.1566836373504
39633430681488650 71.63142566331831 -2632.989153835058 5364.058195422068
39633430652128281 -61.7468487746394 -1437.7746238785503 2925.530792588941
39633419759520184 15.115494328951995 -2642.3597798458 5121.231782730881
39633414134957853 -131.35850747152506 -2325.2335969098867 4440.045650626937
39633430656319889 -87.31056201856337 -2272.7024144927686 4606.903899993502
39633427967770714 -59.70357421338352 -1762.4415747469454 3523.513827781038
39633416957725476 -65.80578818704574 -2838.886027783793 5473.592163659582
39633416953528855 -98.4144296993296 -2696.2205455945136 5179.4661876085265
39633419734353500 -127.76916497026542 -2366.9091992002755 4609.683128814551
39633422515179388 -25.70237963343742 -1647.2701871024603 3235.273723625884
39633425241475977 -94.28544470836147 -1804.5446575219412 3574.7167324060833
39633430652129379 -93.44488823002155 -2298.6773428556958 4679.461432398017
39633433328091909 -85.66952462898793 -2256.142108824691 4605.7085303621825
39633416970306238 3.252967714696827 -2084.2417873418735 4022.7055662256116
39633419730160594 -136.39845178331325 -2267.6933551529105 4427.522478915805
39633414160123658 -2.82527512849183 -2050.1838186524133 3910.4679522164297
39633408451675770 -119.64737501655368 -3170.108889438674 5899.020234092326
39633433328092005 -64.90166594896631 -1717.9339629272042 3509.936443447608
39633425237282252 -156.25559152925396 -2614.1971788826386 5182.884135098359
39633433328092488 -39.2918636575825 -1068.7187754010195 2189.433604935206
39633427955191435 -134.92997752344678 -2448.112143083038 4935.529826630488
39633430652125915 -127.12967589293424 -2661.822065544539 5396.411135357016
39633430647935312 -112.2163074847591 -2239.6967648271407 4527.895286361872
39633416945140321 -161.97520771564788 -2916.3159368380825 5591.74602726804
39633419730160344 -98.96184292447114 -1632.9155567653606 3169.423884218677
39633430656320593 -88.01208584460804 -2394.5894636571256 4882.121993398602
39633430681487272 56.56463605114649 -2337.8165286277476 4765.155484216451
39633430656320657 -73.86895181541486 -2016.9193712771205 4112.404138299739
39633427967771360 -47.27452486975255 -1460.556861596342 2915.3937219674153
39633425245668530 -128.69704917755766 -2806.003892164138 5567.3030411056325
39633419780489622 144.3224443393611 -3001.733800459371 5855.102583676993
39633414160123117 -5.821434383212858 -2299.0835665539753 4377.926330797523
39633419780490751 113.28090555661113 -2244.264661666915 4378.70950762849
39633416953528625 -48.58289162813402 -1311.9126759491128 2526.5618114278745
39633416961921373 -25.501635278590886 -2535.084539497845 4864.777770142401
39633419780491871 128.26834529605424 -2420.4647231653557 4728.641780345467
39633414185288761 80.65413478318017 -1511.948871391159 2871.0379174936015
39633427967773088 -49.16276806827328 -1739.6360980126965 3489.535959257518
39633425245668363 -109.51195517590591 -2367.8932656325187 4699.873756652253
39633425287610595 135.45728302249879 -2783.6982263196223 5516.985747987713
39633422498401567 -99.31007705501412 -1824.1263689524776 3573.099325167838
39633416940947109 -161.22941784117273 -2566.7423477034176 4916.374766333258
39633416940947006 -137.38310681177407 -2181.421609570537 4177.958780299201
39633419759520190 11.62805626721111 -2027.389828426297 3941.065382573672
39633425287611277 116.67350342239259 -2320.295714929463 4593.307313794017
39633416991278883 120.74127722488386 -2393.8168752234346 4596.905407186541
39633416991279511 118.1467530478966 -2282.965228518265 4408.113450937935
39633430685682651 89.09769445147474 -2417.272907689599 4919.395577144337
39633428001326014 60.9652586174018 -1327.4457615683195 2661.660001544952
39633435995668837 6.130769432502094 -1070.0198986870291 2206.4694232041193
39633433353260545 37.491585910171565 -1316.9464446209533 2687.1981346290695
39633430681488188 69.37000881878268 -2640.2993915990287 5373.85399774519
39633430652128515 -90.37128506438627 -2129.6954213755803 4323.281201727643
39633416940947995 -183.0733170964701 -3004.181405698545 5757.059412896044
39633430685680644 80.8252872560939 -2540.1402905148893 5168.744208665198
39633425241475481 -125.37643553055742 -2353.692289744711 4672.519702430637
39633430685680269 78.78871642764672 -2543.50752339794 5174.718527035447
39633430660515445 -46.21225185200382 -1789.4754488239944 3646.7391986793673
39633430660514292 -67.31033445972993 -2387.0783617549455 4862.4762334834095
39633425241473448 -136.03986854689788 -2379.5767334422208 4707.81547185726
39633433344870863 9.904310974406208 -1944.1076166662244 4001.6474440149445
39633435991476824 1.834173113212127 -1646.659312736794 3399.13552357766
39633430685683032 80.36975274924495 -2128.1011571265553 4321.152536166404
39633430685683552 112.38369763513151 -2876.699828201365 5837.807125846929
39633433344872313 14.106996666061617 -1664.960745635199 3419.4577018289833
39633416991280513 105.78576594231792 -1965.1110584381172 3781.8747908072382
39633428001325269 85.65891490227443 -1938.190468948862 3881.4316550033177
39633433353260361 67.59221733515538 -2414.343534175612 4940.5122314578975
39633430677292023 16.568026360425414 -1377.8668517528638 2791.5097591892445
39633427997134342 75.56310089079795 -1749.376385378875 3507.734856710485
39633430689874470 92.51853918552568 -2284.5058510058984 4630.08968058597
39633433332287043 -44.97275603967467 -1749.2410966839914 3586.7981503112906
39633428001325549 72.4229821501273 -1613.2161697851056 3234.6997505182953
39633427955191243 -130.12591841164115 -2344.0045019668546 4686.834541741249
39633425241474175 -130.7620045195211 -2341.837546856499 4675.178819804783
39633399752689792 -28.456528415815082 -1574.8560744679107 2828.1958731435625
39633402667729847 -76.17187213919586 -1767.0674230787656 3210.1646580744923
39633411295416593 -191.55799994785576 -2936.9309058284175 5509.614862603326
39633422523566082 0.4030287963265338 -2262.2780717557407 4453.204929093055
39633402692896248 22.407672331271318 -1873.2708266964821 3418.154246864491
39633427976160984 -22.442587287132582 -2075.8205452505968 4183.475475955468
39633411316385071 -64.44362080642655 -2580.5061855503127 4841.395943245791
39633419738547641 -103.3700544055756 -2346.931776615104 4585.350300147844
39633422540344048 93.72930446886481 -2348.6827145800817 4612.834862341638
39633430656322660 -61.18333020274636 -1911.2289069547883 3858.495910466579
39633399761078843 2.4906075480090686 -2094.1815362183984 3786.414208184781
39633411312190672 -71.55390002810084 -2098.7554002236793 3953.649241944886
39633411328968408 8.5733236333377 -2580.896681703017 4862.354057040064
39633402697090857 41.85954574427807 -1919.1671421405135 3514.939703864214
39633411307995172 -123.50003714623114 -2673.980649531289 5053.579754277042
39633408472650387 17.227791695290062 -1311.934199570563 2433.794623734204
39633427976160792 -22.01748730512636 -1974.5163413613413 3968.2307408489232
39633411312190799 -76.69687878496558 -2269.00181918794 4276.310999458128
39633422536150880 53.54577188128287 -1645.2192407436944 3217.6523964921857
39633422540342869 80.0985815303845 -2170.3660595787705 4254.616802959403
39633425270833361 17.40157700444405 -1725.0017264189296 3420.5760395021275
39633411324776401 -2.4939206148262314 -1393.4743390402812 2631.9568334552705
39633427967771583 -34.6875432602272 -1089.2139968622862 2197.5225517164977
39633433344869894 7.5388464960575385 -2508.28590967845 5120.760745546575
39633425266639565 4.169501187303523 -2630.223877514512 5199.010701280326
39633411312192319 -67.9340037103496 -2229.803788554404 4211.879591909214
39633411312191865 -57.134598952773764 -1815.2073689936533 3431.1384682127486
39633411312191530 -66.3116702574795 -2055.019568808247 3865.945306423606
39633411316384533 -70.08467147666647 -2680.83762156191 5046.365129189622
39633402697092027 44.7774377788796 -1864.2868268217755 3410.6392797581198
39633430668903244 -9.226852471910053 -1116.230437064224 2252.227958726339
39633405578578625 -41.39216813355748 -2430.641982645246 4493.988161952489
39633408464258169 -28.676976630190595 -2579.4995296591605 4779.829248358865
39633427988742799 35.153726236877105 -2179.598402066861 4396.002380964603
39633408464258273 -24.981504182582405 -2294.163280705852 4251.2951772190145
39633427992940721 73.28398322138668 -2191.966918553021 4413.504354013007
39633422519373452 -12.039336555485157 -1821.7255145443733 3557.8854586880443
39633430673098724 9.028558666247092 -2084.6383382667987 4206.605630736561
39633411341550720 76.23666667116748 -2529.5722942839006 4766.232626803339
39633411341550801 58.559788132808876 -1933.479667315338 3644.032952416189
39633408472646894 15.915163604646343 -2336.2210103257903 4342.252123350237
39633408476840607 38.41328130666231 -2574.3302361602505 4794.460684922086
39633419730161891 -144.16438517074818 -2518.558194829118 4879.660079169785
39633427976160584 -20.57383213869071 -1774.2807311210297 3561.6169501757463
39633430673097315 2.1332245312739073 -1655.0977972768155 3368.561551412993
39633411320581701 -19.778105356083188 -1798.6323539633506 3395.0349233133547
39633408455872457 -55.513387766678946 -2398.197875426051 4472.954692500712
39633422502594993 -53.90017299404546 -1142.422028852999 2245.0182299763237
39633430668903801 -10.666554404147195 -1490.811688682312 3032.237149958594
39633430668904301 -10.442621230346637 -1694.4456669838596 3435.172313031681
39633430668903410 -20.440091501344188 -2572.6168190631292 5238.28808343538
39633430668906085 -5.71872787214025 -1940.5281269927484 3947.5603127925883
39633430668905772 -5.6535471368766 -1612.4262971972908 3281.3022211390207
39633430656321447 -88.45066540175043 -2540.708364196414 5129.474943681318
39633414168512854 48.988738441154744 -2526.783472345483 4788.138813142823
39633411316385720 -62.32594271480505 -2656.4662837424357 4992.134280102017
39633425279224485 64.1091409903502 -1858.9066222181214 3695.6858161483974
39633399761079242 5.265637829621246 -2517.720965288356 4565.001816723669
39633422544538091 117.37703217157762 -2421.589427895563 4745.689072507817
39633414143347867 -87.72794445383033 -2525.4279386374124 4820.259918857865
39633430668904579 -10.953780967114472 -1914.6190530450629 3893.9327343382147
39633414151734079 -44.045574964223505 -2039.270420191024 3880.047988534287
39633411328968770 6.852089943575816 -1658.1317622727536 3108.5198659034336
39633411341550081 66.2839080616497 -2297.595973871429 4301.857644097633
39633414164320413 33.68242262116851 -2456.6280004095347 4677.636509457629
39633427959385745 -112.90236414194504 -2494.9865658002423 5004.334783536326
39633430668903483 -15.154685246230516 -1948.0863883605884 3955.6387367738475
39633414134957180 -141.0930123942707 -2426.9808139280967 4609.618593594204
39633425270836230 37.047502647509106 -2228.7257448936084 4406.362742926666
39633422519373745 -10.555658393672731 -1778.664559781717 3487.239285892172
39633422519373915 -9.895957243942114 -1774.8039234852918 3476.635471066499
39633411312193535 -70.18165184449612 -2509.577498189822 4722.368318205152
