create_files/QSO_1_clustering_data.ecsv
# %ECSV 1.0
# ---
# datatype:
# - {name: TARGETID, datatype: int64}
# - {name: X, unit: Mpc, datatype: float64}
# - {name: Y, unit: Mpc, datatype: float64}
# - {name: Z, unit: Mpc, datatype: float64}
# schema: astropy-2.0
TARGETID X Y Z
[from data line 1287]
39627781679612396 -4268.43440688111 128.74059629323068 -12.372320158756422
39627787761353528 -4914.183326612652 -68.07454995258325 0.3827489765232817
39627805855584912 -4410.474101549054 42.35062066353653 57.42062216087862
39627757524618079 -3920.656643883242 92.31345970314132 -82.34041664110065
39627769595827755 -6360.99932064377 196.21919614154197 -80.31764984320428
39627775635622956 -3537.0441882278487 116.44000518208861 -31.92574721823366
39627769633575888 -3771.813503396516 -30.752096300927615 -54.882345656860984
39627781696393558 -6947.975889042773 63.60560945259927 -23.250540593967006
39627823970783995 -3902.648176558636 51.68069621569015 96.94057540290774
39627769595825808 -4718.108469671336 152.47691813281574 -52.27973659295605
39627751505790324 -4890.8317337215485 15.997849504445767 -130.0087914972507
39627793796958679 -5780.162463757145 -61.85768300280024 35.341559894533646
39627751489012953 -3166.5682471393093 66.32638118241546 -77.23987709468202
39627751501595117 -4197.669558429357 35.171207001686426 -115.22917453498394
39627751489016557 -4267.552255526505 76.1697525954997 -109.79191856246436
39627793784374647 -5249.791938345848 17.041080823243345 32.202351229118754
39627775669176053 -5299.644148150985 -5.737008515076683 -38.626356905257495
39627799794815702 -2814.838040883033 88.7557706009942 20.206901989215066
39627775652397541 -3285.4763907286065 56.265018708417045 -32.39316693088155
39627769608407592 -4119.040118535628 82.02914020990326 -49.853437605829086
39627817930984610 -4913.215791120722 71.09704509117232 110.30930689572203
39627799819977455 -4643.119919261516 36.93706760565909 50.04027284565078
39627763564414933 -4695.776515751414 114.27808926312028 -77.99393414239064
39627769637766436 -4323.864546449471 -41.44066205061601 -64.58352556165248
39627793755014275 -3572.9324359290526 121.08153574353469 8.756282612164553
39627817930981846 -5187.693372040941 88.33546136847607 113.52780741314011
39627811878603467 -5735.649245598252 160.28748388295068 105.7248849861392
39627811891185106 -5838.210850786473 93.1906719616582 108.73967777645723
39627787757162090 -5130.3136598222445 -60.33202453588785 0.14141035039641164
39627823970781249 -5312.281391899975 83.2806652563355 130.6558481379784
39627805847192018 -6394.688521321189 137.10349500362636 79.46280306367447
39627799794813072 -2854.2137299486417 95.42861247886499 22.91591512301416
39627799836753986 -5712.9780766371905 -50.02861312317367 51.41029519508291
39627781675418284 -4067.159870591361 139.81594871310622 -21.519384576181395
39627775635622282 -3769.500481530754 126.00865477584985 -34.36475881316977
39627787744575724 -3780.164364093673 15.935881449244134 -6.562604606618113
39627793796956887 -5526.216390871212 -51.18551600798036 30.81042160658232
39627775635621078 -3561.47782836699 121.73610977683583 -31.837021870671855
39627793755014226 -5054.962317461908 171.5342010581072 29.100662786983722
39627793755014481 -5810.587984678412 195.78349885892007 31.082602236912564
39627769595826121 -4933.002269806884 158.26376067667948 -66.19516080622579
39627757549784274 -6058.219749513758 -15.871267616595233 -136.7124984461176
39627757549784252 -3554.0168404209985 -9.272482344708758 -80.20869249005956
39627751489016318 -3914.010722315231 70.66462024666762 -98.0595140832539
39627775635622585 -4965.181378098147 164.89877533743552 -43.505350207759456
39627769595825086 -3404.723834380916 111.84118917207304 -38.69013464438832
39627799819976952 -3923.339522536649 33.265501719837125 42.29131876944371
39627769595825199 -4986.453379419045 163.36565634111733 -59.75317373319354
39627775635619979 -5636.337271254723 196.4775223711479 -51.148655769855026
39627769595825346 -4660.763368164386 152.2025784388343 -56.464739186528064
39627811878602874 -3975.8249822792095 113.38137211977559 63.10257473389666
39627793750823867 -6644.381445839117 233.0143294635767 26.004965142473022
39627811878601866 -4066.3564810858707 120.40272937796487 64.97465571473204
39627745461797445 -4097.830599026639 34.16204071793321 -119.87729777732243
39627769633575121 -5959.290609635272 -44.95643908921927 -84.25734622689157
39627799836756872 -3551.6675251829583 -38.96771244055637 33.62679040986742
39627793788570514 -3617.8961142577577 -8.395563927368821 10.968617099056527
39627787719413558 -5579.216535018981 155.7642244398812 -2.5353880543445784
39627775656592855 -6578.93197931276 78.51943633186707 -58.8216472264955
39627799832564249 -5558.975377757452 -40.831902503831806 41.7504633157056
39627775681762006 -2666.4483891951018 -45.50775759508811 -17.93433703811929
39627787761354583 -4007.0502095487764 -59.36462981731887 3.774362110174082
39627793805345593 -4356.443566839759 -78.79793351961752 20.330917587416714
39627769641960053 -3738.338313481212 -50.59340437740866 -47.601366713500894
39627793788567898 -4388.475558652572 -1.27078414663932 19.346986750923367
39627751497400954 -3663.4932398869664 45.837278840966114 -88.78445788751604
39627793784376408 -3967.019350104503 7.088014479761604 20.90709060050259
39627751484820976 -4931.461532241211 114.16642188442972 -121.74949108032298
39627763560218870 -4988.009599911902 151.2104846588622 -80.07727966596134
39627763560218932 -4962.250374337547 150.1033567104049 -80.411308051434
39627757558169702 -6347.035639169668 -55.77855324719236 -145.47059218850274
39627751505792548 -3987.4169766069235 4.989394700821087 -106.54685810113656
39627751489016302 -3986.8551860062557 72.01823033349314 -106.22015343963596
39627751489016249 -4426.822630875272 80.1418097560171 -116.85707741908189
39627763560220916 -4750.8353684862495 135.43360863552934 -74.86397993591892
39627793805346348 -5374.481130470869 -100.92193049606799 17.235641734799923
39627745461797920 -4662.908981814303 37.403624165982826 -132.8388941426047
39627751501597993 -4195.819086174469 26.741129050955042 -118.03418144249159
39627769641962822 -5939.046616429131 -93.03062727012859 -81.13574178611474
39627751505793725 -3880.91707526747 1.4331662052246112 -109.73523083808664
39627787736191523 -4608.309797576196 41.13440961155255 8.38904601706152
39627793805346202 -3261.7836192444315 -60.79615158078309 14.9961142976992
39627757524618998 -3771.707506075201 85.62926839978815 -89.99263205824182
39627751497403611 -3816.7313730448827 38.96646402616913 -104.2315864358119
39627793792764354 -4122.819615674381 -25.697767413427414 21.519914371917242
39627805851389364 -6007.986832680192 86.61531290699253 71.15073191599764
39627799824173553 -5479.884259238331 14.226443710211791 54.705645643540805
39627751493208898 -6191.096681696374 92.28766339830601 -152.52802202486887
39627805838804260 -3848.7389270865797 112.89558628233705 58.29808891200359
39627781704778199 -5458.132911725055 21.972395017314234 -14.542500119025968
39627823970781818 -4216.518490075302 64.09222685350309 107.62305909331343
39627787711025065 -5185.046131331609 187.81285982941432 10.121357727847586
39627793755014081 -2850.6442541217857 97.08332933228746 16.344899472419076
39627775635621422 -2910.6945691588976 98.85912073534604 -27.23356918248541
39627751514177615 -4708.663385580089 -20.8579264521424 -120.1503838976967
39627751493206220 -5322.46154356065 92.14542382407866 -148.6278692985144
39627775635620446 -4962.311482211274 171.63476630173483 -50.82907310064905
39627751509987377 -2663.4719697913597 -8.850646793804794 -65.88283729372797
39627769595824069 -4566.306792641997 153.34956363620364 -57.17817594620002
39627793788569304 -5697.791901835058 -8.098042115885912 30.613736815711487
39627787715215537 -6366.813179163167 221.7762838291342 -1.3499973769380522
39627775635621941 -4216.79750996895 141.78181542102442 -35.70154532888119
39627787715217401 -3505.0386433523345 117.39457775792356 2.253851010186476
39627781675417751 -5216.778108176387 181.69659606349873 -26.80769747471088
39627787715215997 -3911.1856128683303 135.10972842313188 -0.3400654279298953
39627751493210734 -4229.563739139714 55.627155970504376 -113.89659825233934
39627757524615782 -6537.8261858678825 167.79377079272945 -152.59156869302814
39627751497400657 -5977.913941491723 76.4475787352471 -163.48152180189894
39627757520423526 -5744.847022065866 159.71354766458896 -115.7954004298721
39627751489014864 -5878.374642711929 113.34662100975301 -148.5665240381725
39627751509987206 -3393.465741894034 -10.795569730170378 -83.06761586277075
39627793809539356 -5196.390227851502 -114.68124888388182 21.43098854522415
39627751509986996 -6205.136257287371 -18.786222487836934 -163.95161181402617
39627805872360328 -3910.9570335141084 -26.710463572328315 53.58425134565675
39627793796959797 -4306.896107258569 -49.932543919461985 15.900377735123445
39627757549784295 -4053.975227334099 -10.703969210134725 -84.18505035952035
39627769608408642 -3951.90321711426 75.82236205411218 -48.75653651002206
39627811891184855 -4329.035635342844 70.18388977285545 67.29691336971588
39627811899573599 -3287.6952497527336 24.713618283509593 59.263655924828534
39627805863968872 -5181.878660113702 22.33776457468867 59.12948349841019
39627817930985471 -3895.0388220138993 53.10861918415427 83.99574524937313
39627793775987000 -4271.651333706136 46.84265524288494 19.59949489759753
39627769625187742 -6266.424301090377 3.169407459871075 -81.32626491133952
39627781696392224 -5584.802458682886 58.181194697068605 -15.082332095744253
39627805863969337 -5188.063579821621 20.54992302168817 66.7041931889648
39627805855580697 -5622.898897327751 71.5522942842566 75.04681010633814
39627817956147264 -3343.553641024041 -29.277886126099435 72.10452744962748
39627793796960820 -3582.4969367723934 -44.435432176378285 16.491025807151285
39627793796960779 -3585.841471836151 -44.39371845926299 16.453595959217825
39627811899573635 -5352.251412655903 40.032921386037856 95.65067248815721
39627769604211057 -4849.295689590597 125.7030325197003 -68.08602085906026
39627775652399892 -4849.777434289637 73.91336966215705 -50.870057224160426
39627799811589874 -6400.593744623571 101.94517049519858 52.94428157255922
39627805876552481 -4048.119721987536 -37.75148839000912 46.910030195321596
39627787740384554 -6491.072867650929 40.20945603878486 10.750442764439745
39627787744580983 -5325.037534857022 1.7192963705318922 10.127435926062928
39627805855583399 -4690.817830097811 50.26136576126292 57.285009978841885
39627751501595199 -4583.5097560410195 38.15165724775374 -124.55659546026709
39627769641962145 -2343.0765013427117 -35.53410826591376 -29.880495855628073
39627799840954088 -6021.127632460712 -103.23508444919399 41.39505793996763
39627793767600271 -4443.489366423423 79.37256966430319 23.61099825786203
39627787765548736 -4826.469863541469 -92.14633919862605 -1.9292610851014576
39627787715218256 -4004.0058944934476 131.40554269588026 -0.6918937057364785
39627781708975524 -4785.221913637311 -11.308258664030316 -19.664919226509234
39627799828369519 -4542.4703839684935 -13.720836797693961 33.05520532304049
39627805876555747 -5002.332186713931 -57.70334756833112 69.64196530214286
39627793801155491 -6869.507874252835 -119.37122340929876 44.53372233699125
39627763572805973 -2337.69393709081 32.38994194984227 -44.26596793724267
39627763589581954 -6028.907646766043 -14.253377260566188 -95.91493589192093
39627757528810649 -4261.930645209015 88.85003407297616 -87.32739948436378
39627757533004075 -4236.0954297775315 72.99482649127783 -94.02723362100905
39627775660789273 -4116.662704937019 24.793620850293713 -37.52153141285375
39627757553976687 -5953.703170879091 -33.5272336331702 -129.54303195559788
39627793792766702 -6337.974348235406 -49.79864000567639 36.898263164903064
39627799845145094 -5019.99500931911 -96.24286501816471 35.38557079906537
39627775685953287 -5893.626495807193 -111.64242858568127 -58.73037964615727
39627775685953721 -4437.178238008815 -85.7635731303198 -40.02277850691083
39627775685954126 -3769.041996071195 -74.09869696984151 -31.98023200457014
39627763602162546 -5631.884922439963 -77.55434783894931 -97.62377393047191
39627793796960628 -3166.0095148068754 -38.84234287175934 20.55427594664792
39627751509985294 -4655.94006999395 -7.487177309057428 -115.65597571113868
39627811916354867 -5961.065924850111 -77.67132983749761 106.27101833098348
39627781725753745 -4179.120254639604 -89.50971383139084 -20.500678582572263
39627751509983346 -4790.7499835135 -0.3878224896489759 -121.10641422550118
39627799840953599 -2551.085888090501 -43.003816086758754 23.135654367369227
39627757549785722 -5799.729705342399 -22.68734252486134 -132.3344512558088
39627793780181416 -3297.717364502084 21.732923969735772 7.965840201965703
39627805851387587 -3460.4377067112764 54.826914399893965 51.826569194346625
39627793780181565 -3921.1146422831675 25.25795300005856 9.043905072720767
39627757558169787 -5060.988864114607 -44.81102916239696 -119.97556966083047
39627799840953397 -4051.355579649916 -67.78783858447136 36.689314492707524
39627751501599928 -3743.712902718908 18.38956218946438 -102.5083617032033
39627769600019500 -4650.401242866138 131.18355750574221 -64.71640875823167
39627757562364003 -5819.06883301016 -76.45536977225368 -115.94994927259029
39627757558171872 -5522.213541484356 -59.317862148021575 -119.8510010909558
39627757558174294 -5420.514350227032 -69.80396255946604 -109.3080826186647
39627799840951124 -3378.4101101680444 -50.88926467014154 25.593781433169607
39627751501600276 -6364.37483528614 29.611186440029638 -175.7458299594267
39627793784374687 -4059.962263809166 13.050239526284917 21.67311903774489
39627751514181736 -4728.392960409516 -40.23907996022624 -114.35280310591008
39627751509983799 -5986.387542021131 -2.6464567864981237 -165.67468728141878
39627793780180839 -2784.631328331171 19.763243203089367 6.124256951659081
39627751493207269 -3736.7276771239262 61.24199785283469 -95.35398415637786
39627757562364479 -5928.919965423824 -80.48926491294856 -118.61888045814072
39627757558171630 -6839.655270480325 -72.12257112605428 -160.32655222797385
39627757562364330 -5304.087807885557 -71.29967711136042 -111.23602123032552
39627751509984676 -5039.0381578927945 -5.668084933794596 -132.40095099150997
39627775685954823 -4152.431398650746 -84.14552191057757 -37.25499826495809
39627775685953823 -5067.956873591815 -98.35816247893 -53.106218015868436
39627769646156000 -4332.507849357009 -83.3181239755741 -50.76539606219407
39627769646156495 -4387.035694860263 -85.9101301383223 -48.75059773467046
39627769646156952 -4687.914523978988 -93.32089226909585 -53.084378138027745
39627751509985222 -6112.893716143639 -9.536585256203367 -161.66114805237765
39627769646157065 -4351.73653385179 -87.04085880952297 -49.189516935633364
39627793805347915 -6346.53894793801 -128.1727837602761 19.68967056547761
39627793805348072 -6374.321713817222 -129.71183076507359 19.64236325683759
39627769646155744 -2336.48133359112 -44.49557860205687 -30.46815677954125
39627823987556529 -4486.892997940689 -0.5151559573697035 117.12680248776914
39627787769741469 -4843.003874010664 -106.1782235615009 -6.3416747821251365
39627805838804906 -6456.836802763227 185.6325948640777 81.84681240448427
39627799845144459 -5552.063233980829 -103.82215857826112 59.601119382265225
39627751509984641 -4510.897918242494 -4.922704006900903 -112.47547048516928
39627823983364841 -4157.886087051657 7.823945938070571 112.81263248908073
39627823983365077 -4705.838957737368 7.820935258474571 126.23373387025461
39627793805348071 -5078.950234313896 -103.34494967450233 30.521969048593583
39627781725752995 -5917.354638164759 -123.05378517289701 -33.45196242593887
39627805884941183 -2620.56355003083 -47.47626990138527 31.72429896123076
39627787765551728 -4847.985382137169 -105.28128263963367 -1.7653649545428052
39627787765551397 -5448.6096488914745 -116.71132933619562 -2.7075534859526345
39627775685954927 -4165.184885008308 -84.7469452780567 -28.82646575734467
39627811916354247 -4042.8546596286333 -50.78337451645059 77.81995581913182
39627811916354680 -5498.044726436321 -70.87234045185279 105.22158220653547
