create_files/QSO_13_clustering_data.ecsv
# %ECSV 1.0
# ---
# datatype:
# - {name: TARGETID, datatype: int64}
# - {name: X, unit: Mpc, datatype: float64}
# - {name: Y, unit: Mpc, datatype: float64}
# - {name: Z, unit: Mpc, datatype: float64}
# schema: astropy-2.0
TARGETID X Y Z
39633162707405469 -1294.9706231403177 -3087.220357202621 3325.661868174537
39633149738618364 -1075.004477217001 -2677.0960420384095 2785.2382016880933
39633149738618865 -1067.2761534165531 -2663.2864481638135 2771.019628061412
39633166989789970 -1564.7617825254843 -3591.3937531532583 3924.90404166284
39633166973011812 -1442.489272124103 -3091.8883570254243 3398.98586856747
39633154079722194 -1201.1460952186833 -2938.854036447689 3101.7044210648883
39633118772070169 -1354.0891409681967 -2872.0831369640878 2884.710995612821
39633123243198508 -1319.172903072274 -2801.6344068921258 2829.1870764808164
39633118784651463 -717.2271301504047 -1582.6020237022785 1579.049274744326
39633158370493444 -736.4147491649112 -1561.1089798760781 1700.0819503911748
39633166977207608 -1303.1848636858974 -2852.634631683605 3126.3426346404785
39633127718521910 -1400.963355066228 -3271.210685719345 3299.6491188399964
39633158391467944 -850.8135286340804 -1979.1892325357812 2123.601283756007
39633158370495685 -1486.684311431606 -3178.0641753941704 3442.359251863326
39633158366299851 -1318.9003930578788 -2759.066880227611 2996.173665105598
39633136568500328 -1268.4442636026258 -2902.458848724457 2982.840004760421
39633123243197174 -1666.3557516888995 -3522.7767241466963 3569.8087173106346
39633158391466634 -1619.6765862796808 -3748.213001247761 4023.233879808017
39633158366301584 -1669.9891510642165 -3516.7016570360565 3817.0163799319907
39633132130929492 -1491.069760714456 -3200.2480054299654 3290.211042476759
39633158366300165 -1618.1841028264753 -3388.61568620345 3678.9303336488224
39633158395658407 -1467.5955534932948 -3419.261819877081 3642.6760424710565
39633158366300306 -1622.7327399758306 -3399.9058792255373 3690.1223979679444
39633118780460905 -1241.0885227378703 -2735.1562520449256 2733.6072146747097
39633145326209619 -1182.8532974887082 -2465.454457780956 2613.5630820600522
39633158366301039 -1395.0727080653865 -2931.252973883146 3182.786833099707
39633136576889820 -1209.6549708023124 -2870.8589589564745 2920.0522003783794
39633154067136861 -1086.185272992044 -2501.474085632157 2646.8786979779698
39633158391466226 -1235.8563200418496 -2855.61467128804 3061.09855657223
39633158395662497 -1098.310183356341 -2600.395444810377 2775.5184598532246
39633158391466607 -866.3369672315179 -2004.6828165749555 2152.1482808964156
39633140955743034 -1967.0421886221113 -4284.069477818427 4490.268671043576
39633136576889493 -1450.1270486894243 -3436.6580716930994 3508.422096328143
39633118801432195 -1925.9379166985761 -4593.208082061304 4543.026354975337
39633132151898624 -1355.6885398573245 -3120.470890658595 3171.6344266871124
39633123251586442 -1702.8691143828673 -3723.0044719259977 3755.7918389935626
39633123259974814 -1759.199375208319 -3964.7224374746224 3988.3862271156004
39633127710131031 -1678.747159858162 -3763.5796313621063 3794.305523842434
39633149696673157 -1847.0705939783127 -3872.8203537852896 4133.017899314431
39633127714325559 -1044.846014041963 -2381.242716919632 2401.044567989889
39633140951550009 -1525.3908712306584 -3287.0238938713087 3431.643856770772
39633140951550418 -1822.8520022579035 -3934.1832997132774 4105.3383730170535
39633158391466320 -1117.7441911629658 -2583.6534224661596 2765.4804662344336
39633140980908886 -1142.4139725182858 -2743.757459307036 2830.7242789123766
39633118788846769 -1361.5524867974066 -3063.431581559929 3033.4846353301227
39633132164482397 -1224.596889837257 -2975.773916458204 3011.1811117662182
39633140938968061 -1193.3014991590262 -2466.505727915837 2595.4222248330684
39633136576889288 -1149.2823988721063 -2721.4758201196214 2776.436845613087
39633158387270502 -1714.2032158324969 -3874.6865201279575 4180.893455363163
39633158391464763 -1389.381091376343 -3191.5453990481656 3431.7264556684036
39633127718520570 -1754.1737424686576 -4075.001017032105 4086.6634469292244
39633118784652110 -1626.325416137248 -3596.1679145357325 3581.992189340549
39633158383076406 -1472.7398069552146 -3274.9799423442237 3516.1700373087965
39633162694822648 -1307.6956826906646 -2964.219529542001 3215.0685043592302
39633114296746917 -1318.8069055276128 -2977.9540091739836 2941.5933546812144
39633123259975673 -803.6066438546145 -1817.3320155421668 1823.3884540625822
39633127705938850 -1903.8310204821382 -4232.926232092509 4289.907853863686
39633118780460735 -1772.0436289986762 -3903.0683542402026 3891.051287490456
39633123259974560 -1502.907142438805 -3383.2101498736283 3402.6548505989645
39633123255783373 -1464.0669152963444 -3281.140110090503 3294.310865837698
39633149705062248 -1135.5209708036764 -2460.405052756836 2615.5638189854276
39633149705062422 -1128.714953910122 -2447.247698712883 2601.008423327559
39633154067139096 -1444.961745196028 -3358.9959179376206 3571.3965308306388
39633123255782459 -1503.6269963720451 -3358.4170015526997 3378.8847652930876
39633123255782051 -1612.6926198912597 -3596.353924246633 3597.887469289109
39633123255781980 -1505.1622249983263 -3355.831172839227 3370.7038108077545
39633123255780802 -1242.0005488981433 -2757.540646359268 2764.2414294735713
39633149705063238 -1874.6202130759632 -4078.037880305053 4325.674854916792
39633118776263569 -1724.6477550157363 -3697.8716695697185 3718.6840043417446
39633132147705626 -1495.950865055489 -3407.23766409749 3474.910379355838
39633127684967576 -1825.1172920914278 -3765.1961852872378 3881.4079215831885
39633127697550850 -2111.68423486439 -4559.76881898481 4662.659376236584
39633162694821236 -1710.237425799906 -3854.827252454648 4185.837218467349
39633127684967567 -1695.1734304175836 -3496.9862428044785 3605.210720030826
39633132143512909 -727.9921340786674 -1641.8710411259178 1667.7258458747851
39633132135121304 -1538.5861728380955 -3321.4659663939246 3409.7239112728466
39633132135121252 -1518.9721407867967 -3278.5362263282645 3365.789159846956
39633132135121142 -1218.0918271624728 -2628.09627178588 2698.163696716598
39633123268366245 -1585.8289769701073 -3732.0906509534093 3718.337535158191
39633140955744264 -1599.0412183021567 -3499.175397120023 3665.900391808172
39633123264171343 -1469.684513359294 -3398.487920131999 3403.4556979026856
39633132118347237 -2149.0226872374183 -4415.8106401846 4576.687528599456
39633154058750409 -1129.01143684285 -2537.350094179799 2709.019610029145
39633114296746670 -1768.553389572436 -3989.332817265518 3940.404867373952
39633123259975634 -1859.307021845134 -4204.023079264696 4215.810923096219
39633123255780227 -1661.9232494574708 -3682.3981519894573 3685.9456729109643
39633123247394507 -1042.7019880337791 -2257.9815528877475 2285.4405227214297
39633145338793678 -711.1719593883804 -1559.1917138629467 1644.8087411330725
39633123251586997 -1678.7342632634425 -3678.894965538293 3701.7867039117127
39633145326209697 -1127.1569553097906 -2350.0213547374606 2503.1877044751127
39633149713450706 -1579.7423761354949 -3536.825948094106 3756.276959504362
39633154067136932 -954.0075642783878 -2197.7945011390543 2332.968785847096
39633154067137181 -1114.144621919201 -2569.7038093294946 2725.0594901645027
39633154067137411 -1455.3459195497962 -3360.326777160573 3569.683402730255
39633132147707056 -1570.3954572976138 -3601.8176680890892 3649.135222138603
39633154067137454 -1325.940180546209 -3062.0668051810817 3249.7129519202635
39633140955742260 -1673.1963722978626 -3633.0262177777536 3787.569866421697
39633136543337395 -1598.9313425821713 -3367.0792963468466 3506.0947051955854
39633127710132100 -1330.845945083167 -2996.945070405767 3020.5248642836905
39633123255780094 -1396.9550196112298 -3094.013319677311 3100.809988932959
39633136543338298 -1615.5051413175083 -3412.9042614160408 3537.296790920878
39633127710133097 -1478.6561456223333 -3341.5691788890326 3379.7922498448143
39633158383077699 -1661.9280619741103 -3712.006119863554 4012.7364769794444
39633132139318367 -973.5120092413306 -2157.1903373969913 2208.5031808493077
39633127710131987 -1490.2123656131919 -3354.20779156518 3406.8992636875814
39633158387272703 -1185.354958314734 -2705.1418280340445 2901.4713800145582
39633158395660807 -1204.0020185580345 -2831.4502314455676 3017.4066163423818
39633162690627105 -1197.896904273924 -2658.3124743937856 2890.683941909988
39633145326210532 -1295.987917538909 -2711.531032026794 2864.9736481513464
39633132135123364 -1692.6663739536286 -3679.203917957069 3784.092642305382
39633140980908853 -1608.2358872603875 -3862.065350919859 3984.1053610634435
39633118788849063 -1159.5257120183178 -2634.803128522738 2608.1141698999472
39633162699014968 -1315.8970625934435 -3008.5194835443094 3242.720001645725
39633162690628440 -1350.4235005181565 -3013.2658427190845 3277.713104354706
39633136547531468 -1504.13170052192 -3208.420861267599 3321.4369452739816
39633123259976923 -1900.634615539691 -4319.317992002548 4318.159301754504
39633132160287521 -1558.1404636792333 -3711.4127031979024 3761.387743402933
39633140943161369 -1569.7282898358512 -3283.0377620348863 3464.610905465692
39633158395660699 -1251.7365210111257 -2942.117565850523 3141.4256907057934
39633158395660858 -1049.9865799246486 -2469.8064925860403 2637.8035729766425
39633158395660680 -1188.5309616716293 -2793.404517865967 2983.584596287977
39633158395660752 -1386.3664566780246 -3259.5203554816712 3482.3995665850653
39633118788846089 -1217.1110967147322 -2731.301922611265 2712.0140815702216
39633118793040651 -1662.8038166772883 -3795.5017285413164 3767.453346152297
39633132143512797 -1559.0618951748813 -3514.682642414213 3575.512898681532
39633132143512703 -1485.3553725674385 -3347.29300407683 3411.5089557065453
39633140943161414 -828.7417433477003 -1733.5665613424926 1830.737317986271
39633118788845714 -984.1563673616273 -2205.5708360478147 2189.074933507477
39633118788846606 -1682.1969373357879 -3782.1001087144327 3758.190087648896
39633132143512196 -1655.5111951990011 -3722.7538608292784 3802.01743141817
39633132126733608 -1330.4736896270779 -2797.1108398089664 2900.2457225630546
39633132130927616 -1420.4777118610632 -3026.9938945189556 3122.3272266229565
39633149705062500 -1433.456794698504 -3108.9302335070092 3305.1220624428215
39633123268366146 -1811.6173722231265 -4261.381998843191 4250.456954788902
39633136543336308 -1840.5267115703364 -3859.7955092408956 4006.7655929819252
39633127714325082 -2030.4710245699157 -4619.136985348845 4648.714596008718
39633154058749062 -1634.37006441602 -3654.1548391667015 3898.1088472495144
39633127710133106 -1581.9203716519964 -3574.9928334008832 3619.789369024503
39633127710131341 -1397.3371942706278 -3136.893612860596 3162.14499670291
39633140955742433 -1345.1711604420882 -2922.7767011119113 3047.816211004853
39633123259974386 -1784.13518326792 -4013.695553186223 4013.050047420808
39633118801431723 -1133.8036612859628 -2698.9081735486 2670.1324863455898
39633132147704473 -1845.0741373792087 -4182.409313074037 4249.770412408576
39633136534949160 -1695.597147493443 -3469.924990807293 3623.80060375298
39633158383075675 -846.4285301494118 -1877.3213406598504 2031.368035851015
39633123272558566 -1462.1219573168844 -3471.505878346982 3447.426425187427
39633123272558419 -1148.8954280914716 -2726.3944076673192 2703.3352313690516
39633118784652061 -1581.6613378425461 -3496.8923647262595 3483.837314367715
39633145338790111 -1473.5335555276843 -3187.011757720298 3360.906533670381
39633127705939980 -1497.275416672014 -3341.8619814888452 3384.6507551396085
39633136568500357 -927.4335064486631 -2122.4451503543632 2172.492757943497
39633118793040319 -1698.8691178797428 -3873.1844482168854 3842.752705052712
39633127710130302 -1001.622242361853 -2238.7533370108385 2267.4669582472043
39633158387273355 -1362.1286119602346 -3116.2367465964326 3344.73185592983
39633154041971124 -1250.574503341786 -2614.7431142162222 2812.1582776549185
39633158387273217 -1032.976065309707 -2362.022025743874 2535.8871401908477
39633118801428778 -1827.6335771465408 -4300.289698208269 4260.847736749933
39633136576891889 -1888.8697815281992 -4526.191857152343 4620.517631006226
39633154054555212 -1362.0460162489394 -3000.291770470831 3208.5666221439055
39633140951550176 -1721.5253761567292 -3712.2975397097794 3894.1913435392967
39633154054555785 -1146.8895584436625 -2532.554545908858 2703.0943931784177
39633162686434565 -990.2587945211832 -2174.986217036812 2361.7402027216767
39633154071334289 -1706.9725292985217 -4042.815143332229 4292.7466533453735
39633118776266041 -1093.5939865824707 -2364.679940645039 2369.7035904083587
39633132118346912 -1519.1461089150307 -3117.2175454930375 3221.001002198158
39633136581086041 -1567.8813428636242 -3815.493925942736 3865.896437287555
39633136539140608 -1722.9777273885588 -3539.587213959003 3691.5725632893214
39633136539140632 -1322.9344284604888 -2718.1451487961835 2847.8772978395964
39633127714326081 -1701.1890695296986 -3885.8843167170126 3937.176916280882
39633123259974290 -1339.9549838560497 -3013.414697169812 3021.7585113045748
39633123259974387 -1833.8773366824498 -4125.656843092452 4137.002906393307
39633132151901154 -1327.783327071328 -3086.5013458708722 3144.4181597690836
39633154046168252 -1319.5381150497742 -2830.093280556646 3032.965873841145
39633114292554276 -1901.781622876014 -4253.647324205303 4207.88034720843
39633123243198785 -1955.6715784636954 -4157.950661557025 4227.528213689373
39633136572696395 -1280.7885074291974 -3000.6570234883893 3056.7157935877503
39633118784655699 -1365.9336599149253 -3059.0788666913136 3054.8767924999306
39633140955743068 -1632.2516594294075 -3555.518209616948 3702.80593400422
39633118788845606 -1122.4575381316351 -2514.709170666461 2510.5751612797994
39633145351377481 -1167.2779875581236 -2687.3785181459257 2815.2973268684495
39633132160289777 -1317.5260205194422 -3171.0507848155466 3193.551089561475
39633132126735225 -1361.5266487211052 -2880.2456920967734 2976.0263129869218
39633154075527551 -956.089793594789 -2295.687292451683 2414.442322681922
39633132126735446 -1988.6576794657856 -4210.816327683751 4350.210894623417
39633145326207755 -1401.0841844393426 -2898.3986397143253 3077.9657366645642
39633158366302087 -1345.9422866007553 -2839.6893631913063 3081.0145067657863
39633132126734974 -1652.0369916331445 -3491.678662129891 3601.270462163758
39633127722716074 -1564.0480654258095 -3711.184188070303 3732.7578645957105
39633158391466715 -1473.3256607935286 -3410.6075355634753 3637.1728094226523
39633140955743373 -1361.0905627523377 -2968.6031159280165 3088.036551663604
39633127714326692 -1573.2295343308303 -3604.009657687799 3649.66378047845
39633132126734819 -1269.3920001276217 -2681.3526944635587 2769.943865414095
39633158378882143 -1141.1870804297405 -2496.223331420296 2703.394197727996
39633132126735082 -1332.9066113213769 -2818.394972334596 2916.3436364541535
39633132126734877 -853.0889618873548 -1802.4017561495345 1864.6014930784265
39633136581083746 -1202.4276721490705 -2898.55149229932 2958.728168500973
39633145326208915 -1387.9024222348728 -2884.4821139552732 3076.7573184422013
39633123251585381 -1638.7713718488787 -3567.3754755905284 3597.23361589647
39633118780457906 -1343.9927038448354 -2927.6002057233177 2926.2802662185923
39633154037780285 -1820.8709996698622 -3796.267982774426 4117.817901130222
39633149721838046 -1266.5666208641173 -2912.320250555157 3053.9402723635876
39633132126733790 -1110.9930666482942 -2337.2598042337413 2416.5923268931056
39633149717646676 -1111.7448336729215 -2544.9943824433567 2674.9457640541013
39633123259976938 -1319.2283256768335 -2998.23521000196 2994.8676452325667
39633123255780004 -1643.5556721788942 -3639.0460972409264 3661.8987245338485
39633145342987881 -1465.6255950514942 -3268.001179672826 3435.6304853778133
39633118784653150 -2004.3993741135794 -4448.4883798538785 4449.722360884524
39633140955744411 -1437.1508768332067 -3146.3843087825016 3276.7709898395356
39633154062943938 -1023.995147333522 -2332.1404924371177 2485.933040720671
39633158387272904 -1065.9725055792935 -2434.6503052669423 2601.912719151792
39633162690628780 -1385.161382892767 -3094.8154193095024 3348.4334418880107
